CollarSerialNumber,Year,Julianday,Hour,Minute,Activity,Temperature,Latitude,Longitude,HDOP,NumSats,FixTime,2D/3D,Date
039953,22,165,00,00,00,+32,+38.07020,-109.56552,00.9,07,038,3,2022-06-14
039953,22,165,02,00,00,+29,+38.07019,-109.56564,00.9,08,041,3,2022-06-14
039953,22,165,04,00,00,+27,+38.07035,-109.56565,01.1,07,047,3,2022-06-14
039953,22,165,06,00,00,+25,+38.07016,-109.56565,01.1,07,039,3,2022-06-14
039953,22,165,08,00,02,+33,+38.07290,-109.56428,00.8,09,038,3,2022-06-14
039953,22,165,10,00,10,+41,+38.07311,-109.56365,00.9,09,038,3,2022-06-14
039953,22,165,14,00,98,+38,+38.07413,-109.56743,00.7,12,038,3,2022-06-14
039953,22,165,16,00,88,+40,+38.07607,-109.56867,01.0,09,040,3,2022-06-14
039953,22,165,18,00,66,+38,+38.07506,-109.56897,00.8,09,038,3,2022-06-14
039953,22,165,20,00,94,+28,+38.07367,-109.56375,00.9,09,038,3,2022-06-14
039953,22,165,22,00,84,+24,+38.07378,-109.56592,00.9,08,040,3,2022-06-14
039953,22,166,00,00,86,+24,+38.07389,-109.56674,00.9,08,038,3,2022-06-15
039953,22,166,02,00,46,+25,+38.07387,-109.56678,01.0,07,038,3,2022-06-15
039953,22,166,04,00,66,+20,+38.07375,-109.56678,01.0,09,039,3,2022-06-15
039953,22,166,08,00,98,+38,+37.99875,-109.59552,01.1,08,038,3,2022-06-15
039953,22,166,14,00,48,+43,+37.97439,-109.61719,00.8,11,038,3,2022-06-15
039953,22,166,16,00,60,+40,+37.97482,-109.61639,01.2,08,039,3,2022-06-15
039953,22,166,18,00,62,+41,+37.97056,-109.61826,00.8,09,038,3,2022-06-15
039953,22,166,20,00,88,+29,+37.97051,-109.61833,01.0,08,042,3,2022-06-15
039953,22,166,22,00,20,+27,+37.97047,-109.61846,01.0,07,038,3,2022-06-15
039953,22,167,00,00,60,+25,+37.97063,-109.61820,00.9,08,038,3,2022-06-16
039953,22,167,02,00,42,+23,+37.97060,-109.61823,00.9,08,039,3,2022-06-16
039953,22,167,04,00,32,+23,+37.97053,-109.61820,01.0,07,038,3,2022-06-16
039953,22,167,06,00,82,+25,+37.94996,-109.63505,01.1,08,038,3,2022-06-16
039953,22,167,08,00,90,+39,+37.93344,-109.66694,00.8,09,038,3,2022-06-16
039953,22,167,14,00,98,+43,+37.87023,-109.70392,00.7,11,038,3,2022-06-16
039953,22,167,16,00,64,+44,+37.87022,-109.70396,00.9,10,038,3,2022-06-16
039953,22,167,18,00,86,+44,+37.86989,-109.70276,00.9,08,038,3,2022-06-16
039953,22,167,20,00,98,+28,+37.86887,-109.70194,00.9,08,038,3,2022-06-16
039953,22,167,22,00,66,+29,+37.86706,-109.70211,00.9,09,038,3,2022-06-16
039953,22,168,00,00,50,+25,+37.86714,-109.70205,00.9,08,038,3,2022-06-17
039953,22,168,02,00,70,+29,+37.86657,-109.70207,01.0,07,038,3,2022-06-17
039953,22,168,04,00,44,+30,+37.86651,-109.70205,00.9,08,038,3,2022-06-17
039953,22,168,08,00,82,+36,+37.86962,-109.70123,00.8,08,038,3,2022-06-17
039953,22,168,12,00,38,+41,+37.87006,-109.70232,01.1,08,038,3,2022-06-17
039953,22,168,14,00,90,+40,+37.86990,-109.70280,00.8,10,038,3,2022-06-17
039953,22,168,16,00,82,+39,+37.87010,-109.70249,01.0,08,038,3,2022-06-17
039953,22,168,18,00,76,+35,+37.86864,-109.70238,00.9,08,038,3,2022-06-17
039953,22,168,22,00,76,+31,+37.86675,-109.70272,00.9,09,038,3,2022-06-17
039953,22,169,00,00,56,+28,+37.86669,-109.70283,01.3,06,040,3,2022-06-18
039953,22,169,02,00,64,+27,+37.86690,-109.70261,00.9,09,038,3,2022-06-18
039953,22,169,04,00,58,+25,+37.86680,-109.70268,00.8,10,038,3,2022-06-18
039953,22,169,06,00,82,+24,+37.86808,-109.70247,00.9,09,038,3,2022-06-18
039953,22,169,08,00,88,+34,+37.86856,-109.70288,00.7,11,040,3,2022-06-18
039953,22,169,10,00,88,+33,+37.86998,-109.70325,00.9,09,038,3,2022-06-18
039953,22,169,12,00,94,+36,+37.86849,-109.70287,01.1,08,038,3,2022-06-18
039953,22,169,14,00,62,+39,+37.86737,-109.70272,00.8,10,038,3,2022-06-18
039953,22,169,16,00,82,+26,+37.86736,-109.70236,01.0,07,038,3,2022-06-18
039953,22,169,18,00,98,+25,+37.86729,-109.70321,00.9,08,038,3,2022-06-18
039953,22,169,22,00,94,+24,+37.86046,-109.70499,00.9,09,038,3,2022-06-18
039953,22,170,00,00,72,+24,+37.86039,-109.70505,01.4,06,040,3,2022-06-19
039953,22,170,04,00,52,+23,+37.86056,-109.70524,01.0,08,038,3,2022-06-19
039953,22,170,06,00,80,+23,+37.86016,-109.70485,01.0,09,038,3,2022-06-19
039953,22,170,08,00,80,+25,+37.86236,-109.70497,00.8,09,038,3,2022-06-19
039953,22,170,12,00,82,+29,+37.86837,-109.70327,01.3,07,038,3,2022-06-19
039953,22,170,14,00,94,+33,+37.86184,-109.70465,00.8,10,038,3,2022-06-19
039953,22,170,16,00,52,+41,+37.86201,-109.70468,00.9,09,040,3,2022-06-19
039953,22,170,18,00,78,+33,+37.86096,-109.70539,00.9,08,038,3,2022-06-19
039953,22,170,20,00,92,+26,+37.86170,-109.70630,01.4,06,038,3,2022-06-19
039953,22,170,22,00,84,+26,+37.86067,-109.70587,00.9,09,040,3,2022-06-19
039953,22,171,00,00,48,+20,+37.86060,-109.70588,01.3,06,039,3,2022-06-20
039953,22,171,02,00,72,+15,+37.85849,-109.70565,01.1,07,038,3,2022-06-20
039953,22,171,04,00,80,+18,+37.85845,-109.70606,01.6,06,040,3,2022-06-20
039953,22,171,06,00,80,+14,+37.85882,-109.70542,00.9,09,038,3,2022-06-20
039953,22,171,08,00,88,+29,+37.85881,-109.70508,01.0,07,041,3,2022-06-20
039953,22,171,14,00,92,+37,+37.87083,-109.70726,00.8,09,038,3,2022-06-20
039953,22,171,16,00,98,+36,+37.85747,-109.73385,02.4,08,038,3,2022-06-20
039953,22,171,18,00,94,+31,+37.85936,-109.73011,01.6,07,038,3,2022-06-20
039953,22,171,22,00,84,+19,+37.85789,-109.73285,01.8,05,038,3,2022-06-20
039953,22,172,00,00,80,+16,+37.85774,-109.73230,01.2,06,040,3,2022-06-21
039953,22,172,02,00,74,+19,+37.85764,-109.73234,01.5,07,038,3,2022-06-21
039953,22,172,04,00,80,+13,+37.85814,-109.73074,01.1,06,038,3,2022-06-21
039953,22,172,06,00,92,+16,+37.85829,-109.73215,01.1,07,039,3,2022-06-21
039953,22,172,08,00,82,+33,+37.85730,-109.73370,00.9,09,039,3,2022-06-21
039953,22,172,12,00,90,+38,+37.84566,-109.74836,02.0,06,049,3,2022-06-21
039953,22,172,14,00,88,+34,+37.84788,-109.74966,00.8,10,038,3,2022-06-21
039953,22,172,16,00,70,+40,+37.84791,-109.74961,00.9,09,040,3,2022-06-21
039953,22,172,18,00,86,+37,+37.84756,-109.74970,01.0,08,038,3,2022-06-21
039953,22,172,20,00,98,+23,+37.84529,-109.75168,01.4,06,042,3,2022-06-21
039953,22,172,22,00,92,+25,+37.85137,-109.74930,00.8,09,038,3,2022-06-21
039953,22,173,00,00,56,+27,+37.85171,-109.74952,01.2,07,038,3,2022-06-22
039953,22,173,02,00,88,+25,+37.84813,-109.74974,00.9,08,038,3,2022-06-22
039953,22,173,04,00,46,+25,+37.84812,-109.74976,00.8,09,038,3,2022-06-22
039953,22,173,06,00,88,+24,+37.84912,-109.75281,00.9,09,038,3,2022-06-22
039953,22,173,08,00,98,+27,+37.85232,-109.75243,00.7,11,038,3,2022-06-22
039953,22,173,12,00,78,+35,+37.84840,-109.74987,01.0,10,038,3,2022-06-22
039953,22,173,14,00,54,+34,+37.84908,-109.75334,00.8,11,038,3,2022-06-22
039953,22,173,18,00,92,+25,+37.84853,-109.74979,01.0,08,038,3,2022-06-22
039953,22,173,22,00,62,+27,+37.84540,-109.75234,00.8,09,038,3,2022-06-22
039953,22,174,00,00,48,+24,+37.84543,-109.75260,01.2,06,040,3,2022-06-23
039953,22,174,02,00,58,+23,+37.84543,-109.75229,00.8,09,040,3,2022-06-23
039953,22,174,04,00,36,+24,+37.84540,-109.75229,00.8,09,039,3,2022-06-23
039953,22,174,06,00,86,+23,+37.84470,-109.75219,00.9,09,038,3,2022-06-23
039953,22,174,08,00,98,+26,+37.84473,-109.75149,00.9,08,038,3,2022-06-23
039953,22,174,10,00,94,+32,+37.84483,-109.75215,01.4,07,040,3,2022-06-23
039953,22,174,12,00,78,+30,+37.84616,-109.75219,01.2,07,044,3,2022-06-23
039953,22,174,14,00,90,+32,+37.84503,-109.75132,00.8,11,039,3,2022-06-23
039953,22,174,16,00,58,+37,+37.84858,-109.75094,01.0,08,038,3,2022-06-23
039953,22,174,18,00,98,+31,+37.85083,-109.75308,01.0,08,038,3,2022-06-23
039953,22,174,22,00,54,+23,+37.84721,-109.75008,00.8,09,038,3,2022-06-23
039953,22,175,00,00,94,+21,+37.84529,-109.74991,01.4,06,041,3,2022-06-24
039953,22,175,02,00,52,+23,+37.84536,-109.75004,01.2,06,039,3,2022-06-24
039953,22,175,04,00,54,+25,+37.84532,-109.74991,01.1,07,038,3,2022-06-24
039953,22,175,06,00,78,+21,+37.84200,-109.75037,01.0,08,038,3,2022-06-24
039953,22,175,08,00,94,+30,+37.83887,-109.75120,01.0,07,038,3,2022-06-24
039953,22,175,10,00,66,+34,+37.83843,-109.75119,00.9,08,038,3,2022-06-24
039953,22,175,12,00,94,+34,+37.83812,-109.75279,01.3,08,038,3,2022-06-24
039953,22,175,14,00,78,+34,+37.83931,-109.75162,00.7,11,038,3,2022-06-24
039953,22,175,16,00,64,+36,+37.84833,-109.74919,00.9,08,041,3,2022-06-24
039953,22,175,18,00,74,+33,+37.84840,-109.76061,01.0,08,038,3,2022-06-24
039953,22,175,22,00,98,+24,+37.84878,-109.75647,00.9,08,038,3,2022-06-24
039953,22,176,02,00,90,+21,+37.84836,-109.74925,00.8,08,038,3,2022-06-25
039953,22,176,04,00,70,+20,+37.84819,-109.74925,00.8,09,039,3,2022-06-25
039953,22,176,06,00,64,+27,+37.84128,-109.75028,01.0,08,038,3,2022-06-25
039953,22,176,08,00,90,+33,+37.84075,-109.75031,01.3,06,042,3,2022-06-25
039953,22,176,10,00,46,+34,+37.84016,-109.75132,00.9,09,038,3,2022-06-25
039953,22,176,12,00,94,+30,+37.84051,-109.75431,01.0,09,038,3,2022-06-25
039953,22,176,14,00,90,+36,+37.84153,-109.75885,00.8,10,038,3,2022-06-25
039953,22,176,16,00,64,+36,+37.84846,-109.74911,00.8,08,039,3,2022-06-25
039953,22,176,18,00,58,+36,+37.84466,-109.75041,01.1,07,038,3,2022-06-25
039953,22,176,22,00,88,+28,+37.83859,-109.75086,01.0,07,038,3,2022-06-25
039953,22,177,00,00,36,+31,+37.83834,-109.75025,01.2,06,046,3,2022-06-26
039953,22,177,06,00,84,+25,+37.83868,-109.75349,01.0,08,038,3,2022-06-26
039953,22,177,10,00,46,+28,+37.83864,-109.75418,01.0,08,038,3,2022-06-26
039953,22,177,14,00,88,+31,+37.83878,-109.75849,00.7,11,038,3,2022-06-26
039953,22,177,16,00,74,+30,+37.84107,-109.76231,01.0,07,038,3,2022-06-26
039953,22,177,18,00,96,+30,+37.84626,-109.75105,00.9,08,038,3,2022-06-26
039953,22,177,22,00,84,+24,+37.83983,-109.75800,00.9,08,038,3,2022-06-26
039953,22,178,00,00,52,+25,+37.83977,-109.75785,01.3,06,038,3,2022-06-27
039953,22,178,04,00,32,+22,+37.83985,-109.75784,00.8,09,038,3,2022-06-27
039953,22,178,06,00,90,+20,+37.84086,-109.75756,00.8,10,039,3,2022-06-27
039953,22,178,08,00,90,+30,+37.84017,-109.75608,00.9,08,040,3,2022-06-27
039953,22,178,10,00,52,+32,+37.84007,-109.75607,00.8,10,038,3,2022-06-27
039953,22,178,12,00,84,+36,+37.84046,-109.75653,01.0,09,038,3,2022-06-27
039953,22,178,14,00,60,+40,+37.84024,-109.75681,00.7,11,038,3,2022-06-27
039953,22,178,18,00,88,+32,+37.84014,-109.75481,00.9,07,038,3,2022-06-27
039953,22,178,20,00,92,+24,+37.84181,-109.75368,01.4,07,038,3,2022-06-27
039953,22,178,22,00,90,+23,+37.84071,-109.75534,00.9,09,038,3,2022-06-27
039953,22,179,00,00,60,+26,+37.84063,-109.75557,01.0,07,040,3,2022-06-28
039953,22,179,04,00,60,+27,+37.84086,-109.75492,01.8,06,038,3,2022-06-28
039953,22,179,06,00,74,+25,+37.84070,-109.75399,01.1,08,038,3,2022-06-28
039953,22,179,08,00,86,+30,+37.84052,-109.75265,01.1,07,041,3,2022-06-28
039953,22,179,10,00,76,+40,+37.84067,-109.75374,00.9,08,038,3,2022-06-28
039953,22,179,14,00,86,+39,+37.84368,-109.75132,00.8,09,038,3,2022-06-28
039953,22,179,16,00,54,+42,+37.84700,-109.74956,01.2,07,038,3,2022-06-28
039953,22,179,18,00,84,+34,+37.84788,-109.74957,00.9,08,038,3,2022-06-28
039953,22,179,20,00,94,+30,+37.85286,-109.74625,01.6,07,038,3,2022-06-28
039953,22,180,02,01,56,+28,+37.84997,-109.74640,02.1,03,060,2,2022-06-29
039953,22,180,08,00,84,+30,+37.85512,-109.74834,02.3,04,038,3,2022-06-29
039953,22,180,16,01,88,+37,+37.87153,-109.78874,01.2,05,052,3,2022-06-29
039953,22,180,18,00,66,+36,+37.87239,-109.78919,01.0,07,042,3,2022-06-29
039953,22,180,20,00,98,+29,+37.87004,-109.78627,01.5,06,038,3,2022-06-29
039953,22,180,22,00,88,+27,+37.87153,-109.78947,01.4,05,038,3,2022-06-29
039953,22,181,02,00,80,+30,+37.86997,-109.78646,01.7,06,038,3,2022-06-30
039953,22,181,04,00,46,+28,+37.86976,-109.78622,01.0,07,038,3,2022-06-30
039953,22,181,06,00,92,+26,+37.86745,-109.78670,00.7,10,038,3,2022-06-30
039953,22,181,14,01,52,+35,+37.87036,-109.81838,00.8,09,050,3,2022-06-30
039953,22,181,22,00,66,+28,+37.87501,-109.81808,01.0,08,038,3,2022-06-30
039953,22,182,00,00,56,+26,+37.87472,-109.81826,01.0,08,038,3,2022-07-01
039953,22,182,02,00,50,+28,+37.87453,-109.81831,01.0,07,038,3,2022-07-01
039953,22,182,04,00,32,+26,+37.87437,-109.81803,00.9,09,059,3,2022-07-01
039953,22,182,06,00,98,+25,+37.87709,-109.81632,00.8,10,038,3,2022-07-01
039953,22,182,08,00,84,+30,+37.87694,-109.81533,01.2,07,038,3,2022-07-01
039953,22,182,12,01,84,+32,+37.86390,-109.82256,00.9,09,059,3,2022-07-01
039953,22,182,14,00,30,+30,+37.86467,-109.82326,00.8,09,038,3,2022-07-01
039953,22,182,16,00,80,+34,+37.87792,-109.80430,00.8,09,038,3,2022-07-01
039953,22,182,18,00,92,+30,+37.86297,-109.82921,00.9,08,038,3,2022-07-01
039953,22,182,20,00,78,+26,+37.86243,-109.82685,01.4,06,038,3,2022-07-01
039953,22,182,22,00,78,+29,+37.86299,-109.83106,01.3,07,038,3,2022-07-01
039953,22,183,02,00,52,+28,+37.86285,-109.83160,00.8,09,038,3,2022-07-02
039953,22,183,04,00,34,+26,+37.86287,-109.83142,00.8,10,038,3,2022-07-02
039953,22,183,06,00,88,+26,+37.86373,-109.82956,00.7,11,038,3,2022-07-02
039953,22,183,08,00,54,+31,+37.86380,-109.82981,00.9,08,038,3,2022-07-02
039953,22,183,14,00,70,+33,+37.85378,-109.84495,00.8,09,038,3,2022-07-02
039953,22,183,16,00,70,+34,+37.85531,-109.84673,00.9,08,038,3,2022-07-02
039953,22,183,18,00,74,+34,+37.84890,-109.84386,00.9,07,038,3,2022-07-02
039953,22,183,20,00,82,+27,+37.85462,-109.84371,01.3,07,038,3,2022-07-02
039953,22,183,22,00,58,+27,+37.84926,-109.84289,01.0,07,038,3,2022-07-02
039953,22,184,00,00,26,+27,+37.84915,-109.84326,01.0,07,038,3,2022-07-03
039953,22,184,02,00,36,+24,+37.84923,-109.84333,00.8,09,039,3,2022-07-03
039953,22,184,04,00,68,+25,+37.84916,-109.84265,00.9,09,038,3,2022-07-03
039953,22,184,06,00,78,+23,+37.85640,-109.83650,00.9,08,038,3,2022-07-03
039953,22,184,08,00,84,+27,+37.86170,-109.83753,01.0,06,039,3,2022-07-03
039953,22,184,14,00,64,+33,+37.86217,-109.83520,01.1,08,039,3,2022-07-03
039953,22,184,16,00,60,+35,+37.86190,-109.83599,01.0,08,038,3,2022-07-03
039953,22,184,18,00,58,+31,+37.85249,-109.84043,01.2,06,038,3,2022-07-03
039953,22,184,20,00,90,+25,+37.85072,-109.84860,00.8,10,038,3,2022-07-03
039953,22,185,00,00,38,+23,+37.85114,-109.84413,01.0,08,038,3,2022-07-04
039953,22,185,02,00,78,+25,+37.85229,-109.84348,01.0,08,040,3,2022-07-04
039953,22,185,04,00,46,+23,+37.85243,-109.84329,00.9,09,058,3,2022-07-04
039953,22,185,06,00,92,+28,+37.85177,-109.84423,00.9,08,038,3,2022-07-04
039953,22,185,08,00,76,+30,+37.85227,-109.84255,00.9,09,040,3,2022-07-04
039953,22,185,10,00,86,+32,+37.85144,-109.84152,00.9,09,038,3,2022-07-04
039953,22,185,12,00,72,+38,+37.85096,-109.84230,02.1,07,040,3,2022-07-04
039953,22,185,14,00,48,+35,+37.85073,-109.84192,00.9,08,038,3,2022-07-04
039953,22,185,16,00,92,+39,+37.84537,-109.85067,00.9,08,038,3,2022-07-04
039953,22,185,18,00,86,+36,+37.85219,-109.84902,00.9,09,040,3,2022-07-04
039953,22,185,20,00,96,+28,+37.85249,-109.84313,00.9,09,038,3,2022-07-04
039953,22,185,22,00,60,+28,+37.84906,-109.84359,00.8,09,038,3,2022-07-04
039953,22,186,00,00,54,+25,+37.84862,-109.84281,00.9,08,038,3,2022-07-05
039953,22,186,02,00,52,+25,+37.84906,-109.84323,00.8,09,040,3,2022-07-05
039953,22,186,04,00,28,+23,+37.84902,-109.84308,00.8,10,038,3,2022-07-05
039953,22,186,06,00,80,+23,+37.84794,-109.84255,00.8,10,038,3,2022-07-05
039953,22,186,08,00,60,+37,+37.84822,-109.83994,01.1,08,040,3,2022-07-05
039953,22,186,10,00,74,+32,+37.84846,-109.83921,01.5,07,038,3,2022-07-05
039953,22,186,12,00,84,+33,+37.84868,-109.84308,00.9,10,038,3,2022-07-05
039953,22,186,14,00,36,+35,+37.84915,-109.84394,01.2,07,040,3,2022-07-05
039953,22,186,16,00,64,+32,+37.84513,-109.85115,00.8,09,057,3,2022-07-05
039953,22,186,18,00,70,+32,+37.84906,-109.84348,00.9,09,038,3,2022-07-05
039953,22,186,20,00,98,+25,+37.84941,-109.84336,00.9,09,038,3,2022-07-05
039953,22,186,22,00,50,+26,+37.84937,-109.84320,00.9,09,038,3,2022-07-05
039953,22,187,00,00,42,+23,+37.84936,-109.84308,00.9,08,038,3,2022-07-06
039953,22,187,02,00,66,+23,+37.84988,-109.84093,00.8,10,038,3,2022-07-06
039953,22,187,04,00,48,+25,+37.84990,-109.84081,00.9,09,038,3,2022-07-06
039953,22,187,08,00,78,+31,+37.84950,-109.83864,01.5,07,038,3,2022-07-06
039953,22,187,10,00,44,+32,+37.84929,-109.83815,02.5,07,038,3,2022-07-06
039953,22,187,16,00,86,+27,+37.84995,-109.83665,00.9,08,049,3,2022-07-06
039953,22,187,18,00,40,+29,+37.85163,-109.83431,01.1,08,038,3,2022-07-06
039953,22,187,20,00,96,+25,+37.85360,-109.83573,00.9,09,038,3,2022-07-06
039953,22,188,00,00,40,+25,+37.85334,-109.83559,01.0,07,053,3,2022-07-07
039953,22,188,02,00,48,+23,+37.85329,-109.83728,00.9,08,040,3,2022-07-07
039953,22,188,04,00,26,+25,+37.85346,-109.83715,00.7,11,040,3,2022-07-07
039953,22,188,06,00,76,+24,+37.85516,-109.83391,00.8,10,038,3,2022-07-07
039953,22,188,08,00,96,+29,+37.85479,-109.83400,00.9,09,038,3,2022-07-07
039953,22,188,10,00,54,+34,+37.85490,-109.83404,01.5,07,038,3,2022-07-07
039953,22,188,12,00,86,+35,+37.85100,-109.84246,00.8,07,038,3,2022-07-07
039953,22,188,16,00,54,+33,+37.85213,-109.83650,01.0,07,038,3,2022-07-07
039953,22,188,20,00,88,+27,+37.85295,-109.83532,01.1,07,038,3,2022-07-07
039953,22,188,22,00,68,+25,+37.85326,-109.83497,00.9,08,040,3,2022-07-07
039953,22,189,00,00,46,+24,+37.85319,-109.83493,00.9,08,038,3,2022-07-08
039953,22,189,02,00,38,+27,+37.85280,-109.83482,00.9,08,038,3,2022-07-08
039953,22,189,06,00,98,+23,+37.85589,-109.83318,00.9,08,038,3,2022-07-08
039953,22,189,08,00,88,+31,+37.85389,-109.83353,01.1,07,038,3,2022-07-08
039953,22,189,12,00,78,+37,+37.85459,-109.83506,00.9,08,038,3,2022-07-08
039953,22,189,14,00,94,+42,+37.84574,-109.85080,01.1,08,038,3,2022-07-08
039953,22,189,16,00,56,+41,+37.84433,-109.85020,01.3,06,038,3,2022-07-08
039953,22,189,22,00,92,+25,+37.85062,-109.84438,01.3,04,038,3,2022-07-08
039953,22,190,00,00,40,+23,+37.85053,-109.84429,00.9,07,040,3,2022-07-09
039953,22,190,02,00,46,+24,+37.85103,-109.84438,01.0,07,039,3,2022-07-09
039953,22,190,04,00,92,+25,+37.85178,-109.84405,00.9,09,040,3,2022-07-09
039953,22,190,06,00,84,+26,+37.85291,-109.84272,00.9,08,038,3,2022-07-09
039953,22,190,08,00,76,+31,+37.85326,-109.84101,00.9,09,039,3,2022-07-09
039953,22,190,10,00,32,+37,+37.85319,-109.84135,01.1,08,038,3,2022-07-09
039953,22,190,12,00,96,+39,+37.85356,-109.84867,01.0,08,038,3,2022-07-09
039953,22,190,20,00,92,+30,+37.85364,-109.85168,01.6,07,038,3,2022-07-09
039953,22,190,22,00,62,+25,+37.85356,-109.85220,00.9,08,038,3,2022-07-09
039953,22,191,00,00,60,+27,+37.85332,-109.85281,00.8,09,041,3,2022-07-10
039953,22,191,02,00,44,+28,+37.85332,-109.85273,00.9,08,039,3,2022-07-10
039953,22,191,04,00,50,+28,+37.85331,-109.85272,00.8,10,040,3,2022-07-10
039953,22,191,06,00,70,+26,+37.85186,-109.85388,00.8,09,039,3,2022-07-10
039953,22,191,08,00,80,+32,+37.85213,-109.85298,01.1,08,038,3,2022-07-10
039953,22,191,10,00,36,+43,+37.85208,-109.85298,01.0,09,040,3,2022-07-10
039953,22,191,12,00,66,+34,+37.85559,-109.85294,00.9,08,038,3,2022-07-10
039953,22,191,16,00,88,+31,+37.85375,-109.85472,00.9,07,038,3,2022-07-10
039953,22,191,18,00,82,+31,+37.85427,-109.85363,01.0,07,038,3,2022-07-10
039953,22,191,20,00,98,+27,+37.85473,-109.85328,01.4,08,038,3,2022-07-10
039953,22,191,22,00,72,+27,+37.85320,-109.84898,00.9,08,038,3,2022-07-10
039953,22,192,00,00,38,+29,+37.85313,-109.84874,00.8,09,038,3,2022-07-11
039953,22,192,02,00,44,+27,+37.85320,-109.84898,01.0,08,040,3,2022-07-11
039953,22,192,04,00,60,+28,+37.85316,-109.84901,00.8,09,040,3,2022-07-11
039953,22,192,06,00,78,+28,+37.85801,-109.84693,00.8,09,038,3,2022-07-11
039953,22,192,08,00,96,+31,+37.85643,-109.84474,00.9,09,038,3,2022-07-11
039953,22,192,10,00,68,+34,+37.85674,-109.84481,00.8,10,043,3,2022-07-11
039953,22,192,12,00,94,+39,+37.85643,-109.84234,00.8,10,038,3,2022-07-11
039953,22,192,14,00,90,+40,+37.84834,-109.84889,01.1,07,038,3,2022-07-11
039953,22,192,16,00,64,+39,+37.84524,-109.85094,01.0,06,038,3,2022-07-11
039953,22,192,22,00,72,+31,+37.84594,-109.84172,00.9,08,038,3,2022-07-11
039953,22,193,00,00,74,+28,+37.84599,-109.84302,00.9,08,038,3,2022-07-12
039953,22,193,04,00,56,+29,+37.84579,-109.84339,00.9,09,038,3,2022-07-12
039953,22,193,06,00,74,+27,+37.84473,-109.84298,00.8,09,038,3,2022-07-12
039953,22,193,08,00,98,+30,+37.84357,-109.84461,01.4,07,038,3,2022-07-12
039953,22,193,10,00,76,+35,+37.84277,-109.84478,01.0,08,038,3,2022-07-12
039953,22,193,12,00,88,+33,+37.84506,-109.84568,00.8,11,038,3,2022-07-12
039953,22,193,20,01,92,+29,+37.84714,-109.84907,00.9,10,058,3,2022-07-12
039953,22,193,22,00,66,+30,+37.84716,-109.84913,00.9,08,039,3,2022-07-12
039953,22,194,00,00,54,+27,+37.84738,-109.84879,01.1,07,038,3,2022-07-13
039953,22,194,02,00,84,+26,+37.85058,-109.84716,01.1,08,039,3,2022-07-13
039953,22,194,04,00,84,+28,+37.85361,-109.84915,01.0,09,038,3,2022-07-13
039953,22,194,06,00,58,+25,+37.85602,-109.85095,00.9,08,038,3,2022-07-13
039953,22,194,08,00,96,+29,+37.84756,-109.86193,00.9,08,038,3,2022-07-13
039953,22,194,10,00,60,+32,+37.84727,-109.86156,01.0,09,038,3,2022-07-13
039953,22,194,12,00,96,+37,+37.85175,-109.85890,00.8,10,038,3,2022-07-13
039953,22,194,14,00,96,+32,+37.85046,-109.86214,01.0,07,038,3,2022-07-13
039953,22,194,16,00,86,+34,+37.84725,-109.86086,01.2,07,041,3,2022-07-13
039953,22,194,18,00,82,+33,+37.84840,-109.86328,00.9,09,038,3,2022-07-13
039953,22,194,20,00,92,+29,+37.84434,-109.86439,00.9,08,039,3,2022-07-13
039953,22,194,22,00,56,+30,+37.84461,-109.86423,00.9,08,038,3,2022-07-13
039953,22,195,00,00,64,+30,+37.84486,-109.86425,00.9,08,038,3,2022-07-14
039953,22,195,04,00,60,+28,+37.84477,-109.86454,00.8,10,038,3,2022-07-14
039953,22,195,06,00,74,+27,+37.85042,-109.86530,00.8,09,038,3,2022-07-14
039953,22,195,10,00,74,+35,+37.85873,-109.86621,01.0,08,038,3,2022-07-14
039953,22,195,12,00,88,+40,+37.85311,-109.86357,00.9,08,038,3,2022-07-14
039953,22,195,16,00,78,+34,+37.85183,-109.85672,00.9,08,038,3,2022-07-14
039953,22,195,20,00,84,+29,+37.84999,-109.85877,01.0,08,038,3,2022-07-14
039953,22,195,22,00,82,+27,+37.84875,-109.85971,00.8,09,038,3,2022-07-14
039953,22,196,00,00,42,+27,+37.84866,-109.85971,01.0,07,038,3,2022-07-15
039953,22,196,02,00,68,+28,+37.84849,-109.86031,00.8,09,039,3,2022-07-15
039953,22,196,04,00,22,+29,+37.84835,-109.86029,00.9,09,040,3,2022-07-15
039953,22,196,06,00,82,+26,+37.84951,-109.86444,00.8,08,038,3,2022-07-15
039953,22,196,08,00,88,+29,+37.84758,-109.86652,00.8,09,038,3,2022-07-15
039953,22,196,10,00,48,+37,+37.84768,-109.86634,01.0,08,040,3,2022-07-15
039953,22,196,12,00,72,+37,+37.84801,-109.86546,00.9,09,038,3,2022-07-15
039953,22,196,14,00,96,+39,+37.84876,-109.86360,01.0,08,038,3,2022-07-15
039953,22,196,16,00,92,+40,+37.84592,-109.86626,01.1,06,038,3,2022-07-15
039953,22,196,18,00,92,+36,+37.84693,-109.86767,01.5,07,038,3,2022-07-15
039953,22,196,20,00,94,+29,+37.84717,-109.86518,01.2,07,039,3,2022-07-15
039953,22,196,22,00,82,+30,+37.84753,-109.86454,00.8,09,037,3,2022-07-15
039953,22,197,00,00,48,+30,+37.84746,-109.86465,00.7,10,038,3,2022-07-16
039953,22,197,02,00,44,+28,+37.84819,-109.86441,00.8,10,039,3,2022-07-16
039953,22,197,04,00,38,+28,+37.84746,-109.86471,00.9,09,038,3,2022-07-16
039953,22,197,06,00,84,+25,+37.84883,-109.86532,00.8,10,038,3,2022-07-16
039953,22,197,12,00,38,+37,+37.85520,-109.84928,00.7,10,038,3,2022-07-16
039953,22,197,14,00,98,+40,+37.85435,-109.85286,00.8,10,038,3,2022-07-16
039953,22,197,16,00,96,+43,+37.85602,-109.85012,01.4,06,038,3,2022-07-16
039953,22,197,18,00,96,+37,+37.85527,-109.84938,00.9,07,038,3,2022-07-16
039953,22,197,20,00,96,+29,+37.85818,-109.84854,01.2,07,038,3,2022-07-16
039953,22,197,22,00,86,+25,+37.85758,-109.84870,01.0,07,038,3,2022-07-16
039953,22,198,00,00,64,+30,+37.85717,-109.84880,00.7,09,038,3,2022-07-17
039953,22,198,02,00,80,+28,+37.85686,-109.84516,00.7,11,039,3,2022-07-17
039953,22,198,04,00,76,+29,+37.85750,-109.84577,00.9,09,038,3,2022-07-17
039953,22,198,06,00,58,+27,+37.85910,-109.84799,00.8,09,038,3,2022-07-17
039953,22,198,14,00,86,+37,+37.85543,-109.85279,00.9,08,038,3,2022-07-17
039953,22,198,16,00,78,+35,+37.85528,-109.85306,01.5,05,038,3,2022-07-17
039953,22,198,18,00,82,+34,+37.85522,-109.85264,01.5,06,038,3,2022-07-17
039953,22,198,20,00,86,+27,+37.85683,-109.84657,01.0,07,038,3,2022-07-17
039953,22,198,22,00,96,+28,+37.85610,-109.83966,01.2,07,038,3,2022-07-17
039953,22,199,00,00,68,+29,+37.85533,-109.83906,01.3,07,038,3,2022-07-18
039953,22,199,02,00,86,+27,+37.85633,-109.84035,00.8,10,038,3,2022-07-18
039953,22,199,04,00,48,+28,+37.85671,-109.84185,01.1,07,040,3,2022-07-18
039953,22,199,06,00,96,+26,+37.86113,-109.84012,00.8,11,048,3,2022-07-18
039953,22,199,08,00,74,+34,+37.86060,-109.83834,01.1,08,040,3,2022-07-18
039953,22,199,10,00,44,+36,+37.86064,-109.83795,01.3,07,038,3,2022-07-18
039953,22,199,22,01,64,+29,+37.86212,-109.83543,00.9,09,041,3,2022-07-18
039953,22,200,00,00,50,+29,+37.86246,-109.83535,01.0,08,038,3,2022-07-19
039953,22,200,02,00,64,+29,+37.86306,-109.83307,00.8,09,038,3,2022-07-19
039953,22,200,04,00,30,+29,+37.86292,-109.83329,00.9,09,038,3,2022-07-19
039953,22,200,06,00,92,+25,+37.86544,-109.83034,00.7,10,038,3,2022-07-19
039953,22,200,18,00,74,+35,+37.86346,-109.82788,01.1,06,038,3,2022-07-19
039953,22,200,20,00,94,+31,+37.86157,-109.83116,00.8,10,038,3,2022-07-19
039953,22,200,22,00,54,+32,+37.86175,-109.83139,00.9,09,038,3,2022-07-19
039953,22,201,00,00,34,+30,+37.86175,-109.83137,00.7,10,040,3,2022-07-20
039953,22,201,02,00,68,+27,+37.86162,-109.83158,00.7,11,038,3,2022-07-20
039953,22,201,04,00,36,+28,+37.86156,-109.83162,00.9,09,038,3,2022-07-20
039953,22,201,06,00,80,+25,+37.86656,-109.82515,00.7,10,038,3,2022-07-20
039953,22,202,00,01,48,+27,+37.86399,-109.82814,01.7,05,038,3,2022-07-21
039953,22,202,04,00,42,+28,+37.86392,-109.82739,01.9,04,038,3,2022-07-21
039953,22,202,12,00,86,+41,+37.87862,-109.79225,00.9,08,038,3,2022-07-21
039953,22,202,20,00,98,+30,+37.88862,-109.80348,01.0,06,038,3,2022-07-21
039953,22,202,22,00,56,+30,+37.88946,-109.80416,01.2,07,039,3,2022-07-21
039953,22,203,00,00,30,+30,+37.88955,-109.80419,01.2,07,038,3,2022-07-22
039953,22,203,02,00,38,+30,+37.88943,-109.80421,00.9,07,039,3,2022-07-22
039953,22,203,04,00,20,+30,+37.88946,-109.80426,01.4,06,041,3,2022-07-22
039953,22,203,06,00,94,+27,+37.88818,-109.80593,01.1,08,038,3,2022-07-22
039953,22,203,08,00,94,+34,+37.88387,-109.80976,01.2,06,038,3,2022-07-22
039953,22,203,10,00,98,+39,+37.88024,-109.81082,01.3,08,038,3,2022-07-22
039953,22,203,12,00,90,+40,+37.88180,-109.81455,00.9,08,038,3,2022-07-22
039953,22,203,16,00,98,+40,+37.87958,-109.81541,01.2,05,038,3,2022-07-22
039953,22,203,18,00,92,+35,+37.87705,-109.81391,01.2,05,038,3,2022-07-22
039953,22,204,00,00,44,+32,+37.87686,-109.81800,00.9,08,038,3,2022-07-23
039953,22,204,02,00,48,+31,+37.87678,-109.81794,00.8,09,040,3,2022-07-23
039953,22,204,06,00,98,+29,+37.87467,-109.82101,00.9,06,047,3,2022-07-23
039953,22,204,10,00,98,+34,+37.87127,-109.82219,01.3,07,038,3,2022-07-23
039953,22,204,14,00,80,+40,+37.86798,-109.83227,00.9,09,038,3,2022-07-23
039953,22,204,18,00,94,+36,+37.87664,-109.81886,01.1,08,038,3,2022-07-23
039953,22,204,20,00,96,+31,+37.87092,-109.81774,01.0,07,038,3,2022-07-23
039953,22,204,22,00,56,+31,+37.87213,-109.81751,01.0,07,039,3,2022-07-23
039953,22,205,00,00,46,+29,+37.87248,-109.81771,00.9,08,038,3,2022-07-24
039953,22,205,02,00,44,+28,+37.87241,-109.81773,01.0,08,041,3,2022-07-24
039953,22,205,04,00,22,+28,+37.87248,-109.81774,00.9,09,057,3,2022-07-24
039953,22,205,06,00,88,+26,+37.86856,-109.82176,00.9,08,038,3,2022-07-24
039953,22,205,10,00,94,+32,+37.86822,-109.82051,01.4,06,038,3,2022-07-24
039953,22,205,12,00,74,+36,+37.86817,-109.82094,00.8,09,038,3,2022-07-24
039953,22,205,14,00,94,+35,+37.87064,-109.81867,01.0,07,038,3,2022-07-24
039953,22,205,16,00,86,+25,+37.88118,-109.82046,00.9,08,039,3,2022-07-24
039953,22,205,18,00,82,+29,+37.87936,-109.82246,01.4,07,037,3,2022-07-24
039953,22,205,20,00,94,+25,+37.88085,-109.82189,01.0,07,038,3,2022-07-24
039953,22,205,22,00,86,+27,+37.88109,-109.82174,00.9,09,038,3,2022-07-24
039953,22,206,00,00,32,+29,+37.88130,-109.82185,00.9,08,042,3,2022-07-25
039953,22,206,02,00,52,+25,+37.88021,-109.82180,00.7,10,038,3,2022-07-25
039953,22,206,04,00,36,+26,+37.88024,-109.82183,01.1,08,038,3,2022-07-25
039953,22,206,06,00,76,+24,+37.88027,-109.82373,01.1,07,038,3,2022-07-25
039953,22,206,08,00,98,+29,+37.88323,-109.82434,00.9,07,038,3,2022-07-25
039953,22,206,10,00,50,+33,+37.88300,-109.82327,01.0,09,041,3,2022-07-25
039953,22,206,12,00,84,+29,+37.88161,-109.82067,00.7,10,058,3,2022-07-25
039953,22,206,14,00,82,+26,+37.88133,-109.82279,01.0,07,038,3,2022-07-25
039953,22,206,16,00,86,+28,+37.87451,-109.81845,01.2,06,038,3,2022-07-25
039953,22,206,18,00,90,+30,+37.87392,-109.81848,01.4,07,038,3,2022-07-25
039953,22,206,20,00,98,+26,+37.87635,-109.81986,01.8,07,038,3,2022-07-25
039953,22,206,22,00,62,+27,+37.87651,-109.81987,01.4,07,037,3,2022-07-25
039953,22,207,00,00,42,+28,+37.87681,-109.81934,00.8,09,040,3,2022-07-26
039953,22,207,02,00,40,+29,+37.87646,-109.81938,00.7,10,038,3,2022-07-26
039953,22,207,04,00,34,+27,+37.87684,-109.81956,00.9,09,038,3,2022-07-26
039953,22,207,10,00,98,+31,+37.86367,-109.82723,01.0,09,049,3,2022-07-26
039953,22,207,12,00,44,+34,+37.86394,-109.82729,00.7,11,038,3,2022-07-26
039953,22,207,14,00,96,+30,+37.86314,-109.83193,00.9,07,038,3,2022-07-26
039953,22,207,18,01,86,+25,+37.86759,-109.82511,01.5,06,057,3,2022-07-26
039953,22,207,20,00,94,+25,+37.86264,-109.83011,01.3,06,038,3,2022-07-26
039953,22,207,22,00,80,+28,+37.86390,-109.83047,01.3,06,041,3,2022-07-26
039953,22,208,02,00,74,+26,+37.86361,-109.82979,01.0,07,038,3,2022-07-27
039953,22,208,04,00,34,+26,+37.86359,-109.82969,00.9,09,038,3,2022-07-27
039953,22,208,08,00,92,+28,+37.86441,-109.83367,01.2,08,038,3,2022-07-27
039953,22,208,10,00,72,+33,+37.86393,-109.83551,01.6,07,040,3,2022-07-27
039953,22,208,12,00,70,+27,+37.86479,-109.83721,00.8,09,038,3,2022-07-27
039953,22,208,20,01,98,+25,+37.85943,-109.83684,01.7,04,060,2,2022-07-27
039953,22,208,22,00,60,+28,+37.85886,-109.83654,01.3,06,039,3,2022-07-27
039953,22,209,02,00,74,+28,+37.85543,-109.83815,01.1,07,038,3,2022-07-28
039953,22,209,04,00,46,+29,+37.85568,-109.83834,00.9,09,037,3,2022-07-28
039953,22,209,08,00,94,+28,+37.84735,-109.84175,00.8,10,038,3,2022-07-28
039953,22,209,12,00,94,+26,+37.86806,-109.78985,00.8,09,039,3,2022-07-28
039953,22,209,14,00,94,+25,+37.86800,-109.78939,00.9,07,039,3,2022-07-28
039953,22,209,18,00,98,+29,+37.86894,-109.79194,02.3,05,038,3,2022-07-28
039953,22,209,20,00,94,+27,+37.86533,-109.79160,01.0,07,038,3,2022-07-28
039953,22,209,22,00,84,+25,+37.86734,-109.79084,01.3,07,039,3,2022-07-28
039953,22,210,00,00,56,+25,+37.86750,-109.79107,01.2,06,042,3,2022-07-29
039953,22,210,02,00,36,+26,+37.86753,-109.79106,00.9,08,038,3,2022-07-29
039953,22,210,04,00,46,+26,+37.86763,-109.79088,00.8,10,040,3,2022-07-29
039953,22,210,12,00,88,+30,+37.86230,-109.79972,00.8,09,038,3,2022-07-29
039953,22,210,16,00,82,+24,+37.86210,-109.78880,01.0,07,038,3,2022-07-29
039953,22,210,18,00,88,+25,+37.85950,-109.78876,01.6,06,038,3,2022-07-29
039953,22,210,22,00,52,+25,+37.86150,-109.79055,01.4,06,039,3,2022-07-29
039953,22,211,00,00,36,+26,+37.86140,-109.79067,01.1,07,038,3,2022-07-30
039953,22,211,02,00,42,+25,+37.86123,-109.79061,00.9,08,040,3,2022-07-30
039953,22,211,04,00,46,+25,+37.86149,-109.79077,00.8,09,040,3,2022-07-30
039953,22,211,08,00,88,+25,+37.86114,-109.79904,01.0,08,038,3,2022-07-30
039953,22,211,10,00,94,+30,+37.86063,-109.80007,01.1,08,040,3,2022-07-30
039953,22,211,12,00,84,+28,+37.86075,-109.79799,00.7,11,038,3,2022-07-30
039953,22,211,14,00,90,+33,+37.85766,-109.79374,00.9,09,038,3,2022-07-30
039953,22,211,20,00,98,+24,+37.85937,-109.78778,00.9,08,038,3,2022-07-30
039953,22,211,22,00,50,+28,+37.85993,-109.78842,01.1,07,040,3,2022-07-30
039953,22,212,00,00,44,+25,+37.86014,-109.78840,01.0,08,040,3,2022-07-31
039953,22,212,02,00,36,+27,+37.85994,-109.78819,01.1,07,041,3,2022-07-31
039953,22,212,04,00,44,+25,+37.86011,-109.78838,00.8,10,038,3,2022-07-31
039953,22,212,06,00,50,+24,+37.85990,-109.78695,01.5,07,038,3,2022-07-31
039953,22,212,08,00,74,+26,+37.85691,-109.79887,00.8,10,038,3,2022-07-31
039953,22,212,12,00,72,+29,+37.85612,-109.80339,00.7,11,038,3,2022-07-31
039953,22,212,14,00,44,+30,+37.85765,-109.80175,00.9,09,059,3,2022-07-31
039953,22,212,16,00,82,+35,+37.85916,-109.80093,01.3,07,038,3,2022-07-31
039953,22,212,18,00,86,+30,+37.85567,-109.80375,01.4,06,038,3,2022-07-31
039953,22,212,20,00,96,+26,+37.85707,-109.79885,00.9,08,037,3,2022-07-31
039953,22,212,22,00,46,+30,+37.85795,-109.79875,01.6,06,040,3,2022-07-31
039953,22,213,00,00,36,+26,+37.85798,-109.79856,01.0,08,040,3,2022-08-01
039953,22,213,02,00,26,+27,+37.85800,-109.79882,00.9,09,038,3,2022-08-01
039953,22,213,04,00,52,+26,+37.85793,-109.79881,00.7,10,038,3,2022-08-01
039953,22,213,06,00,58,+24,+37.85718,-109.79854,01.2,06,038,3,2022-08-01
039953,22,213,12,00,56,+34,+37.85639,-109.79728,00.9,10,038,3,2022-08-01
039953,22,213,14,00,84,+39,+37.85621,-109.79959,01.0,08,038,3,2022-08-01
039953,22,213,16,00,96,+37,+37.85817,-109.79473,00.8,09,038,3,2022-08-01
039953,22,213,18,00,90,+31,+37.85892,-109.80005,01.1,08,038,3,2022-08-01
039953,22,213,20,00,94,+27,+37.86329,-109.80068,25.5,56,060,3,2022-08-01
039953,22,214,00,00,42,+27,+37.86334,-109.80001,01.1,06,038,3,2022-08-02
039953,22,214,02,00,38,+26,+37.86363,-109.80014,00.9,07,041,3,2022-08-02
039953,22,214,06,00,78,+24,+37.86513,-109.80112,01.6,06,038,3,2022-08-02
039953,22,214,14,01,98,+37,+37.86626,-109.80068,01.1,07,057,3,2022-08-02
039953,22,214,20,00,84,+29,+37.86874,-109.79640,01.2,07,038,3,2022-08-02
039953,22,214,22,00,90,+28,+37.87154,-109.79519,00.9,08,040,3,2022-08-02
039953,22,215,00,00,62,+29,+37.87156,-109.79507,01.0,08,038,3,2022-08-03
039953,22,215,02,00,48,+30,+37.87153,-109.79480,00.9,08,038,3,2022-08-03
039953,22,215,04,00,42,+29,+37.87143,-109.79521,00.7,11,038,3,2022-08-03
039953,22,215,08,00,98,+31,+37.86907,-109.79061,01.0,08,038,3,2022-08-03
039953,22,215,10,00,90,+33,+37.86924,-109.79128,01.0,08,039,3,2022-08-03
039953,22,215,12,00,90,+36,+37.87081,-109.78989,00.9,09,040,3,2022-08-03
039953,22,215,14,00,98,+37,+37.86809,-109.78832,00.9,09,038,3,2022-08-03
039953,22,215,16,00,96,+37,+37.86490,-109.78868,00.9,09,038,3,2022-08-03
039953,22,215,18,00,96,+37,+37.86684,-109.78868,01.0,07,042,3,2022-08-03
039953,22,215,20,00,98,+28,+37.86729,-109.78809,00.9,09,038,3,2022-08-03
039953,22,215,22,00,62,+29,+37.86931,-109.79034,01.0,07,038,3,2022-08-03
039953,22,216,00,00,30,+31,+37.86928,-109.79045,01.1,07,040,3,2022-08-04
039953,22,216,04,00,52,+28,+37.86797,-109.78992,00.8,10,038,3,2022-08-04
039953,22,216,08,00,98,+32,+37.86712,-109.78829,01.2,08,038,3,2022-08-04
039953,22,216,10,00,98,+33,+37.86668,-109.78996,00.9,08,038,3,2022-08-04
039953,22,216,16,00,98,+37,+37.86536,-109.78968,00.8,10,038,3,2022-08-04
039953,22,216,18,00,98,+34,+37.86638,-109.78826,00.9,07,038,3,2022-08-04
039953,22,216,20,00,90,+26,+37.86637,-109.79172,00.9,09,038,3,2022-08-04
039953,22,216,22,00,58,+28,+37.86686,-109.79181,01.7,06,038,3,2022-08-04
039953,22,217,00,00,38,+28,+37.86695,-109.79177,01.1,07,038,3,2022-08-05
039953,22,217,02,00,28,+26,+37.86678,-109.79199,00.9,09,039,3,2022-08-05
039953,22,217,04,00,24,+26,+37.86680,-109.79164,00.8,10,040,3,2022-08-05
039953,22,217,06,00,74,+25,+37.86610,-109.79236,01.1,07,038,3,2022-08-05
039953,22,217,08,00,98,+29,+37.86242,-109.78779,01.4,08,038,3,2022-08-05
039953,22,217,10,00,98,+31,+37.86376,-109.78610,01.0,07,038,3,2022-08-05
039953,22,217,16,00,82,+40,+37.86659,-109.78807,00.8,08,038,3,2022-08-05
039953,22,217,18,00,92,+36,+37.86804,-109.78881,01.7,06,038,3,2022-08-05
039953,22,217,20,00,98,+25,+37.86887,-109.78594,01.3,07,038,3,2022-08-05
039953,22,217,22,00,76,+26,+37.86700,-109.78591,00.9,08,038,3,2022-08-05
039953,22,218,00,00,38,+28,+37.86692,-109.78595,01.0,08,038,3,2022-08-06
039953,22,218,02,00,28,+28,+37.86692,-109.78586,00.8,10,039,3,2022-08-06
039953,22,218,04,00,42,+26,+37.86699,-109.78588,00.8,10,038,3,2022-08-06
039953,22,218,06,00,86,+24,+37.86350,-109.78388,01.2,06,038,3,2022-08-06
039953,22,218,08,00,92,+35,+37.86877,-109.78894,00.9,08,038,3,2022-08-06
039953,22,218,10,00,98,+36,+37.86887,-109.79016,00.9,09,040,3,2022-08-06
039953,22,218,12,00,96,+37,+37.86724,-109.78987,01.1,08,038,3,2022-08-06
039953,22,218,16,00,84,+37,+37.86614,-109.78965,01.1,07,038,3,2022-08-06
039953,22,218,18,00,98,+36,+37.86367,-109.78981,01.0,06,039,3,2022-08-06
039953,22,218,20,00,88,+26,+37.86523,-109.78788,00.9,08,038,3,2022-08-06
039953,22,218,22,00,56,+28,+37.86505,-109.78981,00.9,08,038,3,2022-08-06
039953,22,219,00,00,34,+29,+37.86500,-109.78992,00.9,09,038,3,2022-08-07
039953,22,219,02,00,86,+25,+37.86317,-109.78941,00.8,09,038,3,2022-08-07
039953,22,219,04,00,86,+25,+37.86297,-109.78928,00.8,09,038,3,2022-08-07
039953,22,219,06,00,72,+24,+37.86241,-109.78792,01.3,06,038,3,2022-08-07
039953,22,219,08,00,90,+30,+37.86202,-109.78833,01.6,06,038,3,2022-08-07
039953,22,219,10,00,98,+35,+37.86014,-109.78355,00.8,08,038,3,2022-08-07
039953,22,219,14,00,90,+39,+37.86079,-109.78330,00.8,09,038,3,2022-08-07
039953,22,219,16,00,74,+36,+37.86050,-109.78397,00.9,09,038,3,2022-08-07
039953,22,219,18,00,98,+36,+37.86046,-109.78155,00.9,08,038,3,2022-08-07
039953,22,219,20,00,98,+30,+37.86643,-109.77680,01.2,06,038,3,2022-08-07
039953,22,219,22,00,84,+31,+37.86646,-109.77696,00.9,08,038,3,2022-08-07
039953,22,220,00,00,34,+31,+37.86655,-109.77691,01.0,07,038,3,2022-08-08
039953,22,220,02,00,92,+24,+37.86572,-109.77767,00.9,09,038,3,2022-08-08
039953,22,220,04,00,82,+25,+37.86598,-109.77718,00.9,08,040,3,2022-08-08
039953,22,220,08,00,98,+28,+37.86451,-109.77207,00.9,08,039,3,2022-08-08
039953,22,220,10,00,72,+37,+37.86466,-109.77181,00.9,09,041,3,2022-08-08
039953,22,220,18,00,98,+29,+37.86091,-109.77581,01.0,08,038,3,2022-08-08
039953,22,220,20,00,90,+26,+37.85622,-109.78061,00.9,08,038,3,2022-08-08
039953,22,220,22,00,54,+30,+37.85669,-109.78075,00.9,08,038,3,2022-08-08
039953,22,221,00,00,58,+28,+37.85679,-109.78081,00.9,08,040,3,2022-08-09
039953,22,221,02,00,46,+28,+37.85683,-109.78086,00.9,09,037,3,2022-08-09
039953,22,221,04,00,32,+27,+37.85685,-109.78081,00.9,08,040,3,2022-08-09
039953,22,221,06,00,88,+25,+37.85493,-109.77878,01.1,06,038,3,2022-08-09
039953,22,221,08,00,88,+32,+37.85317,-109.77541,01.1,07,038,3,2022-08-09
039953,22,221,10,00,88,+33,+37.85066,-109.77331,00.8,11,037,3,2022-08-09
039953,22,221,12,00,86,+41,+37.85158,-109.77346,00.8,11,038,3,2022-08-09
039953,22,221,14,00,80,+40,+37.85189,-109.77339,01.5,06,038,3,2022-08-09
039953,22,221,16,00,98,+39,+37.85329,-109.77579,01.2,07,038,3,2022-08-09
039953,22,221,18,00,98,+33,+37.85253,-109.77455,01.2,07,038,3,2022-08-09
039953,22,221,20,00,86,+27,+37.85367,-109.77401,00.8,09,039,3,2022-08-09
039953,22,221,22,00,56,+29,+37.85356,-109.77639,01.2,07,038,3,2022-08-09
039953,22,222,02,00,96,+27,+37.85081,-109.77603,01.0,09,038,3,2022-08-10
039953,22,222,04,00,56,+29,+37.85091,-109.77611,00.8,09,040,3,2022-08-10
039953,22,222,06,00,64,+27,+37.85076,-109.77654,00.9,09,039,3,2022-08-10
039953,22,222,08,00,86,+31,+37.85094,-109.77833,01.0,09,039,3,2022-08-10
039953,22,222,10,00,82,+37,+37.84816,-109.77626,00.9,10,038,3,2022-08-10
039953,22,222,14,00,96,+41,+37.85017,-109.73118,01.6,06,038,3,2022-08-10
039953,22,222,16,00,92,+38,+37.84866,-109.73085,01.1,06,038,3,2022-08-10
039953,22,222,18,00,98,+34,+37.84753,-109.73046,01.0,07,038,3,2022-08-10
039953,22,222,20,00,98,+28,+37.84075,-109.73320,01.0,07,038,3,2022-08-10
039953,22,222,22,00,76,+29,+37.84110,-109.73332,01.2,06,038,3,2022-08-10
039953,22,223,00,00,86,+27,+37.84259,-109.73232,01.0,07,038,3,2022-08-11
039953,22,223,04,00,42,+28,+37.84262,-109.73286,01.2,08,038,3,2022-08-11
039953,22,223,06,00,62,+26,+37.84722,-109.73011,01.3,07,038,3,2022-08-11
039953,22,223,12,01,86,+38,+37.83239,-109.66928,01.5,06,054,3,2022-08-11
039953,22,223,14,00,72,+46,+37.83210,-109.66923,01.1,07,040,3,2022-08-11
039953,22,223,16,00,76,+41,+37.82854,-109.66902,01.0,08,038,3,2022-08-11
039953,22,224,00,00,80,+25,+37.82883,-109.66979,01.1,07,038,3,2022-08-12
039953,22,224,02,00,52,+28,+37.82944,-109.66945,00.8,10,058,3,2022-08-12
039953,22,224,04,00,40,+29,+37.82933,-109.66954,00.8,09,039,3,2022-08-12
039953,22,224,08,00,84,+29,+37.83407,-109.66812,01.0,09,054,3,2022-08-12
039953,22,224,10,00,38,+32,+37.83267,-109.66838,00.7,12,038,3,2022-08-12
039953,22,224,14,00,92,+36,+37.82992,-109.66827,01.0,07,038,3,2022-08-12
039953,22,224,22,00,60,+29,+37.82962,-109.66846,00.8,09,044,3,2022-08-12
039953,22,225,00,00,48,+28,+37.82996,-109.66835,01.1,07,041,3,2022-08-13
039953,22,225,02,00,30,+27,+37.83010,-109.66856,00.8,10,038,3,2022-08-13
039953,22,225,04,00,92,+25,+37.83110,-109.66580,01.2,06,040,3,2022-08-13
039953,22,225,06,00,72,+26,+37.83670,-109.66514,01.5,07,038,3,2022-08-13
039953,22,225,08,00,74,+33,+37.84227,-109.65967,01.2,08,038,3,2022-08-13
039953,22,225,10,00,34,+39,+37.84119,-109.66088,00.7,11,038,3,2022-08-13
039953,22,225,14,00,96,+36,+37.83102,-109.67102,00.9,08,038,3,2022-08-13
039953,22,225,16,00,90,+38,+37.83253,-109.66805,01.0,08,038,3,2022-08-13
039953,22,225,18,00,92,+32,+37.83497,-109.66946,00.9,09,038,3,2022-08-13
039953,22,226,00,00,46,+29,+37.83123,-109.66925,01.0,07,038,3,2022-08-14
039953,22,226,04,00,86,+27,+37.82902,-109.66889,00.9,08,038,3,2022-08-14
039953,22,226,06,00,78,+25,+37.82816,-109.66907,01.3,07,038,3,2022-08-14
039953,22,226,08,00,88,+29,+37.82783,-109.66852,01.4,07,039,3,2022-08-14
039953,22,226,10,00,88,+34,+37.82704,-109.66964,00.9,10,040,3,2022-08-14
039953,22,226,12,00,82,+39,+37.82737,-109.66953,01.1,07,038,3,2022-08-14
039953,22,226,14,00,80,+37,+37.83020,-109.66667,00.9,08,042,3,2022-08-14
039953,22,227,00,01,36,+29,+37.83064,-109.65906,01.0,08,052,3,2022-08-15
039953,22,227,02,00,82,+25,+37.83050,-109.65592,01.3,07,038,3,2022-08-15
039953,22,227,04,00,54,+27,+37.83005,-109.65542,01.4,07,048,3,2022-08-15
039953,22,227,10,00,50,+32,+37.83115,-109.65738,00.9,08,038,3,2022-08-15
039953,22,227,12,00,84,+32,+37.83452,-109.64772,00.9,09,038,3,2022-08-15
039953,22,227,14,00,66,+26,+37.83245,-109.65124,00.9,08,038,3,2022-08-15
039953,22,227,16,00,98,+25,+37.83167,-109.65119,01.2,06,038,3,2022-08-15
039953,22,227,20,00,90,+26,+37.83234,-109.65244,01.2,07,038,3,2022-08-15
039953,22,227,22,00,46,+30,+37.83190,-109.65110,00.9,08,049,3,2022-08-15
039953,22,228,00,00,50,+25,+37.83204,-109.65084,01.0,08,040,3,2022-08-16
039953,22,228,02,00,38,+27,+37.83201,-109.65081,00.9,09,038,3,2022-08-16
039953,22,228,04,00,62,+25,+37.83178,-109.65058,00.9,09,038,3,2022-08-16
039953,22,228,08,01,90,+26,+37.83262,-109.64933,02.0,06,058,3,2022-08-16
039953,22,228,10,00,92,+31,+37.83457,-109.64767,00.8,09,038,3,2022-08-16
039953,22,228,12,00,42,+32,+37.83433,-109.64829,03.7,07,038,3,2022-08-16
039953,22,228,14,00,80,+27,+37.82751,-109.66137,01.3,06,048,3,2022-08-16
039953,22,228,18,00,98,+30,+37.83346,-109.64848,01.1,06,038,3,2022-08-16
039953,22,229,02,01,54,+29,+37.83474,-109.64840,00.9,09,050,3,2022-08-17
039953,22,229,04,00,26,+27,+37.83470,-109.64861,00.9,08,038,3,2022-08-17
039953,22,229,10,00,50,+34,+37.83733,-109.65467,00.9,07,040,3,2022-08-17
039953,22,229,12,00,80,+27,+37.83924,-109.65778,01.6,06,057,3,2022-08-17
039953,22,229,14,00,40,+35,+37.83821,-109.65767,01.2,06,058,3,2022-08-17
039953,22,229,16,00,80,+34,+37.83378,-109.65992,00.9,09,040,3,2022-08-17
039953,22,229,18,00,86,+32,+37.83028,-109.66947,01.0,08,038,3,2022-08-17
039953,22,229,20,00,82,+30,+37.83016,-109.66873,01.2,07,040,3,2022-08-17
039953,22,229,22,00,32,+29,+37.83100,-109.66833,01.0,08,039,3,2022-08-17
039953,22,230,00,00,30,+27,+37.83096,-109.66814,01.0,07,037,3,2022-08-18
039953,22,230,02,00,28,+25,+37.83094,-109.66812,01.1,08,038,3,2022-08-18
039953,22,230,04,00,50,+25,+37.83174,-109.66908,01.2,07,038,3,2022-08-18
039953,22,230,10,00,70,+32,+37.83353,-109.67359,01.0,07,038,3,2022-08-18
039953,22,230,12,00,44,+29,+37.83563,-109.67321,01.1,06,060,2,2022-08-18
039953,22,230,22,01,92,+28,+37.82957,-109.66835,00.8,09,055,3,2022-08-18
039953,22,231,00,00,56,+29,+37.82930,-109.66858,01.3,06,039,3,2022-08-19
039953,22,231,02,00,44,+26,+37.82979,-109.66842,01.0,07,038,3,2022-08-19
039953,22,231,04,00,40,+26,+37.82942,-109.66835,01.0,08,038,3,2022-08-19
039953,22,231,18,01,92,+30,+37.83354,-109.64866,01.0,07,059,3,2022-08-19
039953,22,231,20,00,98,+26,+37.83480,-109.64787,01.3,06,058,3,2022-08-19
039953,22,231,22,00,60,+28,+37.83491,-109.64805,01.4,06,040,3,2022-08-19
039953,22,232,00,00,84,+27,+37.83557,-109.64778,00.8,09,038,3,2022-08-20
039953,22,232,02,00,36,+28,+37.83523,-109.64775,01.1,08,038,3,2022-08-20
039953,22,232,04,00,54,+27,+37.83539,-109.64781,01.2,06,038,3,2022-08-20
039953,22,232,10,00,50,+30,+37.83290,-109.65128,01.2,07,038,3,2022-08-20
039953,22,232,12,00,64,+32,+37.83306,-109.65016,00.9,07,038,3,2022-08-20
039953,22,232,20,00,90,+25,+37.83473,-109.64725,01.4,06,045,3,2022-08-20
039953,22,233,00,00,30,+25,+37.83415,-109.64875,01.1,07,038,3,2022-08-21
039953,22,233,02,00,82,+23,+37.83312,-109.64880,01.1,08,038,3,2022-08-21
039953,22,233,04,00,54,+25,+37.83357,-109.64920,01.4,07,038,3,2022-08-21
039953,22,233,06,00,74,+23,+37.83407,-109.64759,03.4,06,041,3,2022-08-21
039953,22,233,12,01,96,+34,+37.83451,-109.64618,01.1,05,053,3,2022-08-21
039953,22,233,14,00,96,+33,+37.83269,-109.65161,01.4,06,038,3,2022-08-21
039953,22,233,16,00,72,+34,+37.83262,-109.65145,01.0,07,038,3,2022-08-21
039953,22,233,20,00,94,+27,+37.83288,-109.64988,01.1,07,038,3,2022-08-21
039953,22,234,00,00,34,+28,+37.83290,-109.65023,00.8,09,038,3,2022-08-22
039953,22,234,02,00,84,+25,+37.83317,-109.65080,00.9,09,038,3,2022-08-22
039953,22,234,04,00,26,+26,+37.83309,-109.65081,00.7,10,038,3,2022-08-22
039953,22,234,12,00,72,+36,+37.83155,-109.63588,00.9,07,044,3,2022-08-22
039953,22,234,14,00,66,+35,+37.83180,-109.63623,01.6,06,038,3,2022-08-22
039953,22,234,16,00,94,+35,+37.84321,-109.63550,01.5,06,038,3,2022-08-22
039953,22,234,18,00,90,+32,+37.84714,-109.63115,01.2,06,038,3,2022-08-22
039953,22,234,20,00,90,+30,+37.84893,-109.63083,01.5,06,038,3,2022-08-22
039953,22,234,22,00,46,+27,+37.84872,-109.63159,01.1,08,040,3,2022-08-22
039953,22,235,00,00,44,+26,+37.84861,-109.63171,01.0,08,038,3,2022-08-23
039953,22,235,06,00,52,+21,+37.84856,-109.63085,01.0,07,038,3,2022-08-23
039953,22,235,08,00,82,+24,+37.84862,-109.63072,01.1,08,040,3,2022-08-23
039953,22,235,10,00,66,+34,+37.84878,-109.63140,00.8,09,038,3,2022-08-23
039953,22,235,18,00,88,+32,+37.84412,-109.63400,01.2,07,038,3,2022-08-23
039953,22,235,20,00,88,+27,+37.83793,-109.63182,01.4,07,039,3,2022-08-23
039953,22,235,22,00,76,+30,+37.83757,-109.63237,01.2,07,039,3,2022-08-23
039953,22,236,00,00,58,+28,+37.83678,-109.63133,01.1,07,038,3,2022-08-24
039953,22,236,02,00,88,+28,+37.83704,-109.63240,01.3,07,039,3,2022-08-24
039953,22,236,04,00,56,+27,+37.83708,-109.63228,01.2,07,038,3,2022-08-24
039953,22,236,08,00,82,+30,+37.83747,-109.63205,01.2,07,038,3,2022-08-24
039953,22,236,10,00,58,+32,+37.83707,-109.63194,00.8,09,038,3,2022-08-24
039953,22,236,12,00,76,+37,+37.83706,-109.63218,00.8,08,040,3,2022-08-24
039953,22,236,14,00,76,+33,+37.84429,-109.63932,01.5,06,038,3,2022-08-24
039953,22,236,18,00,64,+32,+37.83480,-109.63673,01.5,06,038,3,2022-08-24
039953,22,236,20,00,98,+29,+37.83074,-109.63629,01.2,07,038,3,2022-08-24
039953,22,237,00,00,86,+30,+37.83116,-109.63673,01.1,06,038,3,2022-08-25
039953,22,237,02,00,38,+30,+37.83113,-109.63669,01.2,08,038,3,2022-08-25
039953,22,237,04,00,70,+29,+37.83102,-109.63673,00.9,08,040,3,2022-08-25
039953,22,237,16,01,58,+41,+37.85853,-109.61640,02.0,05,048,3,2022-08-25
039953,22,237,18,00,82,+29,+37.86011,-109.61569,01.4,04,038,3,2022-08-25
039953,22,237,20,00,90,+28,+37.86033,-109.61563,01.0,06,040,3,2022-08-25
039953,22,237,22,00,62,+28,+37.86046,-109.61574,02.5,04,041,3,2022-08-25
039953,22,238,00,00,62,+25,+37.86047,-109.61546,01.0,05,038,3,2022-08-26
039953,22,238,02,00,64,+24,+37.86022,-109.61601,01.5,06,040,3,2022-08-26
039953,22,238,04,00,32,+25,+37.86027,-109.61592,00.9,07,038,3,2022-08-26
039953,22,238,06,00,70,+23,+37.85190,-109.61907,00.9,08,038,3,2022-08-26
039953,22,238,10,00,70,+31,+37.85505,-109.61959,01.1,08,038,3,2022-08-26
039953,22,238,12,00,80,+24,+37.85606,-109.61762,00.9,07,039,3,2022-08-26
039953,22,238,14,00,88,+28,+37.85143,-109.61566,01.5,05,038,3,2022-08-26
039953,22,238,18,00,94,+28,+37.84854,-109.61996,01.1,06,038,3,2022-08-26
039953,22,238,20,00,86,+26,+37.84861,-109.62109,01.0,06,038,3,2022-08-26
039953,22,238,22,00,50,+24,+37.84866,-109.62011,01.0,07,039,3,2022-08-26
039953,22,239,00,00,64,+24,+37.84969,-109.62053,00.9,08,038,3,2022-08-27
039953,22,239,02,00,88,+23,+37.84882,-109.61930,00.8,10,038,3,2022-08-27
039953,22,239,04,00,84,+23,+37.84912,-109.61948,00.8,09,039,3,2022-08-27
039953,22,239,06,00,68,+23,+37.84906,-109.61885,00.9,09,038,3,2022-08-27
039953,22,239,08,00,94,+29,+37.84882,-109.61846,01.3,07,040,3,2022-08-27
039953,22,239,10,00,62,+31,+37.84871,-109.61838,00.8,09,038,3,2022-08-27
039953,22,239,12,00,84,+32,+37.85091,-109.61887,00.9,07,038,3,2022-08-27
039953,22,239,16,00,74,+32,+37.85181,-109.61904,01.5,07,038,3,2022-08-27
039953,22,239,20,00,84,+26,+37.85990,-109.61426,01.0,07,038,3,2022-08-27
039953,22,239,22,00,56,+25,+37.86009,-109.61481,00.8,09,040,3,2022-08-27
039953,22,240,00,00,80,+27,+37.86033,-109.61585,00.9,09,040,3,2022-08-28
039953,22,240,02,00,58,+26,+37.86036,-109.61574,00.7,11,038,3,2022-08-28
039953,22,240,04,00,36,+26,+37.86022,-109.61575,00.8,09,038,3,2022-08-28
039953,22,240,06,00,68,+24,+37.86080,-109.61542,00.9,09,038,3,2022-08-28
039953,22,240,10,00,78,+35,+37.85018,-109.61856,00.9,10,053,3,2022-08-28
039953,22,240,12,00,76,+33,+37.84860,-109.61849,00.8,08,038,3,2022-08-28
039953,22,240,14,00,80,+33,+37.84837,-109.62061,00.9,06,038,3,2022-08-28
039953,22,240,16,00,84,+34,+37.84847,-109.62259,01.3,07,039,3,2022-08-28
039953,22,240,18,00,76,+30,+37.85130,-109.61926,01.1,08,039,3,2022-08-28
039953,22,240,20,00,84,+25,+37.85317,-109.61997,01.0,08,038,3,2022-08-28
039953,22,240,22,00,72,+26,+37.85390,-109.61950,00.8,09,038,3,2022-08-28
039953,22,241,00,00,38,+24,+37.85383,-109.61946,00.9,09,039,3,2022-08-29
039953,22,241,02,00,48,+25,+37.85403,-109.61950,00.7,09,038,3,2022-08-29
039953,22,241,04,00,46,+25,+37.85389,-109.61945,00.8,08,041,3,2022-08-29
039953,22,241,06,00,78,+25,+37.85570,-109.61921,00.9,09,038,3,2022-08-29
039953,22,241,08,00,98,+35,+37.86054,-109.61594,00.9,10,040,3,2022-08-29
039953,22,241,10,00,64,+36,+37.86131,-109.61544,00.8,09,038,3,2022-08-29
039953,22,241,12,00,86,+36,+37.86235,-109.62021,00.8,09,039,3,2022-08-29
039953,22,241,14,00,40,+38,+37.86230,-109.62013,00.9,08,038,3,2022-08-29
039953,22,241,18,00,74,+35,+37.86157,-109.61859,01.0,07,038,3,2022-08-29
039953,22,241,20,00,86,+29,+37.86540,-109.61393,01.0,07,038,3,2022-08-29
039953,22,241,22,00,44,+28,+37.86632,-109.61505,00.8,09,038,3,2022-08-29
039953,22,242,00,00,48,+28,+37.86582,-109.61399,00.9,09,038,3,2022-08-30
039953,22,242,02,00,28,+30,+37.86603,-109.61414,00.8,10,038,3,2022-08-30
039953,22,242,04,00,18,+28,+37.86594,-109.61401,00.9,08,038,3,2022-08-30
039953,22,242,06,00,54,+27,+37.86830,-109.61430,00.8,10,038,3,2022-08-30
039953,22,242,08,00,90,+32,+37.85089,-109.62141,00.9,09,038,3,2022-08-30
039953,22,242,10,00,90,+34,+37.84044,-109.62555,00.9,09,038,3,2022-08-30
039953,22,242,12,00,62,+36,+37.84063,-109.62585,00.8,09,038,3,2022-08-30
039953,22,242,14,00,84,+37,+37.84134,-109.62511,00.8,09,038,3,2022-08-30
039953,22,242,16,00,72,+38,+37.84351,-109.62866,01.4,07,038,3,2022-08-30
039953,22,242,18,00,64,+35,+37.84564,-109.62662,01.0,07,038,3,2022-08-30
039953,22,242,20,00,84,+29,+37.85318,-109.61401,01.1,07,038,3,2022-08-30
039953,22,242,22,00,84,+28,+37.85149,-109.61559,00.9,08,038,3,2022-08-30
039953,22,243,00,00,48,+25,+37.85152,-109.61588,00.9,09,038,3,2022-08-31
039953,22,243,02,00,48,+27,+37.85152,-109.61579,00.7,10,038,3,2022-08-31
039953,22,243,04,00,36,+28,+37.85154,-109.61586,00.8,09,039,3,2022-08-31
039953,22,243,06,00,60,+25,+37.84993,-109.61679,00.8,10,038,3,2022-08-31
039953,22,243,08,00,86,+30,+37.84960,-109.61784,01.1,08,039,3,2022-08-31
039953,22,243,10,00,82,+37,+37.84917,-109.61914,00.8,10,038,3,2022-08-31
039953,22,243,12,00,74,+41,+37.84970,-109.61814,00.9,07,044,3,2022-08-31
039953,22,243,14,00,84,+40,+37.85184,-109.61888,00.9,08,038,3,2022-08-31
039953,22,243,16,00,50,+40,+37.85290,-109.61869,01.3,07,038,3,2022-08-31
039953,22,243,18,00,92,+38,+37.85462,-109.61653,00.9,08,038,3,2022-08-31
039953,22,243,20,00,94,+30,+37.85839,-109.61676,01.0,08,038,3,2022-08-31
039953,22,243,22,00,42,+30,+37.85833,-109.61676,00.8,09,038,3,2022-08-31
039953,22,244,00,00,58,+27,+37.85723,-109.61731,00.9,09,038,3,2022-09-01
039953,22,244,02,00,76,+30,+37.84984,-109.61868,00.8,09,039,3,2022-09-01
039953,22,244,04,00,36,+27,+37.84983,-109.61856,01.0,08,040,3,2022-09-01
039953,22,244,06,00,80,+25,+37.85874,-109.61575,01.1,08,040,3,2022-09-01
039953,22,244,10,00,66,+32,+37.86054,-109.61588,01.1,09,038,3,2022-09-01
039953,22,244,12,00,68,+41,+37.85988,-109.61571,00.8,09,038,3,2022-09-01
039953,22,244,14,00,64,+41,+37.84997,-109.61845,00.8,09,038,3,2022-09-01
039953,22,244,16,00,32,+37,+37.85002,-109.61851,01.3,08,038,3,2022-09-01
039953,22,244,18,00,94,+33,+37.84440,-109.61872,01.1,07,039,3,2022-09-01
039953,22,244,20,00,96,+24,+37.84970,-109.61994,00.9,08,038,3,2022-09-01
039953,22,244,22,00,88,+27,+37.84864,-109.62061,01.4,06,038,3,2022-09-01
039953,22,245,00,00,44,+26,+37.84870,-109.62057,00.7,11,039,3,2022-09-02
039953,22,245,02,00,44,+28,+37.84874,-109.62055,00.7,11,038,3,2022-09-02
039953,22,245,04,00,44,+26,+37.84840,-109.62071,01.1,07,038,3,2022-09-02
039953,22,245,06,00,90,+25,+37.84723,-109.62120,00.9,09,038,3,2022-09-02
039953,22,245,10,00,56,+35,+37.84713,-109.62338,01.1,08,038,3,2022-09-02
039953,22,245,14,00,58,+40,+37.85180,-109.61878,00.8,09,038,3,2022-09-02
039953,22,245,16,00,32,+38,+37.85175,-109.61912,00.9,09,038,3,2022-09-02
039953,22,245,18,00,56,+35,+37.85163,-109.61624,00.8,09,038,3,2022-09-02
039953,22,245,22,00,48,+30,+37.84980,-109.61853,01.1,07,053,3,2022-09-02
039953,22,246,00,00,42,+28,+37.84928,-109.61933,00.8,09,038,3,2022-09-03
039953,22,246,02,00,92,+28,+37.84840,-109.61916,00.7,11,038,3,2022-09-03
039953,22,246,04,00,28,+29,+37.84879,-109.61903,00.9,08,039,3,2022-09-03
039953,22,246,06,00,72,+27,+37.84814,-109.62038,01.1,07,038,3,2022-09-03
039953,22,246,08,00,96,+30,+37.84445,-109.61687,01.1,07,038,3,2022-09-03
039953,22,246,10,00,54,+34,+37.84999,-109.61860,01.1,08,039,3,2022-09-03
039953,22,246,12,00,22,+37,+37.84989,-109.61842,00.8,08,058,3,2022-09-03
039953,22,246,14,00,78,+40,+37.85051,-109.61977,00.9,08,040,3,2022-09-03
039953,22,246,16,00,80,+39,+37.85180,-109.61912,01.3,08,039,3,2022-09-03
039953,22,246,18,00,80,+33,+37.85547,-109.61948,00.8,09,038,3,2022-09-03
039953,22,246,20,00,88,+30,+37.85561,-109.61826,01.0,07,038,3,2022-09-03
039953,22,246,22,00,32,+28,+37.85557,-109.61899,00.9,08,038,3,2022-09-03
039953,22,247,00,00,68,+26,+37.85560,-109.61898,00.8,10,040,3,2022-09-04
039953,22,247,02,00,66,+25,+37.85881,-109.61605,00.8,10,039,3,2022-09-04
039953,22,247,04,00,34,+25,+37.85876,-109.61601,00.8,09,038,3,2022-09-04
039953,22,247,06,00,40,+24,+37.86112,-109.61555,00.9,09,038,3,2022-09-04
039953,22,247,10,00,28,+32,+37.86283,-109.61708,01.1,09,038,3,2022-09-04
039953,22,247,12,00,52,+36,+37.86276,-109.61612,01.6,06,038,3,2022-09-04
039953,22,247,14,00,36,+36,+37.86658,-109.61215,01.3,06,057,3,2022-09-04
039953,22,247,16,00,58,+37,+37.86521,-109.61643,01.0,07,040,3,2022-09-04
039953,22,247,18,00,44,+36,+37.86486,-109.61456,01.1,06,038,3,2022-09-04
039953,22,247,22,00,70,+27,+37.86069,-109.61589,00.8,09,038,3,2022-09-04
039953,22,248,00,00,46,+29,+37.86067,-109.61567,00.7,11,038,3,2022-09-05
039953,22,248,02,00,16,+26,+37.86069,-109.61566,00.8,09,038,3,2022-09-05
039953,22,248,04,00,32,+25,+37.85996,-109.61637,01.0,08,038,3,2022-09-05
039953,22,248,06,00,54,+24,+37.85892,-109.61411,00.9,09,038,3,2022-09-05
039953,22,248,08,00,52,+32,+37.85860,-109.61659,00.8,09,039,3,2022-09-05
039953,22,248,10,00,24,+36,+37.85850,-109.61639,01.3,08,038,3,2022-09-05
039953,22,248,12,00,20,+37,+37.85861,-109.61632,00.8,08,040,3,2022-09-05
039953,22,248,14,00,32,+39,+37.85199,-109.61922,00.8,09,038,3,2022-09-05
039953,22,248,16,00,18,+37,+37.85133,-109.61883,01.9,06,038,3,2022-09-05
039953,22,248,20,00,90,+27,+37.83234,-109.66899,01.1,06,038,3,2022-09-05
039953,22,248,22,00,98,+24,+37.83243,-109.66873,01.9,05,038,3,2022-09-05
039953,22,249,00,00,32,+24,+37.83150,-109.66945,01.0,08,039,3,2022-09-06
039953,22,249,02,00,44,+23,+37.83032,-109.66945,00.8,09,038,3,2022-09-06
039953,22,249,06,00,90,+23,+37.83046,-109.66896,01.0,09,038,3,2022-09-06
039953,22,249,10,00,74,+37,+37.82774,-109.66953,01.7,05,039,3,2022-09-06
039953,22,249,16,00,92,+40,+37.82984,-109.66856,02.0,05,038,3,2022-09-06
039953,22,249,18,00,96,+37,+37.83016,-109.66974,01.2,06,039,3,2022-09-06
039953,22,249,20,00,88,+29,+37.82851,-109.66885,01.0,07,038,3,2022-09-06
039953,22,249,22,00,36,+28,+37.82816,-109.66930,01.2,06,038,3,2022-09-06
039953,22,250,00,00,78,+25,+37.82715,-109.66949,00.8,09,038,3,2022-09-07
039953,22,250,02,00,66,+28,+37.82666,-109.66969,00.8,09,059,3,2022-09-07
039953,22,250,06,00,40,+27,+37.82671,-109.66942,01.0,09,038,3,2022-09-07
039953,22,250,08,00,94,+31,+37.83072,-109.67118,01.2,08,038,3,2022-09-07
039953,22,250,10,00,98,+36,+37.83387,-109.67245,01.2,07,038,3,2022-09-07
039953,22,250,16,00,68,+39,+37.83386,-109.67418,01.0,07,038,3,2022-09-07
039953,22,250,20,00,92,+29,+37.83192,-109.67098,01.0,07,038,3,2022-09-07
039953,22,250,22,00,42,+29,+37.83222,-109.67185,01.2,06,041,3,2022-09-07
039953,22,251,00,00,62,+25,+37.82980,-109.67411,01.3,08,039,3,2022-09-08
039953,22,251,02,00,78,+25,+37.83100,-109.67340,00.8,09,040,3,2022-09-08
039953,22,251,04,00,22,+27,+37.83078,-109.67327,01.1,08,038,3,2022-09-08
039953,22,251,06,00,34,+25,+37.83119,-109.67302,01.7,06,041,3,2022-09-08
039953,22,251,08,00,98,+29,+37.83467,-109.67373,03.4,06,049,3,2022-09-08
039953,22,251,16,01,84,+38,+37.83870,-109.66371,02.6,06,051,3,2022-09-08
039953,22,251,22,00,36,+29,+37.83068,-109.66764,00.8,09,049,3,2022-09-08
039953,22,252,00,00,26,+27,+37.83049,-109.66692,01.0,09,040,3,2022-09-09
039953,22,252,04,00,42,+26,+37.82995,-109.66793,01.2,07,038,3,2022-09-09
039953,22,252,06,00,26,+23,+37.82962,-109.66759,01.5,07,039,3,2022-09-09
039953,22,252,08,00,96,+25,+37.83025,-109.67085,00.8,11,040,3,2022-09-09
039953,22,252,10,00,92,+34,+37.83018,-109.66800,01.0,08,038,3,2022-09-09
039953,22,252,12,00,90,+37,+37.83137,-109.66645,01.2,06,041,3,2022-09-09
039953,22,252,16,00,98,+35,+37.83546,-109.66506,01.6,07,038,3,2022-09-09
039953,22,252,22,00,76,+29,+37.83382,-109.64926,01.7,06,038,3,2022-09-09
039953,22,253,00,00,78,+25,+37.83361,-109.64933,01.0,08,038,3,2022-09-10
039953,22,253,02,00,36,+29,+37.83348,-109.64923,00.8,09,038,3,2022-09-10
039953,22,253,04,00,64,+27,+37.83390,-109.64859,01.0,08,040,3,2022-09-10
039953,22,253,06,00,52,+25,+37.83306,-109.64900,01.1,08,039,3,2022-09-10
039953,22,253,14,00,54,+36,+37.83142,-109.65915,00.9,08,039,3,2022-09-10
039953,22,253,16,00,64,+36,+37.83311,-109.65576,01.0,07,039,3,2022-09-10
039953,22,253,18,00,80,+31,+37.83509,-109.64846,01.7,06,038,3,2022-09-10
039953,22,253,20,00,82,+28,+37.83480,-109.64828,01.3,07,040,3,2022-09-10
039953,22,253,22,00,34,+26,+37.83476,-109.64811,00.9,08,039,3,2022-09-10
039953,22,254,00,00,84,+21,+37.83430,-109.64801,00.8,10,038,3,2022-09-11
039953,22,254,02,00,50,+25,+37.83393,-109.64826,00.8,09,040,3,2022-09-11
039953,22,254,08,00,98,+28,+37.83287,-109.65198,00.9,08,039,3,2022-09-11
039953,22,254,12,00,32,+37,+37.83176,-109.65189,01.0,07,039,3,2022-09-11
039953,22,255,00,00,38,+24,+37.83599,-109.67288,00.8,10,038,3,2022-09-12
039953,22,255,12,01,96,+34,+37.86436,-109.65353,01.5,05,039,3,2022-09-12
039953,22,255,14,00,70,+31,+37.86515,-109.65319,01.5,06,039,3,2022-09-12
039953,22,255,22,01,34,+27,+37.88397,-109.64688,01.2,06,051,3,2022-09-12
039953,22,256,00,00,38,+27,+37.88399,-109.64689,01.2,07,039,3,2022-09-13
039953,22,256,04,00,78,+26,+37.88351,-109.64714,01.1,07,054,3,2022-09-13
039953,22,256,06,00,42,+25,+37.88312,-109.64703,01.9,05,044,3,2022-09-13
039953,22,256,18,01,88,+25,+37.85917,-109.65404,02.7,04,049,3,2022-09-13
039953,22,257,08,01,88,+25,+37.86352,-109.65370,01.1,07,044,3,2022-09-14
039953,22,258,00,01,82,+25,+37.86531,-109.65273,01.6,06,038,3,2022-09-15
039953,22,258,02,00,70,+25,+37.86479,-109.65305,01.4,06,040,3,2022-09-15
039953,22,258,04,00,50,+25,+37.86486,-109.65303,01.8,05,040,3,2022-09-15
039953,22,258,06,00,50,+23,+37.86390,-109.65298,01.3,06,038,3,2022-09-15
039953,22,258,22,01,44,+23,+37.87456,-109.65111,01.6,06,039,3,2022-09-15
039953,22,259,00,00,58,+23,+37.87432,-109.65068,01.4,07,038,3,2022-09-16
039953,22,259,04,00,96,+23,+37.87368,-109.65061,01.7,06,038,3,2022-09-16
039953,22,259,08,00,94,+23,+37.87344,-109.65055,01.2,05,044,3,2022-09-16
039953,22,259,10,00,78,+27,+37.87477,-109.65025,01.3,05,040,3,2022-09-16
039953,22,260,00,01,34,+25,+37.87739,-109.65000,01.3,07,038,3,2022-09-17
039953,22,260,02,00,82,+22,+37.87736,-109.64987,01.0,07,040,3,2022-09-17
039953,22,260,04,00,48,+23,+37.87742,-109.64998,01.3,07,039,3,2022-09-17
039953,22,260,12,01,86,+35,+37.89427,-109.63625,01.1,06,057,3,2022-09-17
039953,22,260,14,00,72,+33,+37.89443,-109.63626,01.4,06,039,3,2022-09-17
039953,22,260,16,00,74,+34,+37.89389,-109.63600,01.6,06,038,3,2022-09-17
039953,22,260,20,00,64,+25,+37.89830,-109.63894,01.7,06,038,3,2022-09-17
039953,22,260,22,00,32,+25,+37.89802,-109.63894,00.8,09,039,3,2022-09-17
039953,22,261,00,00,46,+23,+37.89913,-109.63901,01.1,08,038,3,2022-09-18
039953,22,261,02,00,84,+21,+37.89963,-109.63894,01.1,07,047,3,2022-09-18
039953,22,261,04,00,46,+20,+37.89967,-109.63898,01.4,06,040,3,2022-09-18
039953,22,261,06,00,30,+21,+37.90004,-109.63888,01.6,06,038,3,2022-09-18
039953,22,261,20,01,84,+27,+37.91839,-109.64113,01.3,07,044,3,2022-09-18
039953,22,261,22,00,70,+26,+37.91833,-109.64115,01.1,06,039,3,2022-09-18
039953,22,262,00,00,52,+30,+37.91838,-109.64118,01.3,07,040,3,2022-09-19
039953,22,262,02,00,56,+25,+37.91849,-109.64131,01.1,07,041,3,2022-09-19
039953,22,262,06,00,18,+24,+37.91836,-109.64104,01.4,06,038,3,2022-09-19
039953,22,262,08,00,96,+29,+37.93122,-109.63722,01.1,06,038,3,2022-09-19
039953,22,262,10,00,94,+37,+37.93825,-109.63644,01.1,06,059,3,2022-09-19
039953,22,262,12,00,80,+41,+37.93970,-109.63588,01.1,06,038,3,2022-09-19
039953,22,262,20,01,74,+28,+37.94084,-109.63488,01.0,07,051,3,2022-09-19
039953,22,262,22,00,42,+26,+37.94080,-109.63494,00.9,08,039,3,2022-09-19
039953,22,263,00,00,50,+25,+37.94086,-109.63482,00.9,09,038,3,2022-09-20
039953,22,263,02,00,26,+27,+37.94076,-109.63472,00.9,08,038,3,2022-09-20
039953,22,263,04,00,68,+27,+37.94107,-109.63465,01.0,07,040,3,2022-09-20
039953,22,263,06,00,46,+25,+37.94130,-109.63425,01.1,08,040,3,2022-09-20
039953,22,263,08,00,90,+30,+37.94258,-109.63510,01.1,07,038,3,2022-09-20
039953,22,263,12,00,58,+34,+37.94479,-109.63452,01.1,06,038,3,2022-09-20
039953,22,263,16,00,68,+27,+37.94510,-109.63245,01.1,07,037,3,2022-09-20
039953,22,263,18,00,78,+28,+37.94500,-109.63265,01.1,07,038,3,2022-09-20
039953,22,263,20,00,48,+27,+37.94493,-109.63270,01.1,08,039,3,2022-09-20
039953,22,263,22,00,38,+25,+37.94490,-109.63279,01.0,07,040,3,2022-09-20
039953,22,264,00,00,30,+27,+37.94493,-109.63288,00.9,09,038,3,2022-09-21
039953,22,264,02,00,90,+25,+37.94509,-109.63276,01.0,07,039,3,2022-09-21
039953,22,264,04,00,38,+26,+37.94490,-109.63279,01.1,07,040,3,2022-09-21
039953,22,264,06,00,44,+25,+37.94517,-109.63397,01.8,06,038,3,2022-09-21
039953,22,264,08,00,84,+26,+37.94600,-109.63261,00.8,09,039,3,2022-09-21
039953,22,264,12,00,46,+32,+37.94356,-109.63571,01.1,06,038,3,2022-09-21
039953,22,264,16,00,56,+29,+37.94571,-109.63467,00.9,10,038,3,2022-09-21
039953,22,264,18,00,88,+28,+37.94563,-109.63253,01.2,06,050,3,2022-09-21
039953,22,264,20,00,54,+28,+37.94546,-109.63259,01.0,07,040,3,2022-09-21
039953,22,264,22,00,28,+26,+37.94548,-109.63261,01.1,08,040,3,2022-09-21
039953,22,265,02,00,36,+27,+37.94546,-109.63253,01.1,07,038,3,2022-09-22
039953,22,265,04,00,50,+25,+37.94559,-109.63268,01.0,08,038,3,2022-09-22
039953,22,265,06,00,44,+25,+37.94509,-109.63284,01.2,08,045,3,2022-09-22
039953,22,265,10,00,98,+35,+37.94242,-109.63442,00.9,07,039,3,2022-09-22
039953,22,265,12,00,60,+35,+37.94189,-109.63478,01.0,07,040,3,2022-09-22
039953,22,265,16,00,92,+36,+37.93944,-109.63726,00.8,10,038,3,2022-09-22
039953,22,265,18,00,92,+30,+37.93859,-109.63638,01.5,06,038,3,2022-09-22
039953,22,265,20,00,60,+27,+37.93770,-109.63635,01.1,07,040,3,2022-09-22
039953,22,265,22,00,60,+25,+37.94100,-109.63649,01.8,06,049,3,2022-09-22
039953,22,266,00,00,52,+25,+37.93710,-109.63600,01.1,07,038,3,2022-09-23
039953,22,266,04,00,74,+25,+37.93693,-109.63602,01.1,08,038,3,2022-09-23
039953,22,266,06,00,46,+23,+37.93648,-109.63608,01.9,06,040,3,2022-09-23
039953,22,266,08,00,98,+25,+37.93758,-109.63739,01.8,07,039,3,2022-09-23
039953,22,266,10,00,70,+33,+37.93764,-109.63718,00.9,07,038,3,2022-09-23
039953,22,266,16,00,70,+41,+37.94593,-109.63260,01.2,06,038,3,2022-09-23
039953,22,266,18,00,78,+31,+37.94404,-109.63331,01.2,07,038,3,2022-09-23
039953,22,266,20,00,76,+25,+37.94282,-109.63388,01.2,08,039,3,2022-09-23
039953,22,267,00,00,98,+20,+37.94299,-109.63428,01.0,08,038,3,2022-09-24
039953,22,267,04,00,54,+18,+37.94202,-109.63333,01.3,05,038,3,2022-09-24
039953,22,267,06,00,40,+17,+37.94206,-109.63341,02.1,05,039,3,2022-09-24
039953,22,267,10,00,68,+33,+37.93848,-109.63213,00.9,07,038,3,2022-09-24
039953,22,267,12,00,58,+40,+37.93886,-109.63222,01.2,05,038,3,2022-09-24
039953,22,267,14,00,60,+35,+37.94163,-109.63272,01.4,06,040,3,2022-09-24
039953,22,267,16,00,58,+39,+37.94283,-109.63499,01.0,08,047,3,2022-09-24
039953,22,267,18,00,90,+30,+37.94474,-109.63367,01.2,06,038,3,2022-09-24
039953,22,267,20,00,96,+25,+37.94340,-109.63326,00.9,08,040,3,2022-09-24
039953,22,267,22,00,46,+25,+37.94333,-109.63314,01.0,07,038,3,2022-09-24
039953,22,268,00,00,56,+20,+37.94390,-109.63314,01.1,07,038,3,2022-09-25
039953,22,268,02,00,90,+19,+37.94370,-109.63306,01.2,06,040,3,2022-09-25
039953,22,268,04,00,32,+19,+37.94369,-109.63314,00.9,09,038,3,2022-09-25
039953,22,268,06,00,64,+17,+37.94413,-109.63330,01.2,07,058,3,2022-09-25
039953,22,268,08,00,90,+26,+37.94579,-109.63287,01.0,07,038,3,2022-09-25
039953,22,268,10,00,70,+31,+37.94567,-109.63234,01.0,06,040,3,2022-09-25
039953,22,268,12,00,54,+39,+37.94542,-109.63432,01.1,06,038,3,2022-09-25
039953,22,268,16,00,94,+40,+37.94509,-109.63417,01.2,06,038,3,2022-09-25
039953,22,268,22,00,40,+23,+37.94027,-109.63681,01.0,07,038,3,2022-09-25
039953,22,269,00,00,66,+21,+37.94040,-109.63672,01.0,09,040,3,2022-09-26
039953,22,269,02,00,36,+19,+37.94047,-109.63669,01.3,06,039,3,2022-09-26
039953,22,269,04,00,50,+20,+37.94044,-109.63671,00.9,08,038,3,2022-09-26
039953,22,269,06,00,66,+20,+37.94071,-109.63603,01.7,06,057,3,2022-09-26
039953,22,269,08,00,98,+25,+37.93670,-109.63615,01.2,07,038,3,2022-09-26
039953,22,269,10,00,90,+37,+37.93520,-109.63552,02.2,04,038,3,2022-09-26
039953,22,269,12,00,50,+40,+37.93587,-109.63568,01.3,06,039,3,2022-09-26
039953,22,269,16,00,92,+35,+37.93070,-109.63879,01.2,06,038,3,2022-09-26
039953,22,269,18,00,98,+29,+37.92972,-109.63779,02.7,05,038,3,2022-09-26
039953,22,269,20,00,68,+26,+37.92829,-109.63842,01.1,07,038,3,2022-09-26
039953,22,269,22,00,28,+28,+37.92864,-109.63848,01.8,06,038,3,2022-09-26
039953,22,270,00,00,30,+24,+37.92908,-109.63855,01.2,08,038,3,2022-09-27
039953,22,270,02,00,70,+25,+37.92957,-109.63848,01.2,07,038,3,2022-09-27
039953,22,270,04,00,28,+25,+37.92947,-109.63855,00.9,09,038,3,2022-09-27
039953,22,270,10,00,98,+37,+37.92332,-109.64109,01.0,06,038,3,2022-09-27
039953,22,270,14,00,70,+37,+37.92529,-109.64153,01.5,08,038,3,2022-09-27
039953,22,270,16,00,72,+37,+37.92723,-109.64098,01.1,07,037,3,2022-09-27
039953,22,270,20,00,84,+27,+37.92473,-109.64107,01.0,08,038,3,2022-09-27
039953,22,270,22,00,34,+28,+37.92468,-109.64107,00.9,08,038,3,2022-09-27
039953,22,271,00,00,58,+25,+37.92478,-109.64094,00.8,09,038,3,2022-09-28
039953,22,271,04,00,46,+25,+37.92475,-109.64096,00.9,09,038,3,2022-09-28
039953,22,271,08,00,94,+26,+37.92375,-109.63902,01.6,06,038,3,2022-09-28
039953,22,271,10,00,74,+31,+37.92350,-109.63922,01.0,06,040,3,2022-09-28
039953,22,271,14,00,40,+37,+37.92020,-109.63415,01.4,07,038,3,2022-09-28
039953,22,271,16,00,66,+33,+37.92085,-109.63291,01.0,07,038,3,2022-09-28
039953,22,271,20,00,44,+25,+37.92100,-109.63484,01.1,07,038,3,2022-09-28
039953,22,271,22,00,44,+25,+37.92094,-109.63480,01.0,08,038,3,2022-09-28
039953,22,272,00,00,62,+25,+37.92087,-109.63485,01.0,07,038,3,2022-09-29
039953,22,272,02,00,24,+25,+37.92118,-109.63489,01.3,06,040,3,2022-09-29
039953,22,272,04,00,32,+27,+37.92097,-109.63484,01.0,08,040,3,2022-09-29
039953,22,272,06,00,46,+23,+37.92169,-109.63432,01.8,06,038,3,2022-09-29
039953,22,272,08,00,98,+26,+37.92100,-109.63272,02.0,05,038,3,2022-09-29
039953,22,272,12,00,30,+37,+37.92069,-109.63451,00.9,07,038,3,2022-09-29
039953,22,272,16,00,78,+37,+37.93238,-109.63692,00.9,08,038,3,2022-09-29
039953,22,272,18,00,80,+29,+37.93244,-109.63710,01.2,06,038,3,2022-09-29
039953,22,272,20,00,84,+26,+37.93350,-109.63860,00.9,08,038,3,2022-09-29
039953,22,272,22,00,42,+25,+37.93310,-109.63874,00.9,09,038,3,2022-09-29
039953,22,273,00,00,28,+25,+37.93310,-109.63888,01.0,09,039,3,2022-09-30
039953,22,273,02,00,42,+25,+37.93323,-109.63871,01.1,07,038,3,2022-09-30
039953,22,273,04,00,60,+25,+37.93299,-109.63890,01.1,07,038,3,2022-09-30
039953,22,273,12,00,40,+37,+37.93960,-109.63615,00.9,08,045,3,2022-09-30
039953,22,273,14,00,60,+33,+37.93742,-109.63602,01.5,06,038,3,2022-09-30
039953,22,273,16,00,84,+25,+37.93337,-109.63709,01.1,08,038,3,2022-09-30
039953,22,273,18,00,82,+22,+37.93411,-109.63729,01.0,07,038,3,2022-09-30
039953,22,273,20,00,64,+23,+37.93298,-109.63921,00.9,08,039,3,2022-09-30
039953,22,273,22,00,24,+23,+37.93285,-109.63907,00.9,09,038,3,2022-09-30
039953,22,274,00,00,64,+23,+37.93239,-109.63924,01.0,09,038,3,2022-10-01
039953,22,274,02,00,18,+23,+37.93230,-109.63938,01.1,07,038,3,2022-10-01
039953,22,274,04,00,24,+23,+37.93286,-109.63915,00.9,09,038,3,2022-10-01
039953,22,274,06,00,48,+23,+37.93345,-109.63844,00.9,09,038,3,2022-10-01
039953,22,274,12,00,64,+33,+37.93623,-109.63715,00.9,08,038,3,2022-10-01
039953,22,274,16,00,68,+32,+37.93747,-109.63691,01.2,07,038,3,2022-10-01
039953,22,274,18,00,90,+28,+37.94233,-109.63411,01.0,07,038,3,2022-10-01
039953,22,274,20,00,76,+28,+37.94203,-109.63414,00.8,09,039,3,2022-10-01
039953,22,274,22,00,38,+25,+37.94208,-109.63407,00.8,09,039,3,2022-10-01
039953,22,275,00,00,40,+25,+37.94166,-109.63259,00.9,08,038,3,2022-10-02
039953,22,275,02,00,88,+27,+37.94043,-109.63194,01.0,07,040,3,2022-10-02
039953,22,275,04,00,40,+25,+37.94046,-109.63182,00.8,10,038,3,2022-10-02
039953,22,275,06,00,64,+23,+37.94060,-109.63208,01.4,07,038,3,2022-10-02
039953,22,275,10,00,90,+25,+37.95014,-109.63112,00.8,07,038,3,2022-10-02
039953,22,275,12,00,72,+30,+37.95177,-109.62947,01.2,06,038,3,2022-10-02
039953,22,275,14,00,74,+39,+37.95148,-109.62967,01.4,07,038,3,2022-10-02
039953,22,275,16,00,88,+32,+37.95601,-109.62768,01.0,07,038,3,2022-10-02
039953,22,275,20,00,60,+22,+37.95373,-109.62879,00.9,08,038,3,2022-10-02
039953,22,275,22,00,34,+23,+37.95416,-109.62905,00.8,10,039,3,2022-10-02
039953,22,276,00,00,62,+24,+37.95411,-109.62902,01.1,08,038,3,2022-10-03
039953,22,276,02,00,50,+25,+37.95426,-109.62910,01.6,06,038,3,2022-10-03
039953,22,276,04,00,26,+23,+37.95413,-109.62902,01.0,08,039,3,2022-10-03
039953,22,276,10,00,88,+28,+37.95511,-109.62932,01.1,06,038,3,2022-10-03
039953,22,276,14,00,80,+35,+37.95722,-109.62955,00.9,08,039,3,2022-10-03
039953,22,276,16,00,90,+33,+37.95399,-109.62905,01.3,07,038,3,2022-10-03
039953,22,276,18,00,78,+26,+37.95284,-109.62902,00.9,08,038,3,2022-10-03
039953,22,276,20,00,72,+24,+37.95183,-109.62818,00.9,08,038,3,2022-10-03
039953,22,276,22,00,36,+23,+37.95167,-109.62810,00.9,09,040,3,2022-10-03
039953,22,277,00,00,36,+23,+37.95183,-109.62825,01.0,08,038,3,2022-10-04
039953,22,277,02,00,64,+20,+37.95176,-109.62826,01.2,07,038,3,2022-10-04
039953,22,277,04,00,46,+21,+37.95178,-109.62807,01.2,07,040,3,2022-10-04
039953,22,277,06,00,40,+19,+37.95215,-109.62854,01.2,06,039,3,2022-10-04
039953,22,277,08,00,98,+20,+37.95824,-109.62734,01.6,07,040,3,2022-10-04
039953,22,277,10,00,94,+29,+37.95853,-109.62688,01.0,06,038,3,2022-10-04
039953,22,277,12,00,80,+35,+37.95873,-109.62553,01.6,06,038,3,2022-10-04
039953,22,277,14,00,32,+32,+37.95820,-109.62595,01.5,07,038,3,2022-10-04
039953,22,277,16,00,92,+35,+37.95793,-109.62580,01.1,08,038,3,2022-10-04
039953,22,277,18,00,86,+28,+37.96177,-109.62998,00.9,08,038,3,2022-10-04
039953,22,277,20,00,80,+25,+37.96185,-109.62998,00.8,09,040,3,2022-10-04
039953,22,277,22,00,80,+21,+37.96227,-109.63026,01.2,08,038,3,2022-10-04
039953,22,278,00,00,52,+23,+37.96195,-109.63043,00.8,09,039,3,2022-10-05
039953,22,278,02,00,38,+20,+37.96198,-109.63021,01.1,08,038,3,2022-10-05
039953,22,278,04,00,36,+20,+37.96197,-109.63027,01.0,08,039,3,2022-10-05
039953,22,278,06,00,62,+16,+37.96190,-109.63003,00.9,10,038,3,2022-10-05
039953,22,278,08,00,88,+23,+37.96354,-109.62384,01.1,08,038,3,2022-10-05
039953,22,278,10,00,92,+28,+37.96451,-109.62265,01.0,06,038,3,2022-10-05
039953,22,278,14,00,78,+37,+37.96514,-109.62135,01.5,07,039,3,2022-10-05
039953,22,278,18,00,92,+26,+37.96861,-109.61826,01.1,06,038,3,2022-10-05
039953,22,278,20,00,52,+23,+37.96886,-109.61784,00.9,08,039,3,2022-10-05
039953,22,278,22,00,64,+23,+37.96906,-109.61701,00.9,09,038,3,2022-10-05
039953,22,279,00,00,36,+25,+37.96932,-109.61617,00.8,09,040,3,2022-10-06
039953,22,279,04,00,44,+25,+37.96903,-109.61702,00.9,08,038,3,2022-10-06
039953,22,279,06,00,40,+22,+37.96911,-109.61720,00.9,09,038,3,2022-10-06
039953,22,279,10,00,42,+32,+37.96765,-109.61125,01.0,06,038,3,2022-10-06
039953,22,279,12,00,78,+34,+37.96723,-109.61102,00.9,07,048,3,2022-10-06
039953,22,279,20,00,64,+25,+37.97518,-109.61374,01.2,06,038,3,2022-10-06
039953,22,279,22,00,40,+23,+37.97515,-109.61380,00.8,09,038,3,2022-10-06
039953,22,280,00,00,82,+21,+37.97421,-109.61508,00.8,09,038,3,2022-10-07
039953,22,280,02,00,86,+22,+37.97269,-109.61586,01.2,06,038,3,2022-10-07
039953,22,280,04,00,32,+23,+37.97321,-109.61608,01.0,08,039,3,2022-10-07
039953,22,280,06,00,46,+21,+37.97330,-109.61519,01.0,08,038,3,2022-10-07
039953,22,280,10,00,62,+30,+37.97340,-109.61515,01.3,05,038,3,2022-10-07
039953,22,280,14,00,88,+31,+37.97264,-109.61634,01.5,06,038,3,2022-10-07
039953,22,280,18,00,96,+28,+37.96993,-109.61620,01.0,07,038,3,2022-10-07
039953,22,280,20,00,72,+25,+37.96957,-109.61481,01.0,08,038,3,2022-10-07
039953,22,280,22,00,28,+24,+37.96957,-109.61475,00.9,09,038,3,2022-10-07
039953,22,281,00,00,88,+21,+37.96873,-109.61380,00.8,09,038,3,2022-10-08
039953,22,281,02,00,58,+22,+37.96960,-109.61449,01.0,07,039,3,2022-10-08
039953,22,281,04,00,22,+21,+37.96950,-109.61453,01.0,08,040,3,2022-10-08
039953,22,281,06,00,42,+20,+37.96912,-109.61357,01.2,08,038,3,2022-10-08
039953,22,281,10,00,92,+30,+37.96524,-109.61041,01.3,05,038,3,2022-10-08
039953,22,281,14,00,74,+35,+37.96701,-109.61933,01.5,06,038,3,2022-10-08
039953,22,281,20,00,56,+27,+37.96964,-109.61861,01.4,05,038,3,2022-10-08
039953,22,282,00,00,88,+21,+37.96896,-109.61801,00.9,08,039,3,2022-10-09
039953,22,282,04,00,30,+21,+37.96883,-109.61799,01.1,08,038,3,2022-10-09
039953,22,282,06,00,22,+21,+37.96906,-109.61791,01.2,08,038,3,2022-10-09
039953,22,282,08,00,86,+25,+37.97031,-109.61912,03.8,05,038,3,2022-10-09
039953,22,282,10,00,74,+33,+37.96938,-109.61880,01.0,06,040,3,2022-10-09
039953,22,282,12,00,28,+34,+37.96895,-109.61824,01.1,07,038,3,2022-10-09
039953,22,282,18,00,94,+25,+37.95273,-109.62084,01.1,06,038,3,2022-10-09
039953,22,282,20,00,62,+26,+37.96253,-109.62341,01.2,06,041,3,2022-10-09
039953,22,282,22,00,56,+23,+37.96246,-109.62306,00.9,09,038,3,2022-10-09
039953,22,283,00,00,94,+23,+37.96287,-109.62288,00.9,08,038,3,2022-10-10
039953,22,283,02,00,68,+22,+37.96253,-109.62309,01.3,07,038,3,2022-10-10
039953,22,283,04,00,42,+21,+37.96238,-109.62322,01.1,08,039,3,2022-10-10
039953,22,283,06,00,22,+23,+37.96252,-109.62322,00.8,09,040,3,2022-10-10
039953,22,283,10,00,88,+31,+37.96363,-109.62204,00.9,07,038,3,2022-10-10
039953,22,283,16,00,66,+36,+37.96612,-109.61901,01.0,06,038,3,2022-10-10
039953,22,283,18,00,84,+27,+37.96806,-109.62179,01.1,07,058,3,2022-10-10
039953,22,283,20,00,56,+25,+37.96800,-109.62166,01.2,06,038,3,2022-10-10
039953,22,283,22,00,72,+22,+37.96841,-109.62105,01.2,08,038,3,2022-10-10
039953,22,284,00,00,48,+24,+37.96810,-109.62177,00.9,08,038,3,2022-10-11
039953,22,284,02,00,74,+22,+37.96807,-109.62171,01.0,07,039,3,2022-10-11
039953,22,284,04,00,38,+23,+37.96797,-109.62160,01.8,06,038,3,2022-10-11
039953,22,284,06,00,18,+24,+37.96796,-109.62135,01.0,09,038,3,2022-10-11
039953,22,284,08,00,86,+25,+37.97288,-109.61962,02.4,06,038,3,2022-10-11
039953,22,284,10,00,80,+35,+37.97254,-109.61954,01.2,06,041,3,2022-10-11
039953,22,284,12,00,20,+34,+37.97248,-109.61921,02.3,04,038,3,2022-10-11
039953,22,284,16,00,98,+36,+37.98401,-109.60794,01.0,07,038,3,2022-10-11
039953,22,284,20,01,82,+23,+37.98397,-109.60882,01.2,06,059,3,2022-10-11
039953,22,284,22,00,72,+21,+37.97779,-109.61326,00.8,10,038,3,2022-10-11
039953,22,285,00,00,78,+20,+37.97773,-109.61262,00.9,08,040,3,2022-10-12
039953,22,285,04,00,32,+20,+37.97767,-109.61307,01.1,07,038,3,2022-10-12
039953,22,285,06,00,26,+17,+37.97768,-109.61318,00.7,11,038,3,2022-10-12
039953,22,285,08,00,96,+19,+37.98437,-109.60533,00.9,09,038,3,2022-10-12
039953,22,285,10,00,92,+27,+37.99586,-109.59545,01.1,06,038,3,2022-10-12
039953,22,285,12,00,90,+34,+37.99602,-109.59612,01.5,06,038,3,2022-10-12
039953,22,285,14,00,70,+42,+37.99917,-109.59427,01.0,08,038,3,2022-10-12
039953,22,285,16,00,92,+35,+38.00402,-109.59621,02.2,05,038,3,2022-10-12
039953,22,285,20,00,80,+24,+38.00790,-109.59385,01.1,07,038,3,2022-10-12
039953,22,286,02,00,90,+21,+38.00745,-109.59374,01.0,08,048,3,2022-10-13
039953,22,286,04,00,42,+21,+38.00743,-109.59378,01.3,07,038,3,2022-10-13
039953,22,286,06,00,30,+19,+38.00741,-109.59371,01.0,08,038,3,2022-10-13
039953,22,286,08,00,94,+20,+38.00945,-109.59535,01.0,08,058,3,2022-10-13
039953,22,286,14,00,74,+37,+38.03476,-109.58866,01.2,07,038,3,2022-10-13
039953,22,286,16,00,76,+38,+38.03408,-109.58755,01.2,06,038,3,2022-10-13
039953,22,286,20,00,86,+24,+38.03757,-109.58525,01.0,08,038,3,2022-10-13
039953,22,286,22,00,62,+23,+38.03756,-109.58526,00.9,09,037,3,2022-10-13
039953,22,287,00,00,92,+19,+38.03900,-109.58456,00.8,09,038,3,2022-10-14
039953,22,287,02,00,54,+20,+38.03878,-109.58555,00.8,09,040,3,2022-10-14
039953,22,287,04,00,62,+18,+38.04011,-109.58628,01.1,08,038,3,2022-10-14
039953,22,287,06,00,48,+19,+38.04011,-109.58625,00.9,08,038,3,2022-10-14
039953,22,287,08,00,80,+23,+38.07384,-109.57647,00.9,08,039,3,2022-10-14
039953,22,287,12,00,70,+36,+38.07418,-109.56377,01.6,06,038,3,2022-10-14
039953,22,287,14,00,64,+35,+38.07435,-109.56391,00.8,09,038,3,2022-10-14
039953,22,287,16,00,78,+37,+38.07357,-109.56455,01.5,07,049,3,2022-10-14
039953,22,287,18,00,88,+24,+38.07471,-109.56504,01.2,07,040,3,2022-10-14
039953,22,287,20,00,74,+23,+38.07429,-109.56562,00.7,10,039,3,2022-10-14
039953,22,287,22,00,62,+23,+38.07416,-109.56513,01.0,08,038,3,2022-10-14
039953,22,288,00,00,76,+19,+38.07439,-109.56423,00.9,09,038,3,2022-10-15
039953,22,288,02,00,28,+18,+38.07470,-109.56536,00.8,09,039,3,2022-10-15
039953,22,288,04,00,38,+18,+38.07468,-109.56539,01.2,08,038,3,2022-10-15
039953,22,288,06,00,58,+17,+38.07407,-109.56386,00.8,10,038,3,2022-10-15
039953,22,288,08,00,78,+24,+38.07424,-109.56448,00.8,09,040,3,2022-10-15
039953,22,288,14,00,94,+40,+38.07432,-109.56275,00.9,08,038,3,2022-10-15
039953,22,288,16,00,72,+37,+38.07474,-109.56398,01.1,09,037,3,2022-10-15
039953,22,288,18,00,88,+24,+38.07461,-109.56467,01.1,08,040,3,2022-10-15
039953,22,288,20,00,38,+25,+38.07490,-109.56474,00.7,10,038,3,2022-10-15
039953,22,288,22,00,52,+20,+38.07466,-109.56468,00.9,09,038,3,2022-10-15
039953,22,289,00,00,80,+18,+38.07413,-109.56372,00.9,08,038,3,2022-10-16
039953,22,289,02,00,84,+19,+38.07474,-109.56369,00.8,09,038,3,2022-10-16
039953,22,289,04,00,60,+18,+38.07406,-109.56455,01.3,07,038,3,2022-10-16
039953,22,289,06,00,44,+20,+38.07479,-109.56452,00.9,09,058,3,2022-10-16
039953,22,289,08,00,76,+20,+38.07376,-109.56405,00.7,10,038,3,2022-10-16
039953,22,289,10,00,42,+32,+38.07354,-109.56362,01.0,07,038,3,2022-10-16
039953,22,289,14,00,70,+35,+38.07374,-109.56474,00.9,09,038,3,2022-10-16
039953,22,289,16,00,60,+30,+38.07394,-109.56478,01.1,08,038,3,2022-10-16
039953,22,289,20,00,54,+25,+38.07373,-109.56387,00.8,10,038,3,2022-10-16
039953,22,289,22,00,68,+24,+38.07396,-109.56373,00.9,09,038,3,2022-10-16
039953,22,290,00,00,56,+20,+38.07434,-109.56390,00.9,09,039,3,2022-10-17
039953,22,290,02,00,80,+19,+38.07449,-109.56365,00.9,09,039,3,2022-10-17
039953,22,290,04,00,48,+17,+38.07456,-109.56394,01.1,08,038,3,2022-10-17
039953,22,290,06,00,76,+17,+38.07572,-109.56535,00.8,10,039,3,2022-10-17
039953,22,290,08,00,80,+25,+38.07453,-109.56378,00.8,09,040,3,2022-10-17
039953,22,290,10,00,64,+32,+38.07471,-109.56372,01.0,07,039,3,2022-10-17
039953,22,290,12,00,84,+40,+38.07453,-109.56427,01.0,07,039,3,2022-10-17
039953,22,290,14,00,88,+36,+38.07409,-109.56493,00.8,10,038,3,2022-10-17
039953,22,290,16,00,68,+32,+38.07411,-109.56459,00.9,09,038,3,2022-10-17
039953,22,290,20,00,86,+23,+38.07345,-109.56527,00.7,10,038,3,2022-10-17
039953,22,290,22,00,74,+21,+38.07466,-109.56472,00.9,09,038,3,2022-10-17
039953,22,291,00,00,44,+20,+38.07535,-109.56514,00.9,08,038,3,2022-10-18
039953,22,291,02,00,58,+17,+38.07426,-109.56532,01.0,06,039,3,2022-10-18
039953,22,291,04,00,54,+18,+38.07389,-109.56480,01.4,07,038,3,2022-10-18
039953,22,291,06,00,74,+18,+38.07513,-109.56626,01.1,09,039,3,2022-10-18
039953,22,291,08,00,78,+24,+38.07329,-109.56433,00.8,09,038,3,2022-10-18
039953,22,291,10,00,68,+33,+38.07440,-109.56446,01.0,07,038,3,2022-10-18
039953,22,291,12,00,72,+34,+38.07441,-109.56432,01.4,06,038,3,2022-10-18
039953,22,291,14,00,82,+33,+38.07442,-109.56440,01.0,07,038,3,2022-10-18
039953,22,291,16,00,80,+35,+38.07443,-109.56427,01.3,06,038,3,2022-10-18
039953,22,291,18,00,88,+23,+38.07481,-109.56388,00.9,07,039,3,2022-10-18
039953,22,291,20,00,66,+24,+38.07495,-109.56377,00.9,08,040,3,2022-10-18
039953,22,291,22,00,50,+21,+38.07469,-109.56385,00.9,09,039,3,2022-10-18
039953,22,292,00,00,82,+19,+38.07443,-109.56415,01.0,07,038,3,2022-10-19
039953,22,292,02,00,90,+17,+38.07481,-109.56438,00.9,09,040,3,2022-10-19
039953,22,292,04,00,44,+20,+38.07512,-109.56429,01.1,08,038,3,2022-10-19
039953,22,292,06,00,40,+16,+38.07556,-109.56513,00.8,10,039,3,2022-10-19
039953,22,292,08,00,68,+24,+38.07302,-109.56452,00.8,09,058,3,2022-10-19
039953,22,292,10,00,68,+34,+38.07390,-109.56314,01.1,06,038,3,2022-10-19
039953,22,292,12,00,64,+36,+38.07420,-109.56459,01.3,06,040,3,2022-10-19
039953,22,292,14,00,84,+37,+38.07473,-109.56381,00.9,08,038,3,2022-10-19
039953,22,292,16,00,64,+35,+38.07354,-109.56207,01.5,06,038,3,2022-10-19
039953,22,292,18,00,90,+23,+38.07460,-109.56381,00.9,07,038,3,2022-10-19
039953,22,292,20,00,68,+23,+38.07489,-109.56407,00.9,09,040,3,2022-10-19
039953,22,292,22,00,58,+19,+38.07460,-109.56417,00.9,09,038,3,2022-10-19
039953,22,293,00,00,38,+21,+38.07469,-109.56401,00.9,09,038,3,2022-10-20
039953,22,293,02,00,92,+17,+38.07432,-109.56452,01.0,08,038,3,2022-10-20
039953,22,293,04,00,62,+17,+38.07456,-109.56470,01.0,09,038,3,2022-10-20
039953,22,293,06,00,64,+16,+38.07609,-109.56734,00.9,09,038,3,2022-10-20
039953,22,293,08,00,86,+23,+38.07474,-109.56358,00.9,09,039,3,2022-10-20
039953,22,293,10,00,54,+37,+38.07481,-109.56387,01.3,05,038,3,2022-10-20
039953,22,293,12,00,74,+35,+38.07389,-109.56365,01.3,07,057,3,2022-10-20
039953,22,293,14,00,62,+37,+38.07502,-109.56424,01.3,08,038,3,2022-10-20
039953,22,293,16,00,72,+35,+38.07330,-109.56378,01.4,06,043,3,2022-10-20
039953,22,293,18,00,92,+24,+38.07421,-109.56297,00.9,07,038,3,2022-10-20
039953,22,293,20,00,88,+23,+38.07436,-109.56407,00.9,08,040,3,2022-10-20
039953,22,293,22,00,56,+20,+38.07447,-109.56419,00.9,09,038,3,2022-10-20
039953,22,294,00,00,60,+19,+38.07430,-109.56398,01.3,06,057,3,2022-10-21
039953,22,294,02,00,86,+19,+38.07469,-109.56331,00.9,09,040,3,2022-10-21
039953,22,294,04,00,44,+20,+38.07469,-109.56330,01.4,06,038,3,2022-10-21
039953,22,294,06,00,48,+18,+38.07482,-109.56350,00.9,09,038,3,2022-10-21
039953,22,294,08,00,76,+23,+38.07384,-109.56352,00.7,09,038,3,2022-10-21
039953,22,294,10,00,66,+36,+38.07429,-109.56371,01.0,07,038,3,2022-10-21
039953,22,294,14,00,58,+37,+38.07466,-109.56428,01.0,08,038,3,2022-10-21
039953,22,294,16,00,80,+34,+38.07631,-109.56472,01.1,06,058,3,2022-10-21
039953,22,294,18,00,78,+26,+38.07479,-109.56304,01.1,06,038,3,2022-10-21
039953,22,294,20,00,74,+25,+38.07414,-109.56491,01.0,08,039,3,2022-10-21
039953,22,294,22,00,60,+25,+38.07440,-109.56440,01.2,08,038,3,2022-10-21
039953,22,295,02,00,58,+25,+38.07508,-109.56440,00.9,09,038,3,2022-10-22
039953,22,295,04,00,26,+25,+38.07512,-109.56446,01.0,09,038,3,2022-10-22
039953,22,295,06,00,36,+24,+38.07478,-109.56339,01.0,09,038,3,2022-10-22
039953,22,295,08,00,62,+25,+38.07448,-109.56429,00.8,08,038,3,2022-10-22
039953,22,295,10,00,74,+31,+38.07354,-109.56385,01.0,07,038,3,2022-10-22
039953,22,295,14,00,84,+33,+38.07315,-109.56485,01.1,07,038,3,2022-10-22
039953,22,295,16,00,68,+32,+38.07479,-109.56333,01.1,06,041,3,2022-10-22
039953,22,296,16,01,78,+14,+38.07396,-109.56387,01.3,06,038,3,2022-10-23
039953,22,296,18,00,96,+14,+38.07429,-109.56375,00.9,08,038,3,2022-10-23
039953,22,296,20,00,86,+14,+38.07441,-109.56375,00.9,08,038,3,2022-10-23
039953,22,296,22,00,88,+14,+38.07350,-109.56382,01.3,07,038,3,2022-10-23
039953,22,297,02,00,46,+13,+38.07470,-109.56427,00.9,09,038,3,2022-10-24
039953,22,297,04,00,50,+13,+38.07471,-109.56427,01.0,09,038,3,2022-10-24
039953,22,297,06,00,24,+15,+38.07477,-109.56417,00.9,09,039,3,2022-10-24
039953,22,297,08,00,68,+16,+38.07393,-109.56299,00.9,08,038,3,2022-10-24
039953,22,297,10,00,86,+17,+38.07394,-109.56289,00.9,07,038,3,2022-10-24
039953,22,297,12,00,84,+20,+38.07771,-109.57302,02.3,06,039,3,2022-10-24
039953,22,297,14,00,88,+23,+38.07519,-109.56978,00.9,08,038,3,2022-10-24
039953,22,297,16,00,74,+23,+38.07456,-109.56343,01.3,06,038,3,2022-10-24
039953,22,297,18,00,88,+14,+38.07405,-109.56302,01.0,06,038,3,2022-10-24
039953,22,297,20,00,76,+14,+38.07399,-109.56314,00.9,08,040,3,2022-10-24
039953,22,297,22,00,84,+14,+38.07389,-109.56325,01.5,07,038,3,2022-10-24
039953,22,298,00,00,60,+12,+38.07389,-109.56321,01.0,07,040,3,2022-10-25
039953,22,298,02,00,66,+11,+38.07408,-109.56466,00.9,09,038,3,2022-10-25
039953,22,298,04,00,62,+15,+38.07427,-109.56474,01.0,09,040,3,2022-10-25
039953,22,298,06,00,34,+15,+38.07429,-109.56471,00.9,09,038,3,2022-10-25
039953,22,298,08,00,76,+17,+38.07368,-109.56478,00.8,09,038,3,2022-10-25
039953,22,298,10,00,60,+23,+38.07338,-109.56415,01.1,05,055,3,2022-10-25
039953,22,298,12,00,54,+24,+38.07426,-109.56367,01.4,07,039,3,2022-10-25
039953,22,298,14,00,66,+26,+38.07464,-109.56317,01.1,08,038,3,2022-10-25
039953,22,298,16,00,76,+23,+38.07434,-109.56424,01.2,06,038,3,2022-10-25
039953,22,298,18,00,92,+19,+38.07407,-109.56287,01.4,05,060,2,2022-10-25
039953,22,298,22,00,72,+20,+38.07395,-109.56333,00.8,10,038,3,2022-10-25
039953,22,299,00,00,76,+17,+38.07426,-109.56247,01.0,07,058,3,2022-10-26
039953,22,299,02,00,48,+20,+38.07410,-109.56227,00.9,08,038,3,2022-10-26
039953,22,299,04,00,26,+18,+38.07432,-109.56240,00.9,09,041,3,2022-10-26
039953,22,299,06,00,48,+17,+38.07464,-109.56320,00.9,09,038,3,2022-10-26
039953,22,299,08,00,92,+20,+38.07386,-109.56459,00.8,09,040,3,2022-10-26
039953,22,299,10,00,62,+26,+38.07359,-109.56387,01.0,07,038,3,2022-10-26
039953,22,299,12,00,72,+25,+38.07387,-109.56394,01.4,07,038,3,2022-10-26
039953,22,299,14,00,54,+36,+38.07448,-109.56442,01.2,08,038,3,2022-10-26
039953,22,299,16,00,82,+29,+38.07340,-109.56312,01.2,05,040,3,2022-10-26
039953,22,299,18,00,84,+20,+38.07442,-109.56417,01.1,06,057,3,2022-10-26
039953,22,299,22,00,94,+19,+38.07397,-109.56471,00.7,11,038,3,2022-10-26
039953,22,300,00,00,88,+13,+38.07485,-109.56387,01.0,07,038,3,2022-10-27
039953,22,300,04,00,38,+14,+38.07509,-109.56432,00.9,09,038,3,2022-10-27
039953,22,300,06,00,46,+13,+38.07507,-109.56428,00.9,09,038,3,2022-10-27
039953,22,300,08,00,74,+13,+38.07399,-109.56461,01.2,06,040,3,2022-10-27
039953,22,300,10,00,72,+15,+38.07387,-109.56388,00.9,07,040,3,2022-10-27
039953,22,300,12,00,68,+22,+38.07365,-109.56386,01.6,06,038,3,2022-10-27
039953,22,300,14,00,76,+21,+38.07410,-109.56365,00.9,07,038,3,2022-10-27
039953,22,300,16,00,76,+21,+38.07361,-109.56340,01.2,06,038,3,2022-10-27
039953,22,300,18,00,84,+15,+38.07403,-109.56385,00.9,08,038,3,2022-10-27
039953,22,300,20,00,40,+16,+38.07488,-109.56419,00.8,09,038,3,2022-10-27
039953,22,300,22,00,60,+13,+38.07424,-109.56452,00.7,11,038,3,2022-10-27
039953,22,301,00,00,76,+13,+38.07455,-109.56439,01.4,06,038,3,2022-10-28
039953,22,301,02,00,54,+10,+38.07456,-109.56453,00.9,09,038,3,2022-10-28
039953,22,301,04,00,48,+14,+38.07413,-109.56558,00.9,09,040,3,2022-10-28
039953,22,301,06,00,36,+11,+38.07407,-109.56554,00.9,09,039,3,2022-10-28
039953,22,301,10,00,46,+23,+38.07353,-109.56375,00.9,08,038,3,2022-10-28
039953,22,301,14,00,56,+26,+38.07366,-109.56282,01.0,07,038,3,2022-10-28
039953,22,301,16,00,94,+25,+38.07386,-109.56259,01.2,05,038,3,2022-10-28
039953,22,301,18,00,80,+19,+38.07798,-109.56604,01.0,07,038,3,2022-10-28
039953,22,301,20,00,88,+14,+38.07418,-109.56459,00.7,10,038,3,2022-10-28
039953,22,301,22,00,56,+15,+38.07396,-109.56558,00.8,10,038,3,2022-10-28
039953,22,302,00,00,56,+13,+38.07783,-109.56589,01.0,07,038,3,2022-10-29
039953,22,302,02,00,84,+13,+38.07443,-109.56459,00.8,10,038,3,2022-10-29
039953,22,302,04,00,38,+14,+38.07443,-109.56459,00.9,10,038,3,2022-10-29
039953,22,302,06,00,66,+12,+38.07426,-109.56493,01.4,08,038,3,2022-10-29
039953,22,302,08,00,72,+16,+38.07464,-109.56423,00.8,08,040,3,2022-10-29
039953,22,302,10,00,54,+23,+38.07326,-109.56385,00.9,07,039,3,2022-10-29
039953,22,302,12,00,66,+25,+38.07298,-109.56453,01.1,07,038,3,2022-10-29
039953,22,302,14,00,42,+25,+38.07294,-109.56430,01.0,07,038,3,2022-10-29
039953,22,302,16,00,26,+20,+38.19706,-109.37557,01.1,06,039,3,2022-10-29
039953,22,302,18,00,90,+17,+39.46532,-110.49234,00.8,09,038,3,2022-10-29
039953,22,302,20,00,82,+17,+40.35060,-111.76966,00.8,10,038,3,2022-10-29
039953,22,302,22,00,76,+14,+41.74120,-111.82864,01.5,06,038,3,2022-10-29
039953,22,303,00,00,00,+13,+41.74120,-111.82865,00.9,08,038,3,2022-10-30
