CollarSerialNumber,Year,Julianday,Hour,Minute,Activity,Temperature,Latitude,Longitude,HDOP,NumSats,FixTime,2D/3D,Date
040061,22,074,00,00,00,-14,+38.07069,-109.56558,00.8,08,038,3,2022-03-15
040061,22,074,01,00,00,-14,+38.07067,-109.56566,00.9,08,038,3,2022-03-15
040061,22,074,02,00,00,-15,+38.07069,-109.56566,00.9,09,038,3,2022-03-15
040061,22,074,03,00,00,-16,+38.07062,-109.56566,01.4,07,039,3,2022-03-15
040061,22,074,04,00,00,-16,+38.07070,-109.56560,01.0,08,038,3,2022-03-15
040061,22,074,05,00,00,-17,+38.07073,-109.56562,00.9,09,038,3,2022-03-15
040061,22,074,06,00,00,-17,+38.07077,-109.56565,00.8,09,038,3,2022-03-15
040061,22,074,07,00,00,-17,+38.07067,-109.56562,00.9,09,038,3,2022-03-15
040061,22,074,08,00,00,-14,+38.07074,-109.56565,00.9,08,038,3,2022-03-15
040061,22,074,09,00,10,+04,+38.07290,-109.56429,00.9,08,038,3,2022-03-15
040061,22,074,10,00,62,+10,+38.07323,-109.56428,00.9,08,038,3,2022-03-15
040061,22,074,11,00,60,+10,+38.07323,-109.56440,01.0,08,039,3,2022-03-15
040061,22,074,12,00,30,+18,+38.07304,-109.56461,00.8,10,038,3,2022-03-15
040061,22,074,13,00,14,+18,+38.07313,-109.56421,00.9,09,038,3,2022-03-15
040061,22,074,14,00,54,+15,+38.07325,-109.56409,00.8,09,038,3,2022-03-15
040061,22,074,15,00,70,+13,+38.07329,-109.56417,00.9,08,040,3,2022-03-15
040061,22,074,16,00,28,+20,+38.07340,-109.56430,01.3,06,038,3,2022-03-15
040061,22,074,17,00,58,+12,+38.07297,-109.56387,00.9,07,038,3,2022-03-15
040061,22,074,18,00,52,+05,+38.07317,-109.56405,01.0,07,039,3,2022-03-15
040061,22,074,19,00,66,+02,+38.07336,-109.56394,01.3,07,058,3,2022-03-15
040061,22,074,20,00,20,+02,+38.07306,-109.56413,00.8,09,038,3,2022-03-15
040061,22,074,21,00,08,+00,+38.07313,-109.56407,00.8,09,038,3,2022-03-15
040061,22,074,22,00,10,-03,+38.07306,-109.56415,01.0,08,038,3,2022-03-15
040061,22,074,23,00,30,-04,+38.07311,-109.56425,00.7,09,039,3,2022-03-15
040061,22,075,00,00,04,-03,+38.07310,-109.56414,00.8,08,038,3,2022-03-16
040061,22,075,01,00,26,-04,+38.07325,-109.56402,00.9,08,038,3,2022-03-16
040061,22,075,02,00,34,-05,+38.07328,-109.56410,00.9,09,038,3,2022-03-16
040061,22,075,03,00,24,-01,+38.07322,-109.56425,01.3,08,040,3,2022-03-16
040061,22,075,04,00,06,-01,+38.07310,-109.56427,00.8,10,038,3,2022-03-16
040061,22,075,05,00,04,-02,+38.07305,-109.56425,00.8,09,038,3,2022-03-16
040061,22,075,06,00,08,-03,+38.07313,-109.56427,00.9,08,038,3,2022-03-16
040061,22,075,07,00,24,-06,+38.07332,-109.56446,01.0,08,038,3,2022-03-16
040061,22,075,08,00,28,-03,+38.07310,-109.56439,00.8,09,038,3,2022-03-16
040061,22,075,09,00,38,+03,+38.07326,-109.56406,00.9,09,038,3,2022-03-16
040061,22,075,10,00,42,+09,+38.07313,-109.56465,00.9,09,038,3,2022-03-16
040061,22,075,11,00,04,+14,+38.07315,-109.56463,00.8,10,038,3,2022-03-16
040061,22,075,12,00,60,+04,+38.07326,-109.56413,00.8,10,038,3,2022-03-16
040061,22,075,13,00,34,+03,+38.07333,-109.56436,00.9,09,038,3,2022-03-16
040061,22,075,14,00,50,-04,+38.07322,-109.56406,00.8,09,038,3,2022-03-16
040061,22,075,15,00,38,-05,+38.07331,-109.56405,01.3,07,038,3,2022-03-16
040061,22,075,16,00,40,-07,+38.07302,-109.56427,01.0,07,038,3,2022-03-16
040061,22,075,17,00,72,-05,+38.07300,-109.56439,00.8,08,038,3,2022-03-16
040061,22,075,18,00,54,-05,+38.07319,-109.56391,01.0,07,038,3,2022-03-16
040061,22,075,19,00,48,-05,+38.07326,-109.56385,01.7,06,038,3,2022-03-16
040061,22,075,20,00,60,-05,+38.07321,-109.56407,00.8,09,038,3,2022-03-16
040061,22,075,21,00,10,-03,+38.07328,-109.56406,00.8,09,038,3,2022-03-16
040061,22,075,22,00,28,-02,+38.07323,-109.56410,00.9,09,038,3,2022-03-16
040061,22,075,23,00,32,-07,+38.07310,-109.56451,00.8,08,038,3,2022-03-16
040061,22,076,00,00,06,-02,+38.07317,-109.56442,00.8,08,038,3,2022-03-17
040061,22,076,01,00,14,-05,+38.07314,-109.56448,01.0,07,038,3,2022-03-17
040061,22,076,02,00,18,-07,+38.07329,-109.56409,01.1,08,038,3,2022-03-17
040061,22,076,03,00,56,-10,+38.07323,-109.56406,01.4,08,038,3,2022-03-17
040061,22,076,04,00,20,-07,+38.07298,-109.56421,00.9,09,038,3,2022-03-17
040061,22,076,05,00,22,-07,+38.07326,-109.56434,00.8,09,038,3,2022-03-17
040061,22,076,06,00,08,-06,+38.07323,-109.56436,00.8,09,038,3,2022-03-17
040061,22,076,07,00,08,-05,+38.07312,-109.56438,01.0,08,038,3,2022-03-17
040061,22,076,08,00,64,-07,+38.07324,-109.56407,00.9,08,038,3,2022-03-17
040061,22,076,09,00,50,+00,+38.07279,-109.56444,00.9,08,038,3,2022-03-17
040061,22,076,10,00,44,+10,+38.07283,-109.56444,00.9,07,038,3,2022-03-17
040061,22,076,11,00,38,+05,+38.07296,-109.56448,00.9,08,038,3,2022-03-17
040061,22,076,12,00,84,+03,+38.15920,-109.60723,01.0,07,038,3,2022-03-17
040061,22,076,13,00,92,+03,+38.15736,-109.60694,00.8,08,038,3,2022-03-17
040061,22,076,14,00,94,+03,+38.15619,-109.60666,01.0,07,038,3,2022-03-17
040061,22,076,15,00,48,+04,+38.15716,-109.60766,01.4,06,040,3,2022-03-17
040061,22,076,16,00,84,+03,+38.15974,-109.61033,00.9,07,039,3,2022-03-17
040061,22,076,17,00,74,+04,+38.15939,-109.60792,00.8,08,038,3,2022-03-17
040061,22,076,18,00,56,+02,+38.15737,-109.60735,00.9,08,038,3,2022-03-17
040061,22,076,20,00,84,-08,+38.13594,-109.59867,00.8,08,043,3,2022-03-17
040061,22,076,21,00,62,-08,+38.13708,-109.59854,00.8,09,038,3,2022-03-17
040061,22,076,22,00,86,-08,+38.13711,-109.59866,01.3,08,038,3,2022-03-17
040061,22,076,23,00,78,-09,+38.13704,-109.59856,01.1,07,040,3,2022-03-17
040061,22,077,00,00,36,-07,+38.13724,-109.59867,00.8,08,038,3,2022-03-18
040061,22,077,01,00,08,-05,+38.13723,-109.59871,00.9,08,038,3,2022-03-18
040061,22,077,02,00,18,-08,+38.13724,-109.59873,01.2,08,038,3,2022-03-18
040061,22,077,03,00,28,-07,+38.13716,-109.59864,01.4,07,038,3,2022-03-18
040061,22,077,04,00,06,-06,+38.13718,-109.59858,01.0,07,038,3,2022-03-18
040061,22,077,05,00,26,-05,+38.13697,-109.59865,00.9,09,038,3,2022-03-18
040061,22,077,06,00,02,-05,+38.13696,-109.59862,00.8,09,039,3,2022-03-18
040061,22,077,07,00,60,-10,+38.13668,-109.60039,01.2,07,038,3,2022-03-18
040061,22,077,08,00,82,-07,+38.12690,-109.60881,00.9,07,038,3,2022-03-18
040061,22,077,09,00,80,-01,+38.12697,-109.60861,01.1,07,038,3,2022-03-18
040061,22,077,10,00,06,+10,+38.12694,-109.60861,00.9,08,038,3,2022-03-18
040061,22,077,11,00,00,+14,+38.12695,-109.60861,01.0,06,038,3,2022-03-18
040061,22,077,12,00,16,+08,+38.13062,-109.60762,00.8,09,039,3,2022-03-18
040061,22,077,13,00,82,+09,+38.13214,-109.59961,01.0,08,038,3,2022-03-18
040061,22,077,14,00,96,+07,+38.13325,-109.60259,00.9,08,038,3,2022-03-18
040061,22,077,16,00,86,+08,+38.13442,-109.60498,00.9,07,052,3,2022-03-18
040061,22,077,17,00,40,+10,+38.13313,-109.60554,00.8,08,038,3,2022-03-18
040061,22,077,18,00,76,+05,+38.13211,-109.60091,01.1,07,040,3,2022-03-18
040061,22,077,19,00,92,-05,+38.13322,-109.60625,01.3,07,038,3,2022-03-18
040061,22,077,20,00,76,-07,+38.13434,-109.60727,00.9,09,038,3,2022-03-18
040061,22,077,21,00,26,-05,+38.13438,-109.60722,00.7,10,038,3,2022-03-18
040061,22,077,22,00,14,-03,+38.13431,-109.60726,01.0,08,038,3,2022-03-18
040061,22,077,23,00,18,+00,+38.13446,-109.60678,00.7,09,038,3,2022-03-18
040061,22,078,00,00,96,-08,+38.13300,-109.60361,00.8,08,040,3,2022-03-19
040061,22,078,01,00,86,-10,+38.13327,-109.60483,00.8,09,038,3,2022-03-19
040061,22,078,02,00,82,-11,+38.13451,-109.60680,01.1,08,040,3,2022-03-19
040061,22,078,03,00,26,-10,+38.13447,-109.60684,01.4,07,038,3,2022-03-19
040061,22,078,04,00,10,-09,+38.13447,-109.60684,00.8,10,038,3,2022-03-19
040061,22,078,05,00,08,-10,+38.13451,-109.60682,00.9,08,038,3,2022-03-19
040061,22,078,06,00,24,-08,+38.13449,-109.60681,01.1,07,038,3,2022-03-19
040061,22,078,07,00,70,-10,+38.13562,-109.60305,01.0,08,038,3,2022-03-19
040061,22,078,08,00,92,-04,+38.13688,-109.59774,01.1,07,038,3,2022-03-19
040061,22,078,09,00,92,+02,+38.13474,-109.59873,00.9,08,040,3,2022-03-19
040061,22,078,10,00,48,+10,+38.13216,-109.60091,01.5,06,038,3,2022-03-19
040061,22,078,11,00,22,+10,+38.13188,-109.60079,01.0,06,040,3,2022-03-19
040061,22,078,12,00,38,+09,+38.13216,-109.60305,00.8,09,038,3,2022-03-19
040061,22,078,13,00,48,+09,+38.12926,-109.60826,00.9,09,038,3,2022-03-19
040061,22,078,14,00,02,+13,+38.12926,-109.60825,01.0,08,038,3,2022-03-19
040061,22,078,15,00,58,+08,+38.14022,-109.60987,01.5,06,039,3,2022-03-19
040061,22,078,16,00,90,+06,+38.15444,-109.60707,00.9,07,041,3,2022-03-19
040061,22,078,17,00,92,+04,+38.16041,-109.60808,00.8,08,058,3,2022-03-19
040061,22,078,18,00,94,+02,+38.15998,-109.60629,01.1,07,038,3,2022-03-19
040061,22,078,20,00,96,+01,+38.16265,-109.60202,01.1,07,038,3,2022-03-19
040061,22,078,21,00,54,+02,+38.16269,-109.60160,00.9,08,038,3,2022-03-19
040061,22,078,22,00,18,+01,+38.16261,-109.60148,01.0,08,038,3,2022-03-19
040061,22,078,23,00,26,+00,+38.16253,-109.60186,01.1,07,038,3,2022-03-19
040061,22,079,00,00,16,+02,+38.16255,-109.60193,01.1,06,039,3,2022-03-20
040061,22,079,01,00,12,+01,+38.16249,-109.60184,00.8,09,038,3,2022-03-20
040061,22,079,02,00,94,+00,+38.16334,-109.60144,01.2,07,038,3,2022-03-20
040061,22,079,03,00,90,+00,+38.16382,-109.60079,01.3,07,038,3,2022-03-20
040061,22,079,04,00,50,+01,+38.16277,-109.60092,01.0,08,038,3,2022-03-20
040061,22,079,05,00,12,+01,+38.16283,-109.60092,00.9,09,038,3,2022-03-20
040061,22,079,06,00,14,+02,+38.16278,-109.60089,00.8,09,038,3,2022-03-20
040061,22,079,08,01,96,+00,+38.16366,-109.60559,01.1,07,038,3,2022-03-20
040061,22,079,10,00,52,+08,+38.16370,-109.60079,01.2,06,038,3,2022-03-20
040061,22,079,11,00,70,+08,+38.16384,-109.60239,00.9,08,057,3,2022-03-20
040061,22,079,12,00,10,+12,+38.16381,-109.60214,00.9,08,038,3,2022-03-20
040061,22,079,13,00,24,+10,+38.16427,-109.60453,01.1,07,038,3,2022-03-20
040061,22,079,14,00,98,+09,+38.16330,-109.60274,01.2,07,038,3,2022-03-20
040061,22,079,15,00,06,+13,+38.16305,-109.60241,01.1,06,038,3,2022-03-20
040061,22,079,16,00,72,+05,+38.16411,-109.60247,00.9,07,038,3,2022-03-20
040061,22,079,17,00,94,+03,+38.16420,-109.59719,00.8,08,038,3,2022-03-20
040061,22,079,18,00,96,+02,+38.16396,-109.60529,01.7,06,038,3,2022-03-20
040061,22,079,19,00,90,+00,+38.16406,-109.60600,01.7,06,038,3,2022-03-20
040061,22,079,20,00,48,-02,+38.16380,-109.60577,00.8,10,039,3,2022-03-20
040061,22,079,21,00,24,-01,+38.16387,-109.60577,00.8,09,038,3,2022-03-20
040061,22,079,22,00,18,-02,+38.16376,-109.60581,01.0,07,038,3,2022-03-20
040061,22,079,23,00,16,-02,+38.16381,-109.60581,00.9,08,038,3,2022-03-20
040061,22,080,00,00,80,-07,+38.16433,-109.60518,01.0,07,038,3,2022-03-21
040061,22,080,01,00,48,-06,+38.16407,-109.60568,00.8,09,037,3,2022-03-21
040061,22,080,02,00,60,-09,+38.16335,-109.60685,01.1,08,038,3,2022-03-21
040061,22,080,03,00,40,-10,+38.16370,-109.60597,01.2,08,039,3,2022-03-21
040061,22,080,04,00,48,-10,+38.16375,-109.60586,01.0,08,038,3,2022-03-21
040061,22,080,05,00,24,-10,+38.16363,-109.60565,00.9,08,038,3,2022-03-21
040061,22,080,06,00,18,-09,+38.16362,-109.60573,00.8,09,038,3,2022-03-21
040061,22,080,07,00,42,-10,+38.16206,-109.60346,01.0,08,038,3,2022-03-21
040061,22,080,08,00,70,-06,+38.16091,-109.60613,01.1,07,038,3,2022-03-21
040061,22,080,09,00,70,-05,+38.15811,-109.60865,00.9,08,039,3,2022-03-21
040061,22,080,10,00,84,-02,+38.16046,-109.60665,00.7,10,038,3,2022-03-21
040061,22,080,11,00,88,-02,+38.15953,-109.60621,00.8,09,058,3,2022-03-21
040061,22,080,12,00,16,+01,+38.15948,-109.60657,01.1,07,039,3,2022-03-21
040061,22,080,13,00,04,+04,+38.15949,-109.60659,00.9,08,038,3,2022-03-21
040061,22,080,14,00,04,+13,+38.15946,-109.60657,01.0,08,038,3,2022-03-21
040061,22,080,15,00,92,+03,+38.15721,-109.60546,00.9,08,038,3,2022-03-21
040061,22,080,16,00,98,+02,+38.16074,-109.59857,01.2,07,038,3,2022-03-21
040061,22,080,17,00,88,+03,+38.16380,-109.59703,00.8,09,038,3,2022-03-21
040061,22,080,18,00,90,+01,+38.16289,-109.59712,01.5,07,040,3,2022-03-21
040061,22,080,20,00,84,-05,+38.15946,-109.60626,00.8,10,038,3,2022-03-21
040061,22,080,21,00,24,-04,+38.15957,-109.60617,00.8,08,039,3,2022-03-21
040061,22,080,22,00,14,-05,+38.15957,-109.60620,00.9,08,038,3,2022-03-21
040061,22,080,23,00,06,-07,+38.15953,-109.60620,00.8,09,038,3,2022-03-21
040061,22,081,00,00,22,-07,+38.15950,-109.60621,01.2,07,038,3,2022-03-22
040061,22,081,01,00,08,-07,+38.15953,-109.60617,00.9,08,038,3,2022-03-22
040061,22,081,02,00,42,-10,+38.16011,-109.60720,01.4,08,038,3,2022-03-22
040061,22,081,03,00,96,-12,+38.16115,-109.60838,00.9,09,038,3,2022-03-22
040061,22,081,04,00,96,-11,+38.16112,-109.60919,00.9,09,038,3,2022-03-22
040061,22,081,05,00,28,-09,+38.16127,-109.60933,00.9,09,038,3,2022-03-22
040061,22,081,06,00,14,-07,+38.16150,-109.60932,00.9,08,038,3,2022-03-22
040061,22,081,07,00,72,-11,+38.16011,-109.61103,01.0,07,038,3,2022-03-22
040061,22,081,08,00,90,+00,+38.15938,-109.61254,01.1,07,037,3,2022-03-22
040061,22,081,09,00,84,+00,+38.15713,-109.61012,00.9,07,040,3,2022-03-22
040061,22,081,10,00,50,+02,+38.15292,-109.61026,00.7,10,038,3,2022-03-22
040061,22,081,11,00,70,+06,+38.15575,-109.61153,00.8,09,038,3,2022-03-22
040061,22,081,13,00,10,+05,+38.15436,-109.61376,00.9,09,038,3,2022-03-22
040061,22,081,14,00,10,+07,+38.15432,-109.61370,01.0,08,038,3,2022-03-22
040061,22,081,15,00,46,+01,+38.15847,-109.61428,00.9,08,038,3,2022-03-22
040061,22,081,16,00,96,+02,+38.16012,-109.61154,00.9,08,038,3,2022-03-22
040061,22,081,17,00,94,+04,+38.15931,-109.61345,00.8,09,037,3,2022-03-22
040061,22,081,18,00,98,+00,+38.15933,-109.60939,00.9,09,039,3,2022-03-22
040061,22,081,20,00,36,-03,+38.16024,-109.60923,00.8,10,038,3,2022-03-22
040061,22,081,21,00,18,-03,+38.16026,-109.60920,00.8,09,038,3,2022-03-22
040061,22,081,22,00,12,-02,+38.16025,-109.60919,01.3,06,038,3,2022-03-22
040061,22,081,23,00,12,-05,+38.16024,-109.60926,00.8,09,038,3,2022-03-22
040061,22,082,00,00,12,-05,+38.16019,-109.60926,00.8,09,038,3,2022-03-23
040061,22,082,01,00,36,-08,+38.16013,-109.60903,00.8,09,038,3,2022-03-23
040061,22,082,02,00,32,-09,+38.16029,-109.60928,01.1,08,038,3,2022-03-23
040061,22,082,03,00,06,-10,+38.16024,-109.60926,00.9,09,038,3,2022-03-23
040061,22,082,04,00,06,-09,+38.16030,-109.60926,00.9,09,038,3,2022-03-23
040061,22,082,05,00,20,-12,+38.16030,-109.60926,00.8,10,038,3,2022-03-23
040061,22,082,06,00,08,-11,+38.16026,-109.60926,00.9,09,038,3,2022-03-23
040061,22,082,07,00,84,-15,+38.16183,-109.60762,00.9,08,038,3,2022-03-23
040061,22,082,08,00,38,+01,+38.16207,-109.60594,00.9,08,038,3,2022-03-23
040061,22,082,09,00,88,+05,+38.16340,-109.60041,01.0,08,038,3,2022-03-23
040061,22,082,10,00,92,+02,+38.16127,-109.59774,01.0,08,038,3,2022-03-23
040061,22,082,12,00,08,+18,+38.15890,-109.60155,00.9,08,038,3,2022-03-23
040061,22,082,13,00,04,+21,+38.15888,-109.60159,01.1,07,039,3,2022-03-23
040061,22,082,14,00,22,+15,+38.15863,-109.60117,00.9,09,038,3,2022-03-23
040061,22,082,16,00,96,+08,+38.15812,-109.60381,00.9,08,038,3,2022-03-23
040061,22,082,17,00,48,+13,+38.15798,-109.60578,00.8,09,038,3,2022-03-23
040061,22,082,18,00,78,+09,+38.15490,-109.60705,00.9,09,038,3,2022-03-23
040061,22,082,20,00,78,-05,+38.15151,-109.60662,00.8,09,039,3,2022-03-23
040061,22,082,21,00,74,-04,+38.15233,-109.60556,00.8,09,039,3,2022-03-23
040061,22,082,22,00,20,-03,+38.15237,-109.60558,00.9,08,038,3,2022-03-23
040061,22,082,23,00,14,-04,+38.15234,-109.60559,00.8,09,038,3,2022-03-23
040061,22,083,00,00,44,-07,+38.15251,-109.60606,00.9,08,038,3,2022-03-24
040061,22,083,01,00,66,-09,+38.15244,-109.60600,00.8,09,038,3,2022-03-24
040061,22,083,02,00,20,-09,+38.15251,-109.60594,01.1,08,038,3,2022-03-24
040061,22,083,03,00,20,-08,+38.15249,-109.60598,00.9,09,038,3,2022-03-24
040061,22,083,04,00,20,-08,+38.15246,-109.60600,01.2,08,038,3,2022-03-24
040061,22,083,05,00,36,-06,+38.15253,-109.60594,01.2,06,038,3,2022-03-24
040061,22,083,06,00,10,-06,+38.15246,-109.60600,01.0,08,037,3,2022-03-24
040061,22,083,07,00,80,-11,+38.15591,-109.60371,01.3,06,038,3,2022-03-24
040061,22,083,08,00,94,+04,+38.16350,-109.60070,00.9,08,038,3,2022-03-24
040061,22,083,09,00,50,+06,+38.16259,-109.60058,00.9,08,038,3,2022-03-24
040061,22,083,10,00,96,+08,+38.16263,-109.60056,01.0,07,039,3,2022-03-24
040061,22,083,11,00,08,+17,+38.16262,-109.60041,00.8,08,038,3,2022-03-24
040061,22,083,12,00,24,+20,+38.16325,-109.60028,01.0,08,038,3,2022-03-24
040061,22,083,13,00,70,+11,+38.16383,-109.60128,00.9,09,040,3,2022-03-24
040061,22,083,14,00,94,+12,+38.16422,-109.60340,01.0,08,038,3,2022-03-24
040061,22,083,15,00,96,+15,+38.16433,-109.60466,01.0,07,039,3,2022-03-24
040061,22,083,16,00,34,+14,+38.16426,-109.60358,01.2,07,038,3,2022-03-24
040061,22,083,17,00,48,+13,+38.16484,-109.60087,00.9,08,038,3,2022-03-24
040061,22,083,20,00,66,+02,+38.16329,-109.59804,00.9,08,038,3,2022-03-24
040061,22,083,21,00,32,+00,+38.16300,-109.59786,01.0,08,038,3,2022-03-24
040061,22,083,22,00,08,+00,+38.16299,-109.59791,00.9,08,038,3,2022-03-24
040061,22,083,23,00,12,-01,+38.16296,-109.59789,00.8,09,038,3,2022-03-24
040061,22,084,00,00,22,-02,+38.16291,-109.59793,00.9,08,038,3,2022-03-25
040061,22,084,01,00,06,+00,+38.16303,-109.59786,01.6,06,038,3,2022-03-25
040061,22,084,02,00,20,-02,+38.16297,-109.59793,01.3,07,038,3,2022-03-25
040061,22,084,03,00,50,-06,+38.16260,-109.59725,01.1,08,038,3,2022-03-25
040061,22,084,04,00,08,-05,+38.16257,-109.59724,01.0,08,038,3,2022-03-25
040061,22,084,05,00,08,-05,+38.16264,-109.59726,00.7,09,038,3,2022-03-25
040061,22,084,06,00,08,-05,+38.16254,-109.59728,01.2,06,039,3,2022-03-25
040061,22,084,07,00,76,-04,+38.16524,-109.59476,01.2,06,038,3,2022-03-25
040061,22,084,08,00,94,+03,+38.16474,-109.59690,01.1,07,038,3,2022-03-25
040061,22,084,09,00,66,+07,+38.15782,-109.60484,00.9,08,037,3,2022-03-25
040061,22,084,10,00,88,+13,+38.15806,-109.60462,00.7,10,038,3,2022-03-25
040061,22,084,11,00,04,+17,+38.15816,-109.60446,00.9,08,038,3,2022-03-25
040061,22,084,12,00,42,+16,+38.15837,-109.60539,01.1,07,038,3,2022-03-25
040061,22,084,13,00,82,+18,+38.15930,-109.60472,01.0,08,038,3,2022-03-25
040061,22,084,14,00,52,+19,+38.15995,-109.60609,00.9,08,038,3,2022-03-25
040061,22,084,15,00,04,+19,+38.15999,-109.60628,01.3,06,038,3,2022-03-25
040061,22,084,16,00,50,+17,+38.15930,-109.60970,01.2,07,039,3,2022-03-25
040061,22,084,17,00,94,+16,+38.15927,-109.61340,00.9,08,038,3,2022-03-25
040061,22,084,21,01,84,+00,+38.16072,-109.60956,01.0,08,051,3,2022-03-25
040061,22,084,22,00,22,+02,+38.16070,-109.61002,00.9,08,038,3,2022-03-25
040061,22,084,23,00,08,+02,+38.16067,-109.60999,00.8,08,038,3,2022-03-25
040061,22,085,00,00,08,+03,+38.16066,-109.61006,00.9,08,038,3,2022-03-26
040061,22,085,01,00,06,+00,+38.16070,-109.61003,00.8,09,038,3,2022-03-26
040061,22,085,02,00,08,-03,+38.16066,-109.61008,01.1,08,038,3,2022-03-26
040061,22,085,03,00,58,-02,+38.16096,-109.60955,00.8,10,038,3,2022-03-26
040061,22,085,04,00,08,-03,+38.16096,-109.60955,00.9,09,037,3,2022-03-26
040061,22,085,05,00,10,-02,+38.16099,-109.60956,00.7,11,038,3,2022-03-26
040061,22,085,06,00,02,-03,+38.16098,-109.60955,00.9,09,038,3,2022-03-26
040061,22,085,07,00,80,-04,+38.16230,-109.60821,01.0,07,038,3,2022-03-26
040061,22,085,08,00,96,+06,+38.16194,-109.60705,01.1,07,038,3,2022-03-26
040061,22,085,09,00,54,+13,+38.16321,-109.60041,01.0,07,038,3,2022-03-26
040061,22,085,10,00,60,+18,+38.16347,-109.60064,00.8,08,038,3,2022-03-26
040061,22,085,11,00,52,+18,+38.16405,-109.60083,00.8,08,057,3,2022-03-26
040061,22,085,12,00,60,+19,+38.16381,-109.60002,01.1,07,038,3,2022-03-26
040061,22,085,13,00,24,+18,+38.16383,-109.60057,00.9,08,038,3,2022-03-26
040061,22,085,14,00,44,+23,+38.16363,-109.60102,00.9,09,038,3,2022-03-26
040061,22,085,15,00,04,+21,+38.16356,-109.60111,01.0,07,038,3,2022-03-26
040061,22,085,16,00,42,+16,+38.16321,-109.59700,01.2,07,038,3,2022-03-26
040061,22,085,17,00,92,+18,+38.16314,-109.58866,01.0,07,038,3,2022-03-26
040061,22,085,18,00,96,+13,+38.16112,-109.58649,01.2,07,039,3,2022-03-26
040061,22,085,19,00,98,+09,+38.16239,-109.58618,01.5,05,038,3,2022-03-26
040061,22,085,21,00,26,+08,+38.16249,-109.58662,01.0,08,038,3,2022-03-26
040061,22,085,22,00,12,+06,+38.16244,-109.58662,00.9,08,038,3,2022-03-26
040061,22,085,23,00,78,+05,+38.16237,-109.58652,01.2,05,039,3,2022-03-26
040061,22,086,00,00,16,+06,+38.16240,-109.58667,01.0,07,040,3,2022-03-27
040061,22,086,01,00,08,+07,+38.16244,-109.58652,01.7,06,038,3,2022-03-27
040061,22,086,02,00,26,+05,+38.16247,-109.58667,01.2,06,037,3,2022-03-27
040061,22,086,03,00,12,+04,+38.16463,-109.58840,01.1,08,038,3,2022-03-27
040061,22,086,04,00,14,+04,+38.16243,-109.58663,01.0,07,038,3,2022-03-27
040061,22,086,05,00,10,+04,+38.16247,-109.58663,01.0,07,037,3,2022-03-27
040061,22,086,06,00,28,+03,+38.16307,-109.58672,01.1,07,039,3,2022-03-27
040061,22,086,07,00,96,+03,+38.16333,-109.59024,01.0,07,038,3,2022-03-27
040061,22,086,08,00,74,+12,+38.16356,-109.60058,01.1,06,039,3,2022-03-27
040061,22,086,09,00,72,+12,+38.15812,-109.60058,01.0,07,038,3,2022-03-27
040061,22,086,10,00,80,+14,+38.15506,-109.60652,00.9,07,038,3,2022-03-27
040061,22,086,11,00,52,+18,+38.15566,-109.60735,00.7,10,040,3,2022-03-27
040061,22,086,12,00,06,+20,+38.15567,-109.60723,00.9,08,038,3,2022-03-27
040061,22,086,13,00,54,+19,+38.15438,-109.60796,01.0,08,038,3,2022-03-27
040061,22,086,14,00,96,+18,+38.15661,-109.60707,00.8,09,038,3,2022-03-27
040061,22,086,15,00,08,+21,+38.15666,-109.60686,01.3,06,039,3,2022-03-27
040061,22,086,16,00,20,+18,+38.15641,-109.60640,01.3,08,038,3,2022-03-27
040061,22,086,17,00,10,+17,+38.15669,-109.60678,00.9,08,038,3,2022-03-27
040061,22,086,18,00,96,+13,+38.15563,-109.60750,01.0,08,038,3,2022-03-27
040061,22,086,19,00,92,+06,+38.15500,-109.60575,01.0,06,057,3,2022-03-27
040061,22,086,20,00,88,+01,+38.15516,-109.60621,00.8,09,038,3,2022-03-27
040061,22,086,21,00,58,+00,+38.15576,-109.60613,01.0,08,038,3,2022-03-27
040061,22,086,22,00,14,+03,+38.15572,-109.60609,00.9,08,038,3,2022-03-27
040061,22,086,23,00,08,+07,+38.15572,-109.60610,00.8,08,038,3,2022-03-27
040061,22,087,00,00,62,+05,+38.15563,-109.60751,01.0,07,038,3,2022-03-28
040061,22,087,01,00,52,+04,+38.15563,-109.60803,00.9,09,038,3,2022-03-28
040061,22,087,02,00,08,+03,+38.15559,-109.60804,01.1,08,038,3,2022-03-28
040061,22,087,03,00,12,+03,+38.15560,-109.60806,00.9,08,038,3,2022-03-28
040061,22,087,04,00,08,+03,+38.15566,-109.60796,00.8,09,038,3,2022-03-28
040061,22,087,05,00,06,+04,+38.15563,-109.60796,00.9,08,038,3,2022-03-28
040061,22,087,06,00,08,+03,+38.15559,-109.60804,01.3,07,038,3,2022-03-28
040061,22,087,07,00,90,+04,+38.14803,-109.60846,00.9,08,038,3,2022-03-28
040061,22,087,08,00,80,+04,+38.12702,-109.60876,01.1,07,038,3,2022-03-28
040061,22,087,09,00,34,+14,+38.12716,-109.60900,01.2,06,039,3,2022-03-28
040061,22,087,10,00,08,+15,+38.12717,-109.60899,00.9,07,038,3,2022-03-28
040061,22,087,11,00,10,+13,+38.12709,-109.60903,00.9,07,038,3,2022-03-28
040061,22,087,12,00,60,+13,+38.13212,-109.60205,01.0,07,039,3,2022-03-28
040061,22,087,13,00,84,+15,+38.13538,-109.59740,01.0,07,038,3,2022-03-28
040061,22,087,14,00,96,+10,+38.13382,-109.59453,01.3,06,038,3,2022-03-28
040061,22,087,18,00,94,+06,+38.13254,-109.59253,01.4,07,045,3,2022-03-28
040061,22,087,19,00,84,+05,+38.13329,-109.59339,00.9,08,038,3,2022-03-28
040061,22,087,20,00,50,+04,+38.13509,-109.59526,00.9,08,038,3,2022-03-28
040061,22,087,21,00,46,+03,+38.13540,-109.59703,01.1,08,038,3,2022-03-28
040061,22,087,22,00,10,+03,+38.13539,-109.59705,00.9,07,038,3,2022-03-28
040061,22,087,23,00,16,-01,+38.13536,-109.59701,00.8,08,038,3,2022-03-28
040061,22,088,00,00,44,-03,+38.13617,-109.59575,01.0,07,038,3,2022-03-29
040061,22,088,01,00,62,-03,+38.13742,-109.59661,01.2,06,039,3,2022-03-29
040061,22,088,02,00,90,-03,+38.13903,-109.59736,01.2,07,038,3,2022-03-29
040061,22,088,03,00,12,+00,+38.13913,-109.59732,01.2,07,038,3,2022-03-29
040061,22,088,04,00,10,-01,+38.13916,-109.59726,00.8,09,038,3,2022-03-29
040061,22,088,05,00,12,-02,+38.13912,-109.59728,01.2,07,038,3,2022-03-29
040061,22,088,06,00,08,-02,+38.13914,-109.59730,01.6,06,040,3,2022-03-29
040061,22,088,07,00,62,-04,+38.13884,-109.59553,00.9,08,038,3,2022-03-29
040061,22,088,08,00,98,-02,+38.13985,-109.59455,01.4,06,038,3,2022-03-29
040061,22,088,10,00,90,+03,+38.13914,-109.59694,01.0,06,038,3,2022-03-29
040061,22,088,11,00,16,+07,+38.13912,-109.59717,00.9,07,040,3,2022-03-29
040061,22,088,12,00,06,+10,+38.13908,-109.59716,01.2,06,038,3,2022-03-29
040061,22,088,13,00,16,-02,+38.13909,-109.59707,01.0,07,038,3,2022-03-29
040061,22,088,14,00,84,-03,+38.13875,-109.59539,01.2,07,038,3,2022-03-29
040061,22,088,15,00,90,-01,+38.13743,-109.59474,01.4,06,038,3,2022-03-29
040061,22,088,16,00,94,-01,+38.13699,-109.59446,01.5,06,038,3,2022-03-29
040061,22,088,17,00,84,+01,+38.13611,-109.59474,01.0,07,038,3,2022-03-29
040061,22,088,18,00,96,-03,+38.13372,-109.59373,01.4,07,038,3,2022-03-29
040061,22,088,19,00,92,-04,+38.13419,-109.59423,00.9,08,038,3,2022-03-29
040061,22,088,20,00,42,-05,+38.13506,-109.59509,01.0,07,038,3,2022-03-29
040061,22,088,21,00,60,-05,+38.13507,-109.59555,01.1,07,038,3,2022-03-29
040061,22,088,22,00,32,-01,+38.13516,-109.59505,01.0,07,038,3,2022-03-29
040061,22,088,23,00,16,-01,+38.13505,-109.59506,00.9,07,040,3,2022-03-29
040061,22,089,00,00,26,-01,+38.13503,-109.59524,00.9,08,038,3,2022-03-30
040061,22,089,01,00,42,-05,+38.13488,-109.59526,01.1,08,039,3,2022-03-30
040061,22,089,02,00,46,-06,+38.13507,-109.59514,01.1,08,038,3,2022-03-30
040061,22,089,03,00,46,-04,+38.13533,-109.59539,01.0,08,038,3,2022-03-30
040061,22,089,04,00,58,-01,+38.13531,-109.59520,01.4,07,038,3,2022-03-30
040061,22,089,05,00,28,+05,+38.13528,-109.59533,01.1,08,038,3,2022-03-30
040061,22,089,06,00,18,+00,+38.13516,-109.59458,01.2,07,038,3,2022-03-30
040061,22,089,11,01,22,+19,+38.13333,-109.59740,01.0,08,046,3,2022-03-30
040061,22,089,12,00,02,+19,+38.13326,-109.59758,01.2,06,038,3,2022-03-30
040061,22,089,13,00,26,+06,+38.13346,-109.59758,00.9,07,040,3,2022-03-30
040061,22,089,16,00,90,+09,+38.13171,-109.59434,01.2,07,038,3,2022-03-30
040061,22,089,17,00,92,+08,+38.13379,-109.59419,01.2,06,038,3,2022-03-30
040061,22,089,18,00,92,+05,+38.13319,-109.59300,01.1,07,038,3,2022-03-30
040061,22,089,19,00,94,+00,+38.13356,-109.59388,00.9,08,039,3,2022-03-30
040061,22,089,20,00,88,-01,+38.13461,-109.59477,01.3,08,039,3,2022-03-30
040061,22,089,21,00,30,+00,+38.13470,-109.59478,01.0,08,038,3,2022-03-30
040061,22,089,22,00,16,+00,+38.13463,-109.59468,01.1,06,038,3,2022-03-30
040061,22,089,23,00,94,-04,+38.13336,-109.59523,01.1,06,038,3,2022-03-30
040061,22,090,00,00,54,-05,+38.13460,-109.59480,00.9,08,040,3,2022-03-31
040061,22,090,01,00,16,-05,+38.13452,-109.59469,01.1,08,038,3,2022-03-31
040061,22,090,02,00,10,-03,+38.13458,-109.59473,01.3,08,038,3,2022-03-31
040061,22,090,03,00,24,-04,+38.13457,-109.59468,01.0,08,038,3,2022-03-31
040061,22,090,04,00,08,-03,+38.13460,-109.59472,00.8,09,037,3,2022-03-31
040061,22,090,05,00,08,+01,+38.13455,-109.59473,00.9,08,038,3,2022-03-31
040061,22,090,06,00,30,-05,+38.13476,-109.59468,01.3,06,038,3,2022-03-31
040061,22,090,07,00,84,-05,+38.13679,-109.59560,01.1,07,037,3,2022-03-31
040061,22,090,08,00,90,+01,+38.13833,-109.59715,01.2,07,038,3,2022-03-31
040061,22,090,10,00,86,+09,+38.13783,-109.59597,01.5,06,038,3,2022-03-31
040061,22,090,11,00,02,+14,+38.13787,-109.59587,01.0,07,040,3,2022-03-31
040061,22,090,12,00,08,+15,+38.13783,-109.59600,01.2,07,038,3,2022-03-31
040061,22,090,13,00,54,+09,+38.13766,-109.59572,00.9,08,038,3,2022-03-31
040061,22,090,16,00,92,+03,+38.13620,-109.60106,01.1,08,038,3,2022-03-31
040061,22,090,20,00,74,-01,+38.14125,-109.60060,00.8,09,038,3,2022-03-31
040061,22,090,21,00,76,-03,+38.14112,-109.60066,00.9,09,038,3,2022-03-31
040061,22,090,22,00,34,+00,+38.14114,-109.60060,00.9,08,038,3,2022-03-31
040061,22,090,23,00,26,+00,+38.14112,-109.60060,01.0,07,038,3,2022-03-31
040061,22,091,00,00,12,-01,+38.14109,-109.60062,01.0,07,038,3,2022-04-01
040061,22,091,01,00,56,-05,+38.14111,-109.60064,01.1,08,039,3,2022-04-01
040061,22,091,02,00,70,-04,+38.14181,-109.59976,01.4,07,040,3,2022-04-01
040061,22,091,03,00,20,-02,+38.14179,-109.59976,01.0,08,038,3,2022-04-01
040061,22,091,04,00,08,+01,+38.14186,-109.59984,01.1,07,038,3,2022-04-01
040061,22,091,05,00,16,-03,+38.14179,-109.59970,00.9,08,038,3,2022-04-01
040061,22,091,06,00,16,-06,+38.14163,-109.59873,01.2,07,038,3,2022-04-01
040061,22,091,07,00,96,-07,+38.14418,-109.59684,01.0,08,038,3,2022-04-01
040061,22,091,08,00,94,-05,+38.14610,-109.59875,01.2,07,040,3,2022-04-01
040061,22,091,09,00,80,+03,+38.14621,-109.60070,01.1,06,039,3,2022-04-01
040061,22,091,11,00,76,+06,+38.14597,-109.59970,01.3,06,038,3,2022-04-01
040061,22,091,12,00,04,+08,+38.14587,-109.59978,01.0,08,038,3,2022-04-01
040061,22,091,15,00,56,+10,+38.14657,-109.60545,01.2,07,049,3,2022-04-01
040061,22,091,16,00,28,+10,+38.14690,-109.60367,01.1,07,039,3,2022-04-01
040061,22,091,18,00,76,+10,+38.13181,-109.59801,01.1,07,038,3,2022-04-01
040061,22,091,19,00,88,+00,+38.13575,-109.59766,00.9,08,038,3,2022-04-01
040061,22,091,20,00,84,-01,+38.13693,-109.59619,00.9,08,038,3,2022-04-01
040061,22,091,21,00,32,-01,+38.13700,-109.59627,01.0,08,038,3,2022-04-01
040061,22,091,22,00,06,-02,+38.13690,-109.59629,00.9,07,038,3,2022-04-01
040061,22,091,23,00,54,-02,+38.13680,-109.59598,01.0,07,038,3,2022-04-01
040061,22,092,00,00,12,+01,+38.13690,-109.59595,00.9,08,038,3,2022-04-02
040061,22,092,01,00,10,+01,+38.13684,-109.59598,01.2,07,038,3,2022-04-02
040061,22,092,02,00,14,+01,+38.13660,-109.59613,01.4,07,038,3,2022-04-02
040061,22,092,03,00,10,+00,+38.13692,-109.59600,00.9,09,038,3,2022-04-02
040061,22,092,04,00,06,+00,+38.13697,-109.59594,01.0,09,037,3,2022-04-02
040061,22,092,05,00,12,+02,+38.13686,-109.59599,01.2,08,038,3,2022-04-02
040061,22,092,06,00,22,-01,+38.13678,-109.59618,01.3,06,038,3,2022-04-02
040061,22,092,07,00,94,-05,+38.13722,-109.59781,00.8,09,038,3,2022-04-02
040061,22,092,11,00,70,+13,+38.13177,-109.60852,00.9,09,038,3,2022-04-02
040061,22,092,13,00,98,+17,+38.13248,-109.60386,01.0,07,038,3,2022-04-02
040061,22,092,14,00,32,+15,+38.13238,-109.60091,01.2,06,040,3,2022-04-02
040061,22,092,15,00,02,+17,+38.13239,-109.60092,01.6,06,038,3,2022-04-02
040061,22,092,16,00,84,+15,+38.13529,-109.60260,00.9,08,038,3,2022-04-02
040061,22,092,17,00,92,+13,+38.13508,-109.60620,01.4,06,038,3,2022-04-02
040061,22,092,18,00,96,+11,+38.13864,-109.60264,01.2,06,039,3,2022-04-02
040061,22,092,19,00,98,+03,+38.14063,-109.60287,00.8,09,038,3,2022-04-02
040061,22,092,20,00,94,+03,+38.14208,-109.60348,00.9,08,038,3,2022-04-02
040061,22,092,21,00,68,+05,+38.14270,-109.60501,00.9,09,038,3,2022-04-02
040061,22,092,22,00,08,+07,+38.14266,-109.60499,01.0,07,038,3,2022-04-02
040061,22,092,23,00,12,+07,+38.14264,-109.60503,00.9,08,038,3,2022-04-02
040061,22,093,00,00,72,+03,+38.14437,-109.60495,00.8,09,038,3,2022-04-03
040061,22,093,01,00,94,+03,+38.14600,-109.60674,01.1,08,038,3,2022-04-03
040061,22,093,02,00,80,+02,+38.14806,-109.60798,01.4,07,039,3,2022-04-03
040061,22,093,03,00,24,+04,+38.14786,-109.60825,00.8,10,038,3,2022-04-03
040061,22,093,04,00,10,+04,+38.14794,-109.60823,00.9,09,038,3,2022-04-03
040061,22,093,05,00,12,+03,+38.14788,-109.60825,00.9,08,038,3,2022-04-03
040061,22,093,06,00,38,+00,+38.14747,-109.60735,01.0,08,038,3,2022-04-03
040061,22,093,07,00,96,-02,+38.14530,-109.60451,01.1,07,038,3,2022-04-03
040061,22,093,08,00,96,+04,+38.14297,-109.60426,02.4,06,039,3,2022-04-03
040061,22,093,10,00,98,+06,+38.14025,-109.60087,00.9,07,038,3,2022-04-03
040061,22,093,11,00,54,+11,+38.13878,-109.60048,00.9,07,038,3,2022-04-03
040061,22,093,12,00,10,+13,+38.13879,-109.60049,01.0,07,038,3,2022-04-03
040061,22,093,13,00,14,+11,+38.13893,-109.60066,00.9,08,038,3,2022-04-03
040061,22,093,18,00,66,+05,+38.14284,-109.60502,01.1,07,038,3,2022-04-03
040061,22,093,19,00,96,+03,+38.14392,-109.60353,00.8,09,039,3,2022-04-03
040061,22,093,20,00,74,+02,+38.14498,-109.60213,00.8,08,038,3,2022-04-03
040061,22,093,21,00,12,+03,+38.14498,-109.60218,01.6,05,040,3,2022-04-03
040061,22,093,22,00,16,+03,+38.14495,-109.60220,00.8,09,038,3,2022-04-03
040061,22,093,23,00,58,-02,+38.14567,-109.60028,01.0,07,038,3,2022-04-03
040061,22,094,00,00,82,-02,+38.14595,-109.59983,00.9,08,039,3,2022-04-04
040061,22,094,01,00,38,+01,+38.14586,-109.59993,01.1,08,038,3,2022-04-04
040061,22,094,02,00,14,+00,+38.14593,-109.59989,01.4,07,038,3,2022-04-04
040061,22,094,03,00,24,-01,+38.14587,-109.59993,00.9,09,038,3,2022-04-04
040061,22,094,04,00,10,-02,+38.14593,-109.59993,01.0,07,038,3,2022-04-04
040061,22,094,05,00,08,-04,+38.14558,-109.59986,00.9,08,038,3,2022-04-04
040061,22,094,06,00,38,-05,+38.14630,-109.60033,01.0,08,038,3,2022-04-04
040061,22,094,07,00,94,-06,+38.14599,-109.60033,01.0,08,040,3,2022-04-04
040061,22,094,10,00,68,+10,+38.14610,-109.60568,00.8,08,038,3,2022-04-04
040061,22,094,12,00,18,+12,+38.14601,-109.60563,00.7,10,039,3,2022-04-04
040061,22,094,13,00,96,+14,+38.14632,-109.60541,00.8,09,038,3,2022-04-04
040061,22,094,14,00,94,+15,+38.14496,-109.60572,01.2,06,040,3,2022-04-04
040061,22,094,16,00,54,+14,+38.15511,-109.61437,00.8,09,038,3,2022-04-04
040061,22,094,19,00,96,+05,+38.15998,-109.61300,00.8,09,038,3,2022-04-04
040061,22,094,20,00,96,+03,+38.16194,-109.60771,00.9,08,040,3,2022-04-04
040061,22,094,21,00,80,+03,+38.16318,-109.60156,00.9,08,038,3,2022-04-04
040061,22,094,22,00,94,+01,+38.15955,-109.60897,00.8,09,040,3,2022-04-04
040061,22,094,23,00,44,+00,+38.15944,-109.60932,00.9,08,038,3,2022-04-04
040061,22,095,00,00,14,+01,+38.15949,-109.60928,00.8,09,038,3,2022-04-05
040061,22,095,01,00,16,+00,+38.15941,-109.60937,01.1,08,038,3,2022-04-05
040061,22,095,02,00,14,+01,+38.15942,-109.60934,01.2,08,038,3,2022-04-05
040061,22,095,03,00,08,+02,+38.15950,-109.60933,01.0,08,038,3,2022-04-05
040061,22,095,04,00,06,+01,+38.15953,-109.60933,00.8,10,038,3,2022-04-05
040061,22,095,05,00,08,-02,+38.15947,-109.60928,00.8,10,038,3,2022-04-05
040061,22,095,06,00,52,-04,+38.16019,-109.60962,01.0,07,038,3,2022-04-05
040061,22,095,07,00,98,+03,+38.16093,-109.60840,01.0,08,040,3,2022-04-05
040061,22,095,08,00,96,+09,+38.15964,-109.61065,01.1,07,058,3,2022-04-05
040061,22,095,09,00,98,+09,+38.16053,-109.60942,00.9,09,038,3,2022-04-05
040061,22,095,10,00,72,+10,+38.15895,-109.60800,00.9,08,040,3,2022-04-05
040061,22,095,11,00,02,+13,+38.15898,-109.60794,01.1,07,038,3,2022-04-05
040061,22,095,12,00,08,+14,+38.15895,-109.60796,00.9,08,038,3,2022-04-05
040061,22,095,13,00,94,+13,+38.16226,-109.60846,00.8,09,038,3,2022-04-05
040061,22,095,16,00,92,+10,+38.16219,-109.60613,01.1,07,038,3,2022-04-05
040061,22,095,17,00,98,+08,+38.16040,-109.61206,00.9,08,038,3,2022-04-05
040061,22,095,19,00,92,+01,+38.15900,-109.61185,00.8,09,038,3,2022-04-05
040061,22,095,20,00,70,+00,+38.15979,-109.61148,00.8,09,040,3,2022-04-05
040061,22,095,21,00,56,-02,+38.15979,-109.61006,00.9,08,038,3,2022-04-05
040061,22,095,22,00,18,-03,+38.15980,-109.61000,00.8,09,038,3,2022-04-05
040061,22,095,23,00,10,-04,+38.15976,-109.61002,00.9,08,040,3,2022-04-05
040061,22,096,00,00,12,-03,+38.15979,-109.61003,00.8,09,037,3,2022-04-06
040061,22,096,01,00,10,-04,+38.15972,-109.61006,01.1,08,038,3,2022-04-06
040061,22,096,02,00,56,-07,+38.14826,-109.60975,01.2,08,038,3,2022-04-06
040061,22,096,03,00,32,-07,+38.14775,-109.61018,00.9,09,038,3,2022-04-06
040061,22,096,04,00,46,-09,+38.15690,-109.61372,00.8,09,038,3,2022-04-06
040061,22,096,05,00,22,-07,+38.15689,-109.61373,00.9,09,038,3,2022-04-06
040061,22,096,06,00,16,-09,+38.15753,-109.61407,01.1,07,038,3,2022-04-06
040061,22,096,09,00,96,+02,+38.16193,-109.60732,01.4,05,038,3,2022-04-06
040061,22,096,10,00,62,+00,+38.16152,-109.60787,00.9,08,038,3,2022-04-06
040061,22,096,11,00,06,+01,+38.16152,-109.60787,01.0,08,038,3,2022-04-06
040061,22,096,12,00,02,+03,+38.16155,-109.60787,00.9,09,038,3,2022-04-06
040061,22,096,13,00,68,+06,+38.16333,-109.60533,01.1,08,038,3,2022-04-06
040061,22,096,14,00,86,+08,+38.16371,-109.59907,03.1,05,038,3,2022-04-06
040061,22,096,15,00,80,+05,+38.16306,-109.60128,01.4,06,038,3,2022-04-06
040061,22,096,16,00,94,+07,+38.16603,-109.60279,00.9,07,038,3,2022-04-06
040061,22,096,17,00,98,+06,+38.16492,-109.60114,01.8,06,038,3,2022-04-06
040061,22,096,18,00,92,+05,+38.16476,-109.60324,01.6,05,038,3,2022-04-06
040061,22,096,19,00,92,-01,+38.16550,-109.60026,01.1,07,038,3,2022-04-06
040061,22,096,20,00,94,-04,+38.16569,-109.59841,00.9,08,038,3,2022-04-06
040061,22,096,21,00,58,-05,+38.16302,-109.59706,01.0,08,038,3,2022-04-06
040061,22,096,22,00,38,-04,+38.16325,-109.59618,00.9,08,038,3,2022-04-06
040061,22,096,23,00,14,-05,+38.16312,-109.59616,00.9,08,040,3,2022-04-06
040061,22,097,00,00,18,-05,+38.16308,-109.59618,01.4,07,038,3,2022-04-07
040061,22,097,01,00,12,-05,+38.16307,-109.59619,01.2,07,038,3,2022-04-07
040061,22,097,02,00,08,-04,+38.16305,-109.59618,01.2,08,038,3,2022-04-07
040061,22,097,03,00,20,-08,+38.16311,-109.59625,01.0,08,038,3,2022-04-07
040061,22,097,04,00,12,-07,+38.16323,-109.59622,00.8,09,038,3,2022-04-07
040061,22,097,05,00,06,-08,+38.16317,-109.59625,01.2,07,038,3,2022-04-07
040061,22,097,06,00,32,-09,+38.16380,-109.59613,01.0,07,038,3,2022-04-07
040061,22,097,07,00,98,-10,+38.16389,-109.59403,01.0,08,038,3,2022-04-07
040061,22,097,08,00,94,+01,+38.16297,-109.59305,01.4,06,038,3,2022-04-07
040061,22,097,09,00,98,+06,+38.16410,-109.59146,01.6,05,038,3,2022-04-07
040061,22,097,10,00,76,+05,+38.14689,-109.60751,00.8,09,041,3,2022-04-07
040061,22,097,11,00,86,+08,+38.12812,-109.60882,01.0,08,038,3,2022-04-07
040061,22,097,12,00,38,+09,+38.12450,-109.60914,00.7,10,038,3,2022-04-07
040061,22,097,13,00,98,+11,+38.11176,-109.60083,01.1,08,039,3,2022-04-07
040061,22,097,16,00,78,+10,+38.11721,-109.60817,00.9,06,038,3,2022-04-07
040061,22,097,19,00,96,+01,+38.11627,-109.61445,00.9,07,039,3,2022-04-07
040061,22,097,20,00,92,-05,+38.11442,-109.61162,01.0,08,038,3,2022-04-07
040061,22,097,21,00,78,-05,+38.11233,-109.60935,00.8,08,039,3,2022-04-07
040061,22,097,22,00,86,-05,+38.11137,-109.60961,00.7,10,038,3,2022-04-07
040061,22,097,23,00,64,-05,+38.11194,-109.60586,01.0,07,038,3,2022-04-07
040061,22,098,00,00,20,-05,+38.11196,-109.60587,00.9,08,038,3,2022-04-08
040061,22,098,01,00,48,-05,+38.11220,-109.60962,01.2,06,038,3,2022-04-08
040061,22,098,02,00,18,-05,+38.11212,-109.60958,01.0,08,038,3,2022-04-08
040061,22,098,03,00,10,-04,+38.11221,-109.60960,01.0,08,038,3,2022-04-08
040061,22,098,04,00,20,-08,+38.11220,-109.60942,00.9,09,038,3,2022-04-08
040061,22,098,05,00,06,-07,+38.11219,-109.60945,01.2,07,037,3,2022-04-08
040061,22,098,06,00,52,-09,+38.11041,-109.61138,00.9,08,039,3,2022-04-08
040061,22,098,07,00,94,-08,+38.10836,-109.60769,01.0,08,038,3,2022-04-08
040061,22,098,09,00,98,+09,+38.10483,-109.59491,01.0,08,053,3,2022-04-08
040061,22,098,11,00,48,+11,+38.10487,-109.59660,01.6,06,038,3,2022-04-08
040061,22,098,12,00,08,+18,+38.10485,-109.59667,00.8,09,038,3,2022-04-08
040061,22,098,13,00,50,+14,+38.10341,-109.59880,00.8,09,038,3,2022-04-08
040061,22,098,14,00,84,+13,+38.10417,-109.60140,01.2,06,038,3,2022-04-08
040061,22,098,16,00,86,+13,+38.10702,-109.60239,00.9,08,038,3,2022-04-08
040061,22,098,20,00,58,+01,+38.11368,-109.61082,01.1,07,038,3,2022-04-08
040061,22,098,21,00,10,+01,+38.11368,-109.61080,00.8,09,038,3,2022-04-08
040061,22,098,22,00,30,-01,+38.11216,-109.60943,00.8,09,038,3,2022-04-08
040061,22,098,23,00,52,+00,+38.11243,-109.61058,00.9,08,040,3,2022-04-08
040061,22,099,00,00,86,-02,+38.11219,-109.60907,00.9,08,038,3,2022-04-09
040061,22,099,01,00,12,-03,+38.11215,-109.60905,01.2,07,038,3,2022-04-09
040061,22,099,02,00,20,-02,+38.11221,-109.60905,00.9,09,038,3,2022-04-09
040061,22,099,03,00,06,+00,+38.11222,-109.60903,00.8,10,037,3,2022-04-09
040061,22,099,04,00,22,-04,+38.11220,-109.60895,00.7,10,038,3,2022-04-09
040061,22,099,05,00,04,-03,+38.11218,-109.60884,00.9,09,038,3,2022-04-09
040061,22,099,06,00,56,-02,+38.11510,-109.61008,01.0,07,039,3,2022-04-09
040061,22,099,07,00,98,+01,+38.12046,-109.61212,00.9,08,038,3,2022-04-09
040061,22,099,08,00,94,+08,+38.12549,-109.61382,01.0,08,041,3,2022-04-09
040061,22,099,09,00,28,+15,+38.12516,-109.61380,00.9,08,039,3,2022-04-09
040061,22,099,10,00,10,+17,+38.12483,-109.61405,00.7,10,038,3,2022-04-09
040061,22,099,11,00,36,+17,+38.12473,-109.61460,01.0,08,038,3,2022-04-09
040061,22,099,12,00,04,+16,+38.12483,-109.61458,00.9,08,038,3,2022-04-09
040061,22,099,13,00,74,+16,+38.12486,-109.61791,00.7,11,038,3,2022-04-09
040061,22,099,16,00,98,+18,+38.11992,-109.61820,00.9,08,038,3,2022-04-09
040061,22,099,17,00,94,+16,+38.11453,-109.61647,01.2,07,038,3,2022-04-09
040061,22,099,18,00,92,+10,+38.11780,-109.60699,00.8,09,037,3,2022-04-09
040061,22,099,19,00,96,+08,+38.11841,-109.61401,00.8,09,038,3,2022-04-09
040061,22,099,20,00,98,+06,+38.11803,-109.61647,01.0,08,038,3,2022-04-09
040061,22,099,21,00,46,+08,+38.11832,-109.61598,01.1,07,037,3,2022-04-09
040061,22,099,22,00,14,+05,+38.11822,-109.61605,00.9,07,038,3,2022-04-09
040061,22,099,23,00,52,+02,+38.11803,-109.61601,00.9,08,038,3,2022-04-09
040061,22,100,00,00,30,+00,+38.11871,-109.61531,00.8,10,038,3,2022-04-10
040061,22,100,01,00,70,-02,+38.11819,-109.61447,01.2,07,038,3,2022-04-10
040061,22,100,02,00,16,+00,+38.11813,-109.61445,01.1,08,038,3,2022-04-10
040061,22,100,03,00,16,-02,+38.11820,-109.61439,00.8,09,037,3,2022-04-10
040061,22,100,04,00,08,-03,+38.11819,-109.61441,00.7,10,038,3,2022-04-10
040061,22,100,05,00,08,-05,+38.11812,-109.61441,01.0,08,038,3,2022-04-10
040061,22,100,07,00,98,-06,+38.12202,-109.61441,01.1,04,038,3,2022-04-10
040061,22,100,08,00,94,+00,+38.12077,-109.61368,03.3,06,052,3,2022-04-10
040061,22,100,09,00,60,+02,+38.12080,-109.61374,01.1,06,039,3,2022-04-10
040061,22,100,10,00,78,+03,+38.12113,-109.61430,00.9,08,038,3,2022-04-10
040061,22,100,11,00,72,+07,+38.12074,-109.61441,01.1,08,038,3,2022-04-10
040061,22,100,12,00,52,+06,+38.11786,-109.60659,01.0,07,038,3,2022-04-10
040061,22,100,13,00,96,+06,+38.11669,-109.61304,01.4,06,038,3,2022-04-10
040061,22,100,14,00,96,+07,+38.11701,-109.61341,04.4,04,038,3,2022-04-10
040061,22,100,15,00,66,+02,+38.11817,-109.61052,06.0,04,046,3,2022-04-10
040061,22,100,16,00,90,+03,+38.11721,-109.61119,01.0,08,040,3,2022-04-10
040061,22,100,17,00,56,+07,+38.11635,-109.61492,01.4,06,038,3,2022-04-10
040061,22,100,18,00,98,+05,+38.11703,-109.61649,01.1,08,038,3,2022-04-10
040061,22,100,19,00,96,-03,+38.11820,-109.61847,00.9,08,038,3,2022-04-10
040061,22,100,20,00,84,-07,+38.12305,-109.61773,08.4,05,038,3,2022-04-10
040061,22,100,21,00,96,-07,+38.12259,-109.61571,01.1,06,039,3,2022-04-10
040061,22,100,22,00,32,-04,+38.12079,-109.61556,01.0,07,040,3,2022-04-10
040061,22,100,23,00,08,-04,+38.12076,-109.61559,01.0,08,038,3,2022-04-10
040061,22,101,00,00,40,-07,+38.12141,-109.61586,01.1,07,038,3,2022-04-11
040061,22,101,01,00,58,-05,+38.12000,-109.61647,01.5,08,038,3,2022-04-11
040061,22,101,02,00,08,-05,+38.12004,-109.61650,00.8,10,038,3,2022-04-11
040061,22,101,03,00,10,-05,+38.12005,-109.61650,00.8,10,038,3,2022-04-11
040061,22,101,04,00,16,-06,+38.12005,-109.61649,00.8,09,038,3,2022-04-11
040061,22,101,05,00,06,-06,+38.12000,-109.61653,01.1,08,038,3,2022-04-11
040061,22,101,06,00,56,-07,+38.12185,-109.61869,00.8,09,038,3,2022-04-11
040061,22,101,07,00,98,-03,+38.12514,-109.61776,00.8,09,038,3,2022-04-11
040061,22,101,08,00,94,+03,+38.12554,-109.61594,00.8,10,038,3,2022-04-11
040061,22,101,09,00,52,+12,+38.12697,-109.61781,00.7,09,038,3,2022-04-11
040061,22,101,10,00,00,+19,+38.12699,-109.61785,00.7,11,038,3,2022-04-11
040061,22,101,11,00,38,+10,+38.12694,-109.61837,00.9,09,038,3,2022-04-11
040061,22,101,12,00,94,+10,+38.12665,-109.61761,00.9,09,037,3,2022-04-11
040061,22,101,14,00,98,+13,+38.12736,-109.61500,01.5,06,038,3,2022-04-11
040061,22,101,15,00,94,+13,+38.12531,-109.61006,01.8,05,038,3,2022-04-11
040061,22,101,17,00,96,+12,+38.12844,-109.61574,01.1,08,038,3,2022-04-11
040061,22,101,18,00,98,+08,+38.12916,-109.61592,00.7,11,038,3,2022-04-11
040061,22,101,19,00,98,+06,+38.12959,-109.61649,00.7,10,038,3,2022-04-11
040061,22,101,21,00,46,+05,+38.12953,-109.61715,00.8,10,038,3,2022-04-11
040061,22,101,23,00,64,+03,+38.12760,-109.61733,01.0,08,038,3,2022-04-11
040061,22,102,01,00,30,+03,+38.12750,-109.61743,01.1,08,038,3,2022-04-12
040061,22,102,03,00,30,-09,+38.12726,-109.61695,00.8,09,038,3,2022-04-12
040061,22,102,05,00,20,-10,+38.12675,-109.61754,02.0,06,039,3,2022-04-12
040061,22,102,07,00,68,-11,+38.12926,-109.61261,01.0,08,038,3,2022-04-12
040061,22,102,11,00,76,+07,+38.12720,-109.61486,00.9,09,039,3,2022-04-12
040061,22,102,13,00,94,-01,+38.12814,-109.61387,01.5,08,038,3,2022-04-12
040061,22,102,17,00,94,-07,+38.12688,-109.61494,01.3,07,038,3,2022-04-12
040061,22,102,19,00,96,-09,+38.12757,-109.61622,00.7,11,038,3,2022-04-12
040061,22,102,21,00,96,-10,+38.12783,-109.61560,00.8,10,038,3,2022-04-12
040061,22,102,23,00,98,-10,+38.12841,-109.61444,01.0,08,038,3,2022-04-12
040061,22,103,01,00,22,-07,+38.12812,-109.61448,01.1,08,038,3,2022-04-13
040061,22,103,03,00,20,-09,+38.12813,-109.61448,00.8,10,040,3,2022-04-13
040061,22,103,05,00,34,-09,+38.12808,-109.61445,01.1,08,038,3,2022-04-13
040061,22,103,09,00,80,+04,+38.12782,-109.61025,00.7,10,038,3,2022-04-13
040061,22,103,11,00,90,+00,+38.12896,-109.61128,00.8,10,038,3,2022-04-13
040061,22,103,13,00,50,+04,+38.13123,-109.61414,00.8,09,040,3,2022-04-13
040061,22,103,15,00,44,+03,+38.13139,-109.61378,00.8,10,038,3,2022-04-13
040061,22,103,17,00,60,+13,+38.13234,-109.61338,01.1,08,038,3,2022-04-13
040061,22,103,19,00,88,-04,+38.13322,-109.61570,00.7,10,038,3,2022-04-13
040061,22,103,21,00,68,-05,+38.13391,-109.61651,00.8,09,040,3,2022-04-13
040061,22,103,23,00,38,-09,+38.13435,-109.61662,01.1,08,038,3,2022-04-13
040061,22,104,03,00,36,-08,+38.13243,-109.61582,01.0,09,038,3,2022-04-14
040061,22,104,05,00,16,-09,+38.13243,-109.61586,01.1,08,038,3,2022-04-14
040061,22,104,07,00,82,-05,+38.13307,-109.61479,00.9,08,039,3,2022-04-14
040061,22,104,09,00,82,+06,+38.13380,-109.61593,00.7,10,040,3,2022-04-14
040061,22,104,11,00,04,+09,+38.13371,-109.61598,01.0,09,038,3,2022-04-14
040061,22,104,15,00,94,+07,+38.13166,-109.61651,00.8,10,038,3,2022-04-14
040061,22,104,17,00,82,+07,+38.13622,-109.61933,01.5,06,038,3,2022-04-14
040061,22,104,19,00,96,+01,+38.13701,-109.62257,00.8,08,038,3,2022-04-14
040061,22,104,21,00,44,+02,+38.13693,-109.62042,00.7,10,038,3,2022-04-14
040061,22,104,23,00,32,+00,+38.13725,-109.62038,01.1,08,038,3,2022-04-14
040061,22,105,01,00,42,+05,+38.13716,-109.62187,01.3,08,053,3,2022-04-15
040061,22,105,03,00,10,+02,+38.13746,-109.62198,00.9,09,038,3,2022-04-15
040061,22,105,05,00,36,+00,+38.13684,-109.62169,00.9,08,038,3,2022-04-15
