CollarSerialNumber,Year,Julianday,Hour,Minute,Activity,Temperature,Latitude,Longitude,HDOP,NumSats,FixTime,2D/3D,Date
042292,22,074,11,00,00,+19,+38.07067,-109.56573,01.2,05,038,3,2022-03-15
042292,22,074,12,00,02,+29,+38.07069,-109.56568,01.3,05,039,3,2022-03-15
042292,22,074,13,00,02,+37,+38.07069,-109.56568,01.1,07,038,3,2022-03-15
042292,22,074,14,00,22,+29,+38.16110,-109.61945,01.2,07,038,3,2022-03-15
042292,22,074,15,00,24,+26,+38.07069,-109.56562,00.9,08,038,3,2022-03-15
042292,22,074,16,00,02,+27,+38.07069,-109.56566,01.2,06,038,3,2022-03-15
042292,22,074,17,00,02,+27,+38.07062,-109.56558,00.9,08,038,3,2022-03-15
042292,22,074,17,20,00,+28,+38.07064,-109.56566,00.9,08,038,3,2022-03-15
042292,22,074,17,30,00,+27,+38.07064,-109.56565,01.0,08,038,3,2022-03-15
042292,22,074,17,40,00,+27,+38.07067,-109.56566,00.8,09,038,3,2022-03-15
042292,22,074,17,50,00,+27,+38.07063,-109.56562,00.8,09,038,3,2022-03-15
042292,22,074,18,00,00,+26,+38.07062,-109.56558,01.0,08,038,3,2022-03-15
042292,22,074,18,10,00,+25,+38.07061,-109.56565,01.1,08,038,3,2022-03-15
042292,22,074,18,20,00,+25,+38.07064,-109.56562,01.1,08,038,3,2022-03-15
042292,22,074,18,30,00,+24,+38.07069,-109.56566,01.1,08,038,3,2022-03-15
042292,22,074,18,40,00,+24,+38.07064,-109.56558,01.3,08,038,3,2022-03-15
042292,22,074,18,50,00,+23,+38.07057,-109.56555,01.4,08,038,3,2022-03-15
042292,22,074,19,00,00,+22,+38.07066,-109.56558,01.1,08,038,3,2022-03-15
042292,22,074,19,10,00,+21,+38.07066,-109.56555,01.1,08,038,3,2022-03-15
042292,22,074,19,20,00,+20,+38.07067,-109.56555,01.2,07,038,3,2022-03-15
042292,22,074,19,30,00,+20,+38.07064,-109.56560,00.8,09,038,3,2022-03-15
042292,22,074,19,40,00,+19,+38.07061,-109.56560,00.8,09,038,3,2022-03-15
042292,22,074,19,50,00,+18,+38.07066,-109.56560,00.8,09,038,3,2022-03-15
042292,22,074,20,00,00,+18,+38.07066,-109.56558,00.8,09,038,3,2022-03-15
042292,22,074,20,10,00,+17,+38.07065,-109.56558,00.8,10,038,3,2022-03-15
042292,22,074,20,20,00,+16,+38.07067,-109.56562,00.7,11,038,3,2022-03-15
042292,22,074,20,30,00,+16,+38.07063,-109.56558,00.8,10,038,3,2022-03-15
042292,22,074,20,40,00,+15,+38.07064,-109.56562,00.9,08,038,3,2022-03-15
042292,22,074,20,50,00,+15,+38.07063,-109.56562,00.8,10,038,3,2022-03-15
042292,22,074,21,00,00,+15,+38.07064,-109.56562,00.7,11,038,3,2022-03-15
042292,22,074,21,10,00,+14,+38.07065,-109.56560,00.7,11,038,3,2022-03-15
042292,22,074,21,20,00,+14,+38.07067,-109.56562,00.8,10,039,3,2022-03-15
042292,22,074,21,30,00,+13,+38.07065,-109.56560,00.8,10,038,3,2022-03-15
042292,22,074,21,40,00,+13,+38.07067,-109.56558,01.0,09,038,3,2022-03-15
042292,22,074,21,50,00,+13,+38.07064,-109.56560,01.0,09,038,3,2022-03-15
042292,22,074,22,00,00,+13,+38.07067,-109.56562,01.0,10,038,3,2022-03-15
042292,22,074,22,10,00,+12,+38.07064,-109.56558,00.9,10,038,3,2022-03-15
042292,22,074,22,20,00,+12,+38.07066,-109.56562,00.9,10,038,3,2022-03-15
042292,22,074,22,30,00,+12,+38.07068,-109.56558,00.7,11,038,3,2022-03-15
042292,22,074,22,40,00,+11,+38.07065,-109.56555,00.8,10,038,3,2022-03-15
042292,22,074,22,50,00,+11,+38.07067,-109.56562,00.8,09,038,3,2022-03-15
042292,22,074,23,00,00,+11,+38.07069,-109.56562,00.8,09,038,3,2022-03-15
042292,22,074,23,10,00,+10,+38.07070,-109.56562,00.9,08,037,3,2022-03-15
042292,22,074,23,20,00,+10,+38.07067,-109.56562,00.9,08,038,3,2022-03-15
042292,22,074,23,30,00,+10,+38.07067,-109.56562,00.9,08,038,3,2022-03-15
042292,22,074,23,40,00,+10,+38.07066,-109.56562,00.8,09,038,3,2022-03-15
042292,22,074,23,50,00,+10,+38.07065,-109.56562,00.8,09,038,3,2022-03-15
042292,22,075,00,00,00,+10,+38.07065,-109.56562,00.8,09,038,3,2022-03-16
042292,22,075,00,10,00,+10,+38.07063,-109.56562,01.0,08,038,3,2022-03-16
042292,22,075,00,20,00,+10,+38.07064,-109.56560,00.8,09,038,3,2022-03-16
042292,22,075,00,30,00,+10,+38.07064,-109.56560,00.8,09,038,3,2022-03-16
042292,22,075,00,40,00,+10,+38.07061,-109.56562,00.9,09,038,3,2022-03-16
042292,22,075,00,50,00,+10,+38.07064,-109.56565,00.9,09,038,3,2022-03-16
042292,22,075,01,00,00,+10,+38.07063,-109.56562,00.9,09,038,3,2022-03-16
042292,22,075,01,10,00,+10,+38.07063,-109.56562,00.9,09,038,3,2022-03-16
042292,22,075,01,20,00,+10,+38.07069,-109.56565,00.9,09,038,3,2022-03-16
042292,22,075,01,30,00,+10,+38.07064,-109.56562,00.8,10,038,3,2022-03-16
042292,22,075,01,40,00,+10,+38.07064,-109.56560,00.7,11,038,3,2022-03-16
042292,22,075,01,50,00,+10,+38.07064,-109.56562,00.8,10,038,3,2022-03-16
042292,22,075,02,00,00,+10,+38.07066,-109.56562,00.8,10,038,3,2022-03-16
042292,22,075,02,10,00,+10,+38.07063,-109.56565,00.9,09,038,3,2022-03-16
042292,22,075,02,20,00,+10,+38.07063,-109.56562,00.9,09,038,3,2022-03-16
042292,22,075,02,30,00,+10,+38.07065,-109.56566,00.9,10,038,3,2022-03-16
042292,22,075,02,40,00,+10,+38.07061,-109.56566,01.1,08,038,3,2022-03-16
042292,22,075,02,50,00,+10,+38.07062,-109.56566,01.3,08,038,3,2022-03-16
042292,22,075,03,00,00,+10,+38.07062,-109.56565,01.4,08,038,3,2022-03-16
042292,22,075,03,10,00,+10,+38.07063,-109.56565,01.4,07,038,3,2022-03-16
042292,22,075,03,20,00,+10,+38.07063,-109.56562,01.4,07,038,3,2022-03-16
042292,22,075,03,30,00,+10,+38.07059,-109.56566,01.2,08,038,3,2022-03-16
042292,22,075,03,40,00,+10,+38.07061,-109.56565,01.1,08,038,3,2022-03-16
042292,22,075,03,50,00,+10,+38.07061,-109.56562,01.2,07,038,3,2022-03-16
042292,22,075,04,00,00,+10,+38.07065,-109.56560,00.9,09,038,3,2022-03-16
042292,22,075,08,40,00,+10,+38.15967,-109.62059,00.9,09,038,3,2022-03-16
042292,22,075,08,50,02,+13,+38.15960,-109.62059,00.9,09,038,3,2022-03-16
042292,22,075,09,00,00,+16,+38.15959,-109.62059,00.9,09,038,3,2022-03-16
042292,22,075,09,10,02,+17,+38.15959,-109.62059,00.9,09,038,3,2022-03-16
042292,22,075,09,20,02,+18,+38.15958,-109.62059,00.8,09,038,3,2022-03-16
042292,22,075,09,30,00,+19,+38.15959,-109.62059,00.8,10,038,3,2022-03-16
042292,22,075,09,40,28,+19,+38.15959,-109.62052,00.8,10,038,3,2022-03-16
042292,22,075,09,50,60,+21,+38.15984,-109.62028,00.9,08,038,3,2022-03-16
042292,22,075,10,00,42,+23,+38.15979,-109.62032,00.9,08,038,3,2022-03-16
042292,22,075,10,10,40,+24,+38.15996,-109.61996,00.9,08,038,3,2022-03-16
042292,22,075,10,20,42,+24,+38.15973,-109.62081,00.8,10,038,3,2022-03-16
042292,22,075,10,30,32,+25,+38.15986,-109.62078,00.6,12,038,3,2022-03-16
042292,22,075,10,40,54,+25,+38.15958,-109.62114,00.7,11,038,3,2022-03-16
042292,22,075,10,50,80,+24,+38.15951,-109.62081,00.7,10,038,3,2022-03-16
042292,22,075,11,00,64,+23,+38.15957,-109.62085,00.8,10,038,3,2022-03-16
042292,22,075,11,10,92,+23,+38.16194,-109.62248,00.9,09,038,3,2022-03-16
042292,22,075,11,20,28,+24,+38.16204,-109.62246,00.8,10,038,3,2022-03-16
042292,22,075,11,30,76,+24,+38.16277,-109.62284,00.8,10,038,3,2022-03-16
042292,22,075,11,40,96,+23,+38.16392,-109.62274,00.7,11,038,3,2022-03-16
042292,22,075,11,50,98,+23,+38.16453,-109.62278,00.8,10,038,3,2022-03-16
042292,22,075,12,00,98,+23,+38.16526,-109.62269,00.8,10,038,3,2022-03-16
042292,22,075,12,10,98,+21,+38.16547,-109.62249,00.8,10,038,3,2022-03-16
042292,22,075,12,20,98,+21,+38.16587,-109.62229,00.9,09,038,3,2022-03-16
042292,22,075,12,30,98,+20,+38.16626,-109.62198,01.0,09,038,3,2022-03-16
042292,22,075,12,40,98,+20,+38.16662,-109.62179,00.9,09,038,3,2022-03-16
042292,22,075,12,50,98,+20,+38.16677,-109.62160,00.9,09,038,3,2022-03-16
042292,22,075,13,00,84,+20,+38.16686,-109.62170,00.8,10,038,3,2022-03-16
042292,22,075,13,10,96,+20,+38.16696,-109.62193,00.8,10,038,3,2022-03-16
042292,22,075,13,20,98,+20,+38.16674,-109.62206,00.7,11,038,3,2022-03-16
042292,22,075,13,30,38,+20,+38.16669,-109.62198,00.7,11,038,3,2022-03-16
042292,22,075,13,40,24,+20,+38.16667,-109.62200,00.8,10,038,3,2022-03-16
042292,22,075,13,50,30,+19,+38.16670,-109.62200,00.8,09,038,3,2022-03-16
042292,22,075,14,00,28,+19,+38.16666,-109.62197,00.9,08,038,3,2022-03-16
042292,22,075,14,10,34,+19,+38.16677,-109.62193,00.8,09,038,3,2022-03-16
042292,22,075,14,20,02,+20,+38.16675,-109.62192,00.8,10,038,3,2022-03-16
042292,22,075,14,30,00,+22,+38.16676,-109.62193,00.7,11,038,3,2022-03-16
042292,22,075,14,40,20,+23,+38.16677,-109.62192,00.7,11,038,3,2022-03-16
042292,22,075,14,50,20,+23,+38.16677,-109.62189,00.8,09,038,3,2022-03-16
042292,22,075,15,00,22,+22,+38.16674,-109.62192,00.9,07,038,3,2022-03-16
042292,22,075,15,10,46,+21,+38.16663,-109.62185,00.9,08,038,3,2022-03-16
042292,22,075,15,20,96,+20,+38.16658,-109.62162,00.9,08,038,3,2022-03-16
042292,22,075,15,30,96,+19,+38.16669,-109.62139,00.9,08,038,3,2022-03-16
042292,22,075,15,40,98,+17,+38.16684,-109.62162,01.0,08,038,3,2022-03-16
042292,22,075,15,50,98,+17,+38.16684,-109.62169,00.8,09,038,3,2022-03-16
042292,22,076,02,20,96,+13,+38.16621,-109.62627,00.9,09,038,3,2022-03-17
042292,22,076,02,30,96,+12,+38.16616,-109.62644,00.9,09,038,3,2022-03-17
042292,22,076,02,40,96,+13,+38.16608,-109.62638,01.0,09,038,3,2022-03-17
042292,22,076,02,50,94,+12,+38.16621,-109.62614,01.0,09,038,3,2022-03-17
042292,22,076,03,00,50,+12,+38.16627,-109.62600,01.3,07,038,3,2022-03-17
042292,22,076,03,10,28,+13,+38.16624,-109.62601,01.3,08,038,3,2022-03-17
042292,22,076,03,20,18,+13,+38.16623,-109.62601,00.9,09,038,3,2022-03-17
042292,22,076,03,30,20,+13,+38.16626,-109.62601,00.9,09,038,3,2022-03-17
042292,22,076,03,40,14,+13,+38.16626,-109.62601,00.8,10,038,3,2022-03-17
042292,22,076,03,50,00,+14,+38.16629,-109.62599,00.8,10,038,3,2022-03-17
042292,22,076,04,00,02,+14,+38.16627,-109.62601,00.8,10,038,3,2022-03-17
042292,22,076,04,10,00,+13,+38.16628,-109.62600,00.8,10,038,3,2022-03-17
042292,22,076,04,20,16,+13,+38.16628,-109.62600,00.8,08,038,3,2022-03-17
042292,22,076,04,30,22,+13,+38.16626,-109.62599,00.8,08,038,3,2022-03-17
042292,22,076,04,40,24,+13,+38.16627,-109.62600,00.9,09,038,3,2022-03-17
042292,22,076,04,50,22,+12,+38.16629,-109.62599,00.8,10,038,3,2022-03-17
042292,22,076,05,00,16,+11,+38.16631,-109.62599,00.8,10,038,3,2022-03-17
042292,22,076,05,10,08,+12,+38.16632,-109.62600,00.9,09,038,3,2022-03-17
042292,22,076,05,20,00,+12,+38.16632,-109.62601,00.8,10,037,3,2022-03-17
042292,22,076,05,30,00,+13,+38.16631,-109.62600,00.8,10,038,3,2022-03-17
042292,22,076,05,40,14,+13,+38.16630,-109.62600,00.7,11,038,3,2022-03-17
042292,22,076,05,50,18,+13,+38.16629,-109.62595,00.8,09,038,3,2022-03-17
042292,22,076,06,00,20,+13,+38.16629,-109.62595,00.9,08,038,3,2022-03-17
042292,22,076,06,10,12,+13,+38.16630,-109.62599,00.9,08,038,3,2022-03-17
042292,22,076,06,20,02,+13,+38.16630,-109.62600,00.8,10,038,3,2022-03-17
042292,22,076,06,30,08,+15,+38.16628,-109.62599,01.0,08,038,3,2022-03-17
042292,22,076,06,40,06,+14,+38.16630,-109.62601,01.1,07,038,3,2022-03-17
042292,22,076,06,50,72,+13,+38.16576,-109.62638,00.9,09,038,3,2022-03-17
042292,22,076,07,00,88,+13,+38.16568,-109.62681,01.0,08,038,3,2022-03-17
042292,22,076,07,10,96,+15,+38.16570,-109.62713,01.0,08,038,3,2022-03-17
042292,22,076,07,20,94,+16,+38.16588,-109.62734,01.1,07,038,3,2022-03-17
042292,22,076,07,30,94,+18,+38.16579,-109.62757,00.9,08,038,3,2022-03-17
042292,22,076,07,40,90,+18,+38.16587,-109.62755,00.8,09,038,3,2022-03-17
042292,22,076,07,50,92,+19,+38.16564,-109.62734,00.9,09,038,3,2022-03-17
042292,22,076,08,00,96,+17,+38.16545,-109.62692,00.8,08,038,3,2022-03-17
042292,22,076,08,10,92,+17,+38.16555,-109.62683,00.8,09,038,3,2022-03-17
042292,22,076,08,20,94,+17,+38.16541,-109.62628,00.8,09,038,3,2022-03-17
042292,22,076,08,30,96,+16,+38.16540,-109.62559,00.9,09,038,3,2022-03-17
042292,22,076,08,50,96,+16,+38.16573,-109.62555,00.9,09,038,3,2022-03-17
042292,22,076,09,00,98,+18,+38.16589,-109.62601,00.9,09,038,3,2022-03-17
042292,22,076,09,10,98,+17,+38.16623,-109.62631,00.9,09,038,3,2022-03-17
042292,22,076,09,20,98,+18,+38.16632,-109.62664,00.9,08,038,3,2022-03-17
042292,22,076,09,30,98,+18,+38.16600,-109.62671,00.8,09,038,3,2022-03-17
042292,22,076,09,40,94,+19,+38.16586,-109.62671,00.8,09,038,3,2022-03-17
042292,22,077,00,30,96,+12,+38.15626,-109.61048,00.9,08,038,3,2022-03-18
042292,22,077,00,40,96,+12,+38.15630,-109.61094,01.0,08,038,3,2022-03-18
042292,22,077,00,50,94,+12,+38.15647,-109.61097,00.9,09,038,3,2022-03-18
042292,22,077,01,00,94,+13,+38.15656,-109.61090,00.9,09,038,3,2022-03-18
042292,22,077,01,10,98,+12,+38.15665,-109.61061,00.8,10,037,3,2022-03-18
042292,22,077,01,20,98,+11,+38.15659,-109.61051,00.8,10,038,3,2022-03-18
042292,22,077,01,30,96,+12,+38.15653,-109.61056,00.8,10,038,3,2022-03-18
042292,22,077,01,40,94,+11,+38.15684,-109.61035,00.8,09,038,3,2022-03-18
042292,22,077,01,50,94,+11,+38.15675,-109.60987,00.8,10,038,3,2022-03-18
042292,22,077,02,00,94,+10,+38.15702,-109.60980,00.9,09,038,3,2022-03-18
042292,22,077,02,10,56,+11,+38.15719,-109.60985,00.9,09,038,3,2022-03-18
042292,22,077,02,20,22,+14,+38.15719,-109.60987,00.9,09,038,3,2022-03-18
042292,22,077,02,30,18,+16,+38.15717,-109.60990,01.2,07,038,3,2022-03-18
042292,22,077,02,40,24,+16,+38.15716,-109.60991,01.1,08,038,3,2022-03-18
042292,22,077,02,50,06,+16,+38.15719,-109.60983,01.0,09,038,3,2022-03-18
042292,22,077,03,00,02,+16,+38.15716,-109.60987,01.4,07,038,3,2022-03-18
042292,22,077,03,10,12,+16,+38.15723,-109.60993,01.7,05,038,3,2022-03-18
042292,22,077,03,20,16,+14,+38.15722,-109.60991,01.1,08,038,3,2022-03-18
042292,22,077,03,30,16,+14,+38.15720,-109.60991,00.8,10,038,3,2022-03-18
042292,22,077,03,40,14,+14,+38.15715,-109.60985,00.9,09,039,3,2022-03-18
042292,22,077,03,50,12,+13,+38.15717,-109.60987,00.8,10,038,3,2022-03-18
042292,22,077,04,00,06,+14,+38.15720,-109.60987,00.8,10,038,3,2022-03-18
042292,22,077,04,10,02,+15,+38.15720,-109.60987,00.8,10,038,3,2022-03-18
042292,22,077,04,20,02,+16,+38.15719,-109.60987,00.9,09,038,3,2022-03-18
042292,22,077,04,30,06,+16,+38.15717,-109.60985,00.8,09,038,3,2022-03-18
042292,22,077,04,40,08,+15,+38.15719,-109.60987,00.9,09,038,3,2022-03-18
042292,22,077,04,50,12,+14,+38.15720,-109.60987,00.8,10,038,3,2022-03-18
042292,22,077,05,00,08,+13,+38.15726,-109.60985,00.9,09,038,3,2022-03-18
042292,22,077,05,10,08,+13,+38.15723,-109.60990,00.9,09,038,3,2022-03-18
042292,22,077,05,20,02,+15,+38.15723,-109.60987,00.8,10,038,3,2022-03-18
042292,22,077,05,30,08,+16,+38.15723,-109.60987,00.7,11,038,3,2022-03-18
042292,22,077,05,40,14,+15,+38.15726,-109.60985,00.8,09,038,3,2022-03-18
042292,22,077,05,50,16,+14,+38.15721,-109.60985,00.8,08,038,3,2022-03-18
042292,22,077,06,00,18,+14,+38.15725,-109.60984,00.8,09,038,3,2022-03-18
042292,22,077,06,10,10,+13,+38.15712,-109.60981,00.8,09,037,3,2022-03-18
042292,22,077,06,20,02,+13,+38.15709,-109.60981,01.0,08,038,3,2022-03-18
042292,22,077,06,30,78,+13,+38.15663,-109.60953,01.0,08,038,3,2022-03-18
042292,22,077,06,40,94,+11,+38.15633,-109.60919,01.1,08,038,3,2022-03-18
042292,22,077,06,50,96,+10,+38.15583,-109.60865,01.1,07,039,3,2022-03-18
042292,22,077,07,00,96,+09,+38.15503,-109.60891,01.0,08,038,3,2022-03-18
042292,22,077,07,10,96,+09,+38.15453,-109.60891,01.0,08,038,3,2022-03-18
042292,22,077,07,20,96,+09,+38.15399,-109.60895,00.9,08,038,3,2022-03-18
042292,22,077,07,30,96,+11,+38.15359,-109.60909,00.9,08,038,3,2022-03-18
042292,22,077,07,40,96,+11,+38.15314,-109.60920,00.9,08,038,3,2022-03-18
042292,22,077,11,10,10,+30,+38.15233,-109.60808,00.8,09,037,3,2022-03-18
042292,22,077,11,20,06,+30,+38.15234,-109.60807,00.8,09,038,3,2022-03-18
042292,22,077,11,30,06,+30,+38.15234,-109.60812,00.7,10,038,3,2022-03-18
042292,22,077,11,40,06,+29,+38.15230,-109.60813,00.7,10,038,3,2022-03-18
042292,22,077,11,50,78,+29,+38.15225,-109.60888,00.8,09,038,3,2022-03-18
042292,22,077,12,00,96,+27,+38.15216,-109.60911,00.8,09,038,3,2022-03-18
042292,22,077,12,10,94,+25,+38.15272,-109.60952,00.9,08,038,3,2022-03-18
042292,22,077,12,20,96,+27,+38.15306,-109.60987,00.9,08,038,3,2022-03-18
042292,22,077,12,30,98,+27,+38.15345,-109.60972,00.9,08,039,3,2022-03-18
042292,22,077,12,40,98,+29,+38.15343,-109.60993,00.9,08,038,3,2022-03-18
042292,22,077,12,50,92,+29,+38.15314,-109.60998,00.8,08,038,3,2022-03-18
042292,22,077,13,00,96,+27,+38.15278,-109.60953,00.8,09,038,3,2022-03-18
042292,22,077,13,10,86,+27,+38.15278,-109.60924,00.7,10,037,3,2022-03-18
042292,22,077,13,20,14,+29,+38.15276,-109.60920,00.8,09,038,3,2022-03-18
042292,22,077,13,30,28,+30,+38.15271,-109.60926,00.8,09,038,3,2022-03-18
042292,22,077,13,40,12,+30,+38.15271,-109.60928,00.9,08,038,3,2022-03-18
042292,22,077,13,50,20,+29,+38.15270,-109.60930,00.9,08,039,3,2022-03-18
042292,22,077,14,00,18,+29,+38.15270,-109.60928,00.9,08,038,3,2022-03-18
042292,22,077,14,10,18,+29,+38.15270,-109.60926,00.9,09,038,3,2022-03-18
042292,22,077,14,20,08,+29,+38.15270,-109.60926,00.8,10,037,3,2022-03-18
042292,22,077,14,30,00,+30,+38.15271,-109.60924,00.9,09,038,3,2022-03-18
042292,22,077,14,40,04,+29,+38.15270,-109.60926,00.8,09,038,3,2022-03-18
042292,22,077,16,40,96,+26,+38.15361,-109.61071,00.9,09,038,3,2022-03-18
042292,22,077,16,50,98,+27,+38.15372,-109.61100,00.8,10,038,3,2022-03-18
042292,22,077,17,00,96,+27,+38.15373,-109.61124,00.8,10,038,3,2022-03-18
042292,22,077,17,10,96,+27,+38.15353,-109.61139,00.8,09,038,3,2022-03-18
042292,22,077,17,20,72,+26,+38.15345,-109.61187,00.8,09,038,3,2022-03-18
042292,22,077,17,30,62,+26,+38.15460,-109.61247,01.0,08,037,3,2022-03-18
042292,22,077,17,40,86,+25,+38.15396,-109.61325,01.0,08,038,3,2022-03-18
042292,22,077,17,50,90,+25,+38.15450,-109.61237,00.9,09,038,3,2022-03-18
042292,22,077,18,00,96,+23,+38.15369,-109.61269,01.1,08,038,3,2022-03-18
042292,22,077,18,10,98,+23,+38.15320,-109.61182,01.2,07,038,3,2022-03-18
042292,22,077,18,20,98,+23,+38.15325,-109.61149,00.9,09,038,3,2022-03-18
042292,22,077,18,30,98,+22,+38.15288,-109.61098,00.9,09,038,3,2022-03-18
042292,22,077,18,40,96,+21,+38.15290,-109.61051,01.1,08,038,3,2022-03-18
042292,22,077,18,50,06,+21,+38.15288,-109.61048,01.1,08,038,3,2022-03-18
042292,22,077,19,00,76,+21,+38.15250,-109.61067,01.1,08,038,3,2022-03-18
042292,22,077,19,10,96,+20,+38.15233,-109.61071,01.0,08,038,3,2022-03-18
042292,22,077,19,20,92,+18,+38.15237,-109.61035,00.8,10,038,3,2022-03-18
042292,22,077,19,30,92,+19,+38.15260,-109.61026,00.8,10,037,3,2022-03-18
042292,22,077,19,40,94,+18,+38.15276,-109.61027,00.7,11,038,3,2022-03-18
042292,22,077,19,50,68,+17,+38.15283,-109.61038,00.7,10,038,3,2022-03-18
042292,22,077,20,00,28,+19,+38.15283,-109.61040,00.7,11,038,3,2022-03-18
042292,22,077,20,10,30,+19,+38.15280,-109.61040,00.8,09,038,3,2022-03-18
042292,22,078,12,30,70,+28,+38.14516,-109.60892,00.9,08,038,3,2022-03-19
042292,22,078,12,40,96,+27,+38.14457,-109.60933,01.0,08,038,3,2022-03-19
042292,22,078,12,50,96,+27,+38.14463,-109.60947,00.8,09,038,3,2022-03-19
042292,22,078,13,00,98,+27,+38.14474,-109.60953,00.7,10,038,3,2022-03-19
042292,22,078,13,10,98,+26,+38.14474,-109.60952,00.7,10,037,3,2022-03-19
042292,22,078,13,20,98,+27,+38.14411,-109.60926,00.7,10,038,3,2022-03-19
042292,22,078,13,30,98,+28,+38.14357,-109.60909,00.9,08,038,3,2022-03-19
042292,22,078,13,40,96,+28,+38.14336,-109.60865,00.9,07,038,3,2022-03-19
042292,22,078,13,50,94,+28,+38.14343,-109.60765,00.9,08,038,3,2022-03-19
042292,22,078,14,00,96,+27,+38.14366,-109.60720,01.2,07,038,3,2022-03-19
042292,22,078,14,10,96,+27,+38.14411,-109.60781,00.8,10,038,3,2022-03-19
042292,22,078,14,20,96,+26,+38.14437,-109.60831,00.8,10,038,3,2022-03-19
042292,22,078,14,30,72,+26,+38.14479,-109.60852,00.9,09,038,3,2022-03-19
042292,22,078,14,40,42,+27,+38.14599,-109.60813,00.9,08,038,3,2022-03-19
042292,22,078,14,50,12,+26,+38.14596,-109.60819,01.0,07,038,3,2022-03-19
042292,22,078,15,00,10,+26,+38.14598,-109.60817,01.0,07,038,3,2022-03-19
042292,22,078,15,10,70,+25,+38.14369,-109.60844,01.0,07,038,3,2022-03-19
042292,22,078,15,20,06,+25,+38.14328,-109.60792,01.0,07,038,3,2022-03-19
042292,22,078,15,30,38,+27,+38.14443,-109.60735,01.0,07,038,3,2022-03-19
042292,22,078,15,40,96,+27,+38.14803,-109.60871,00.9,08,038,3,2022-03-19
042292,22,078,15,50,64,+26,+38.14861,-109.60865,00.9,08,039,3,2022-03-19
042292,22,078,16,00,54,+25,+38.14917,-109.60873,01.1,07,038,3,2022-03-19
042292,22,078,16,10,78,+25,+38.15097,-109.60876,01.3,07,038,3,2022-03-19
042292,22,078,16,20,96,+25,+38.15336,-109.60773,01.4,07,038,3,2022-03-19
042292,22,078,16,30,62,+25,+38.15501,-109.60651,01.1,08,038,3,2022-03-19
042292,22,078,16,40,98,+25,+38.15503,-109.60644,01.1,08,038,3,2022-03-19
042292,22,078,16,50,60,+25,+38.15502,-109.60628,00.9,09,038,3,2022-03-19
042292,22,078,17,00,98,+24,+38.15501,-109.60644,01.4,07,037,3,2022-03-19
042292,22,078,17,10,66,+24,+38.15502,-109.60646,00.9,08,038,3,2022-03-19
042292,22,078,17,20,76,+24,+38.15629,-109.60666,00.9,08,038,3,2022-03-19
042292,22,078,17,30,98,+23,+38.15616,-109.60781,00.9,08,038,3,2022-03-19
042292,22,078,17,40,96,+21,+38.15555,-109.60972,00.9,08,038,3,2022-03-19
042292,22,078,17,50,98,+21,+38.15475,-109.61021,01.1,07,038,3,2022-03-19
042292,22,078,18,00,98,+22,+38.15319,-109.61187,01.2,06,038,3,2022-03-19
042292,22,078,18,10,54,+22,+38.15374,-109.61280,00.9,08,038,3,2022-03-19
042292,22,078,18,20,96,+22,+38.15282,-109.61191,01.2,07,037,3,2022-03-19
042292,22,078,18,30,98,+21,+38.15235,-109.61073,01.0,08,038,3,2022-03-19
042292,22,078,18,40,96,+21,+38.15248,-109.60952,01.1,07,038,3,2022-03-19
042292,22,078,18,50,96,+21,+38.15264,-109.60884,01.1,07,038,3,2022-03-19
042292,22,078,19,00,96,+22,+38.15307,-109.60819,01.1,07,038,3,2022-03-19
042292,22,078,19,10,90,+22,+38.15498,-109.60646,01.0,07,038,3,2022-03-19
042292,22,078,19,20,06,+22,+38.15504,-109.60648,01.0,08,038,3,2022-03-19
042292,22,078,19,30,12,+23,+38.15510,-109.60646,00.8,10,038,3,2022-03-19
042292,22,078,19,40,10,+23,+38.15506,-109.60646,00.8,10,037,3,2022-03-19
042292,22,083,11,30,04,+32,+38.14443,-109.61189,00.8,09,038,3,2022-03-24
042292,22,083,11,40,10,+33,+38.14443,-109.61190,00.9,08,038,3,2022-03-24
042292,22,083,11,50,06,+34,+38.14443,-109.61187,00.9,08,039,3,2022-03-24
042292,22,083,12,00,08,+34,+38.14440,-109.61189,01.0,07,038,3,2022-03-24
042292,22,083,12,10,02,+35,+38.14443,-109.61189,00.9,08,038,3,2022-03-24
042292,22,083,12,20,50,+33,+38.14359,-109.61174,01.0,08,038,3,2022-03-24
042292,22,083,12,30,96,+30,+38.14315,-109.61154,00.8,09,038,3,2022-03-24
042292,22,083,12,40,96,+30,+38.14246,-109.61107,00.8,09,038,3,2022-03-24
042292,22,083,12,50,98,+30,+38.14195,-109.61071,00.7,10,038,3,2022-03-24
042292,22,083,13,00,98,+29,+38.14169,-109.61008,00.7,10,038,3,2022-03-24
042292,22,083,13,10,98,+29,+38.14195,-109.60987,00.9,08,038,3,2022-03-24
042292,22,083,13,20,98,+31,+38.14203,-109.61035,00.9,08,038,3,2022-03-24
042292,22,083,13,30,98,+30,+38.14172,-109.60987,01.0,07,038,3,2022-03-24
042292,22,083,13,40,98,+30,+38.14160,-109.60947,01.0,08,038,3,2022-03-24
042292,22,083,13,50,98,+30,+38.14157,-109.60928,00.8,10,038,3,2022-03-24
042292,22,083,14,00,96,+31,+38.14175,-109.60928,00.8,10,038,3,2022-03-24
042292,22,083,14,10,98,+31,+38.14160,-109.60957,00.8,09,038,3,2022-03-24
042292,22,083,14,20,98,+30,+38.14122,-109.60968,00.9,08,038,3,2022-03-24
042292,22,083,14,30,98,+30,+38.14105,-109.60974,00.9,08,039,3,2022-03-24
042292,22,083,14,40,98,+30,+38.14109,-109.60951,00.9,08,038,3,2022-03-24
042292,22,083,14,50,98,+31,+38.14139,-109.60952,00.9,08,038,3,2022-03-24
042292,22,083,15,00,98,+32,+38.14168,-109.60945,01.0,07,037,3,2022-03-24
042292,22,083,15,10,98,+33,+38.14199,-109.60964,01.0,08,038,3,2022-03-24
042292,22,083,15,20,98,+33,+38.14220,-109.60970,01.0,08,038,3,2022-03-24
042292,22,083,15,30,98,+32,+38.14257,-109.60960,01.0,08,038,3,2022-03-24
042292,22,083,15,40,98,+32,+38.14259,-109.60990,00.9,08,037,3,2022-03-24
042292,22,083,15,50,96,+32,+38.14254,-109.61017,01.2,07,038,3,2022-03-24
042292,22,083,16,00,96,+32,+38.14270,-109.61008,01.2,07,038,3,2022-03-24
042292,22,083,16,10,98,+32,+38.14273,-109.61036,00.9,08,038,3,2022-03-24
042292,22,083,16,20,96,+32,+38.14292,-109.61073,01.0,08,038,3,2022-03-24
042292,22,083,16,30,98,+31,+38.14316,-109.61074,00.8,09,038,3,2022-03-24
042292,22,083,16,40,66,+31,+38.14350,-109.61040,00.9,08,038,3,2022-03-24
042292,22,083,16,50,30,+30,+38.14462,-109.61067,00.9,08,038,3,2022-03-24
042292,22,083,17,00,88,+31,+38.14737,-109.60994,00.9,08,038,3,2022-03-24
042292,22,083,17,10,98,+31,+38.14817,-109.60979,00.9,08,038,3,2022-03-24
042292,22,083,17,20,96,+30,+38.14968,-109.61067,01.0,07,038,3,2022-03-24
042292,22,083,17,30,98,+29,+38.14934,-109.61105,00.9,08,038,3,2022-03-24
042292,22,083,17,40,96,+30,+38.14913,-109.61102,01.1,07,038,3,2022-03-24
042292,22,083,17,50,96,+29,+38.14858,-109.61105,00.9,08,038,3,2022-03-24
042292,22,083,18,00,94,+29,+38.14833,-109.61111,01.0,08,038,3,2022-03-24
042292,22,083,18,10,94,+28,+38.14839,-109.61071,01.0,08,038,3,2022-03-24
042292,22,083,18,20,92,+28,+38.14836,-109.61051,01.2,07,038,3,2022-03-24
042292,22,083,18,30,98,+26,+38.14825,-109.61042,01.3,07,038,3,2022-03-24
042292,22,083,18,40,94,+25,+38.14842,-109.61060,01.1,07,038,3,2022-03-24
042292,22,083,18,50,96,+24,+38.14863,-109.61074,01.0,07,037,3,2022-03-24
042292,22,083,19,00,96,+23,+38.14876,-109.61077,00.8,09,038,3,2022-03-24
042292,22,083,19,10,66,+22,+38.14883,-109.61077,00.8,10,038,3,2022-03-24
042292,22,083,19,20,24,+23,+38.14879,-109.61079,00.8,10,038,3,2022-03-24
042292,22,083,19,30,28,+23,+38.14879,-109.61079,00.8,09,038,3,2022-03-24
042292,22,083,19,40,22,+23,+38.14878,-109.61078,00.8,10,038,3,2022-03-24
042292,22,083,19,50,20,+23,+38.14879,-109.61078,00.8,09,038,3,2022-03-24
042292,22,083,20,00,20,+23,+38.14879,-109.61077,00.8,09,037,3,2022-03-24
042292,22,083,20,10,16,+23,+38.14881,-109.61078,00.7,10,039,3,2022-03-24
042292,22,083,20,20,02,+23,+38.14884,-109.61075,00.9,09,038,3,2022-03-24
042292,22,083,20,30,12,+23,+38.14880,-109.61078,00.8,10,038,3,2022-03-24
042292,22,083,20,40,20,+21,+38.14879,-109.61075,00.8,10,038,3,2022-03-24
042292,22,083,20,50,22,+22,+38.14879,-109.61077,00.8,10,039,3,2022-03-24
042292,22,083,21,00,16,+21,+38.14877,-109.61078,00.9,09,038,3,2022-03-24
042292,22,083,21,10,02,+22,+38.14882,-109.61078,01.1,08,038,3,2022-03-24
042292,22,083,21,20,02,+23,+38.14879,-109.61078,01.0,09,038,3,2022-03-24
042292,22,083,21,30,02,+23,+38.14879,-109.61079,00.9,10,038,3,2022-03-24
042292,22,083,21,40,16,+23,+38.14879,-109.61078,00.9,10,038,3,2022-03-24
042292,22,083,21,50,14,+23,+38.14879,-109.61078,00.9,09,038,3,2022-03-24
042292,22,083,22,00,12,+21,+38.14879,-109.61079,00.8,10,038,3,2022-03-24
042292,22,083,22,10,06,+21,+38.14881,-109.61078,00.8,10,038,3,2022-03-24
042292,22,083,22,20,02,+21,+38.14881,-109.61078,00.7,11,038,3,2022-03-24
042292,22,084,11,20,96,+32,+38.13373,-109.60873,00.8,09,038,3,2022-03-25
042292,22,084,11,30,90,+33,+38.13507,-109.60849,00.8,09,038,3,2022-03-25
042292,22,084,11,40,98,+32,+38.13828,-109.60937,00.9,08,038,3,2022-03-25
042292,22,084,11,50,98,+31,+38.14157,-109.60861,01.0,08,038,3,2022-03-25
042292,22,084,12,00,98,+32,+38.14536,-109.60855,01.0,08,038,3,2022-03-25
042292,22,084,12,10,96,+32,+38.14877,-109.60858,00.9,08,038,3,2022-03-25
042292,22,084,12,20,98,+32,+38.15084,-109.60766,00.8,09,038,3,2022-03-25
042292,22,084,12,30,94,+33,+38.15356,-109.60727,00.8,09,038,3,2022-03-25
042292,22,084,12,40,78,+34,+38.15511,-109.60644,00.8,09,038,3,2022-03-25
042292,22,084,12,50,78,+35,+38.15675,-109.60628,00.8,09,038,3,2022-03-25
042292,22,084,13,00,70,+35,+38.15636,-109.60659,00.8,09,038,3,2022-03-25
042292,22,084,13,10,98,+36,+38.15593,-109.60699,00.9,08,038,3,2022-03-25
042292,22,084,13,20,98,+36,+38.15551,-109.60760,00.9,08,038,3,2022-03-25
042292,22,084,13,30,98,+35,+38.15501,-109.60775,00.9,08,038,3,2022-03-25
042292,22,084,13,40,98,+35,+38.15460,-109.60840,00.9,08,038,3,2022-03-25
042292,22,084,13,50,98,+34,+38.15416,-109.60891,00.8,10,038,3,2022-03-25
042292,22,084,14,00,98,+36,+38.15423,-109.60934,00.8,10,038,3,2022-03-25
042292,22,084,14,10,98,+36,+38.15402,-109.60971,00.8,09,038,3,2022-03-25
042292,22,084,14,20,96,+36,+38.15401,-109.61003,00.8,09,038,3,2022-03-25
042292,22,084,14,30,98,+35,+38.15394,-109.61033,00.9,08,038,3,2022-03-25
042292,22,084,14,40,98,+36,+38.15363,-109.61079,01.2,07,038,3,2022-03-25
042292,22,084,14,50,98,+36,+38.15402,-109.61299,00.9,08,038,3,2022-03-25
042292,22,084,15,00,36,+34,+38.15416,-109.61288,01.0,08,038,3,2022-03-25
042292,22,084,15,10,96,+34,+38.15394,-109.61235,01.1,07,038,3,2022-03-25
042292,22,084,15,20,92,+35,+38.15359,-109.61229,01.1,07,038,3,2022-03-25
042292,22,084,15,30,96,+34,+38.15340,-109.61225,01.0,08,038,3,2022-03-25
042292,22,084,15,40,96,+34,+38.15353,-109.61151,01.2,07,038,3,2022-03-25
042292,22,084,15,50,98,+35,+38.15401,-109.61052,01.2,07,038,3,2022-03-25
042292,22,084,16,00,98,+35,+38.15423,-109.61032,01.2,07,038,3,2022-03-25
042292,22,084,16,10,98,+36,+38.15455,-109.61021,00.9,08,038,3,2022-03-25
042292,22,084,16,20,98,+36,+38.15476,-109.61000,00.8,09,038,3,2022-03-25
042292,22,084,16,30,98,+35,+38.15492,-109.60961,00.8,09,038,3,2022-03-25
042292,22,084,16,40,98,+36,+38.15508,-109.60945,00.9,08,038,3,2022-03-25
042292,22,084,16,50,98,+35,+38.15530,-109.60939,00.9,08,038,3,2022-03-25
042292,22,084,17,00,38,+34,+38.15537,-109.60945,00.9,08,038,3,2022-03-25
042292,22,084,17,10,44,+34,+38.15540,-109.60968,00.9,08,038,3,2022-03-25
042292,22,084,17,20,96,+33,+38.15534,-109.60974,01.0,07,038,3,2022-03-25
042292,22,084,17,30,98,+32,+38.15484,-109.60993,01.1,07,038,3,2022-03-25
042292,22,084,17,40,96,+32,+38.15475,-109.61012,01.1,07,038,3,2022-03-25
042292,22,084,17,50,98,+32,+38.15416,-109.61045,00.9,08,038,3,2022-03-25
042292,22,084,18,00,98,+31,+38.15341,-109.61121,01.0,08,038,3,2022-03-25
042292,22,084,18,10,94,+32,+38.15471,-109.61307,01.2,07,038,3,2022-03-25
042292,22,084,18,20,98,+31,+38.15457,-109.61299,01.2,07,038,3,2022-03-25
042292,22,084,18,30,96,+29,+38.15469,-109.61313,01.1,07,038,3,2022-03-25
042292,22,084,18,40,92,+27,+38.15451,-109.61275,01.7,05,038,3,2022-03-25
042292,22,084,18,50,96,+25,+38.15509,-109.61312,00.8,09,038,3,2022-03-25
042292,22,084,19,00,96,+25,+38.15551,-109.61289,00.8,09,038,3,2022-03-25
042292,22,084,19,10,94,+24,+38.15553,-109.61266,00.8,09,038,3,2022-03-25
042292,22,084,19,20,94,+24,+38.15553,-109.61258,00.8,09,038,3,2022-03-25
042292,22,084,19,30,96,+24,+38.15546,-109.61260,00.8,09,038,3,2022-03-25
042292,22,084,19,40,96,+24,+38.15534,-109.61303,00.8,10,038,3,2022-03-25
042292,22,084,19,50,92,+23,+38.15539,-109.61302,00.8,09,038,3,2022-03-25
042292,22,084,20,00,94,+23,+38.15557,-109.61308,00.8,09,038,3,2022-03-25
042292,22,084,20,10,92,+21,+38.15599,-109.61311,00.8,10,038,3,2022-03-25
042292,22,084,20,20,98,+21,+38.15629,-109.61288,00.7,11,038,3,2022-03-25
042292,22,084,20,30,94,+21,+38.15635,-109.61238,00.8,10,038,3,2022-03-25
042292,22,084,20,40,96,+21,+38.15626,-109.61252,00.8,10,038,3,2022-03-25
042292,22,084,20,50,96,+21,+38.15616,-109.61254,00.8,10,038,3,2022-03-25
042292,22,084,21,00,90,+21,+38.15626,-109.61258,01.0,09,038,3,2022-03-25
042292,22,084,21,10,96,+21,+38.15628,-109.61283,01.0,09,038,3,2022-03-25
042292,22,084,21,20,96,+20,+38.15650,-109.61318,00.9,10,038,3,2022-03-25
042292,22,084,21,30,68,+20,+38.15673,-109.61315,00.9,10,038,3,2022-03-25
042292,22,084,21,40,24,+21,+38.15670,-109.61313,00.9,10,038,3,2022-03-25
042292,22,084,21,50,16,+22,+38.15671,-109.61313,01.0,09,038,3,2022-03-25
042292,22,084,22,00,12,+23,+38.15672,-109.61313,00.8,10,038,3,2022-03-25
042292,22,084,22,10,02,+24,+38.15668,-109.61313,00.7,11,039,3,2022-03-25
042292,22,085,03,30,04,+20,+38.15725,-109.61256,01.3,07,038,3,2022-03-26
042292,22,085,03,40,00,+20,+38.15723,-109.61254,00.8,09,038,3,2022-03-26
042292,22,085,03,50,12,+20,+38.15724,-109.61254,00.8,10,038,3,2022-03-26
042292,22,085,04,00,12,+19,+38.15729,-109.61258,00.8,10,038,3,2022-03-26
042292,22,085,04,10,12,+18,+38.15724,-109.61257,00.8,10,038,3,2022-03-26
042292,22,085,04,20,08,+19,+38.15725,-109.61254,00.8,10,038,3,2022-03-26
042292,22,085,04,30,02,+19,+38.15727,-109.61254,01.0,09,038,3,2022-03-26
042292,22,085,04,40,00,+19,+38.15728,-109.61254,00.9,09,038,3,2022-03-26
042292,22,085,04,50,02,+19,+38.15731,-109.61254,00.9,09,038,3,2022-03-26
042292,22,085,05,00,02,+20,+38.15726,-109.61252,00.7,11,038,3,2022-03-26
042292,22,085,05,10,16,+19,+38.15727,-109.61252,00.8,09,038,3,2022-03-26
042292,22,085,05,20,18,+18,+38.15727,-109.61250,00.8,09,038,3,2022-03-26
042292,22,085,05,30,16,+18,+38.15726,-109.61252,00.8,09,038,3,2022-03-26
042292,22,085,05,40,12,+17,+38.15727,-109.61248,00.8,09,038,3,2022-03-26
042292,22,085,05,50,32,+17,+38.15757,-109.61266,01.0,08,038,3,2022-03-26
042292,22,085,06,00,94,+16,+38.15777,-109.61279,01.0,08,038,3,2022-03-26
042292,22,085,06,10,96,+15,+38.15820,-109.61326,01.1,08,038,3,2022-03-26
042292,22,085,06,20,98,+15,+38.15866,-109.61403,01.0,08,038,3,2022-03-26
042292,22,085,06,30,98,+14,+38.15893,-109.61399,01.0,08,038,3,2022-03-26
042292,22,085,06,40,94,+15,+38.15910,-109.61392,01.0,07,038,3,2022-03-26
042292,22,085,06,50,96,+16,+38.15913,-109.61460,00.9,08,038,3,2022-03-26
042292,22,085,07,00,98,+20,+38.15880,-109.61555,00.9,08,038,3,2022-03-26
042292,22,085,08,50,96,+30,+38.15837,-109.61585,01.1,07,038,3,2022-03-26
042292,22,085,09,00,98,+30,+38.15791,-109.61621,00.9,08,038,3,2022-03-26
042292,22,085,09,10,98,+31,+38.15696,-109.61563,01.2,06,038,3,2022-03-26
042292,22,085,09,20,96,+31,+38.15420,-109.61311,00.9,07,038,3,2022-03-26
042292,22,085,09,30,44,+31,+38.15428,-109.61361,00.9,07,038,3,2022-03-26
042292,22,085,09,40,84,+32,+38.15434,-109.61376,00.8,08,038,3,2022-03-26
042292,22,085,09,50,32,+33,+38.15432,-109.61369,00.8,09,038,3,2022-03-26
042292,22,085,10,00,26,+35,+38.15434,-109.61373,00.9,08,038,3,2022-03-26
042292,22,085,10,10,14,+37,+38.15436,-109.61373,00.7,09,038,3,2022-03-26
042292,22,085,10,20,48,+37,+38.15433,-109.61376,00.8,09,038,3,2022-03-26
042292,22,085,10,30,10,+37,+38.15434,-109.61369,00.8,08,038,3,2022-03-26
042292,22,085,10,40,10,+36,+38.15434,-109.61368,00.8,09,038,3,2022-03-26
042292,22,085,10,50,06,+36,+38.15433,-109.61368,00.9,08,038,3,2022-03-26
042292,22,085,11,00,06,+36,+38.15434,-109.61368,00.7,10,038,3,2022-03-26
042292,22,085,11,10,06,+37,+38.15433,-109.61368,00.8,09,038,3,2022-03-26
042292,22,085,11,20,04,+37,+38.15432,-109.61370,00.8,09,038,3,2022-03-26
042292,22,085,11,30,04,+33,+38.15433,-109.61368,00.8,09,038,3,2022-03-26
042292,22,085,11,40,02,+33,+38.15432,-109.61368,00.9,08,038,3,2022-03-26
042292,22,085,11,50,06,+37,+38.15432,-109.61368,00.9,08,038,3,2022-03-26
042292,22,085,12,00,34,+38,+38.15438,-109.61392,00.9,08,038,3,2022-03-26
042292,22,085,12,10,96,+40,+38.15448,-109.61460,00.9,08,038,3,2022-03-26
042292,22,085,12,20,98,+39,+38.15439,-109.61529,00.8,09,038,3,2022-03-26
042292,22,085,12,30,98,+38,+38.15425,-109.61574,00.8,09,038,3,2022-03-26
042292,22,085,12,40,98,+38,+38.15440,-109.61594,00.7,10,038,3,2022-03-26
042292,22,085,12,50,98,+38,+38.15462,-109.61631,00.8,09,039,3,2022-03-26
042292,22,085,13,00,98,+37,+38.15452,-109.61632,00.8,09,038,3,2022-03-26
042292,22,085,13,10,98,+36,+38.15429,-109.61643,00.9,08,038,3,2022-03-26
042292,22,085,13,20,98,+35,+38.15471,-109.61613,00.9,08,038,3,2022-03-26
042292,22,085,13,30,98,+36,+38.15502,-109.61614,00.9,08,038,3,2022-03-26
042292,22,085,13,40,98,+36,+38.15532,-109.61609,00.8,10,038,3,2022-03-26
042292,22,085,13,50,98,+35,+38.15607,-109.61612,00.8,10,038,3,2022-03-26
042292,22,085,14,00,96,+36,+38.15649,-109.61608,00.7,11,038,3,2022-03-26
042292,22,085,14,10,98,+37,+38.15660,-109.61612,00.8,09,038,3,2022-03-26
042292,22,085,14,20,98,+36,+38.15689,-109.61614,00.9,08,038,3,2022-03-26
042292,22,085,14,30,98,+37,+38.15715,-109.61700,00.9,08,038,3,2022-03-26
042292,22,085,14,40,98,+37,+38.15756,-109.61742,00.9,08,038,3,2022-03-26
042292,22,085,14,50,98,+38,+38.15778,-109.61771,00.9,08,038,3,2022-03-26
042292,22,085,15,00,98,+37,+38.15763,-109.61753,01.0,08,038,3,2022-03-26
042292,22,085,15,10,98,+36,+38.15756,-109.61714,01.0,08,038,3,2022-03-26
042292,22,085,15,20,98,+36,+38.15757,-109.61647,01.2,07,038,3,2022-03-26
042292,22,085,15,30,98,+35,+38.15801,-109.61614,00.9,08,038,3,2022-03-26
042292,22,085,15,40,98,+33,+38.15812,-109.61560,01.2,07,038,3,2022-03-26
042292,22,085,15,50,98,+33,+38.15798,-109.61582,01.2,07,038,3,2022-03-26
042292,22,085,16,00,98,+32,+38.15820,-109.61502,00.9,08,038,3,2022-03-26
042292,22,085,16,10,76,+32,+38.15831,-109.61448,01.0,08,038,3,2022-03-26
042292,22,085,16,20,22,+32,+38.15829,-109.61452,00.8,09,038,3,2022-03-26
042292,22,085,16,30,24,+34,+38.15823,-109.61453,00.8,09,038,3,2022-03-26
042292,22,085,16,40,14,+35,+38.15824,-109.61449,00.9,08,038,3,2022-03-26
042292,22,085,16,50,18,+36,+38.15824,-109.61450,00.9,08,038,3,2022-03-26
042292,22,085,17,00,40,+35,+38.15829,-109.61439,00.9,08,038,3,2022-03-26
042292,22,085,17,10,98,+33,+38.15859,-109.61420,00.9,08,038,3,2022-03-26
042292,22,085,17,20,98,+32,+38.15879,-109.61408,00.8,09,038,3,2022-03-26
042292,22,085,17,30,98,+32,+38.15896,-109.61361,01.1,07,038,3,2022-03-26
042292,22,085,17,40,98,+30,+38.15937,-109.61304,01.1,07,038,3,2022-03-26
042292,22,085,17,50,98,+31,+38.15963,-109.61284,01.0,08,038,3,2022-03-26
042292,22,085,18,00,98,+30,+38.15985,-109.61205,01.2,07,038,3,2022-03-26
042292,22,085,18,10,98,+31,+38.16007,-109.61158,01.2,07,038,3,2022-03-26
042292,22,085,18,20,96,+30,+38.15993,-109.61178,01.1,07,038,3,2022-03-26
042292,22,085,18,30,98,+29,+38.16024,-109.61132,01.5,06,038,3,2022-03-26
042292,22,085,18,40,98,+28,+38.16036,-109.61096,01.1,07,038,3,2022-03-26
042292,22,085,18,50,96,+27,+38.16019,-109.61046,00.9,08,038,3,2022-03-26
042292,22,085,19,00,96,+27,+38.15999,-109.61033,01.0,07,039,3,2022-03-26
042292,22,085,19,10,98,+25,+38.15999,-109.60990,00.8,10,038,3,2022-03-26
042292,22,085,19,20,96,+25,+38.15982,-109.61021,00.8,10,038,3,2022-03-26
042292,22,085,19,30,86,+25,+38.15983,-109.61046,00.8,09,038,3,2022-03-26
042292,22,085,19,40,20,+25,+38.15982,-109.61048,00.8,10,038,3,2022-03-26
042292,22,086,07,50,98,+28,+38.15611,-109.61332,01.1,07,038,3,2022-03-27
042292,22,086,08,00,98,+30,+38.15626,-109.61391,01.1,07,038,3,2022-03-27
042292,22,086,08,10,98,+29,+38.15573,-109.61378,01.1,07,038,3,2022-03-27
042292,22,086,08,20,96,+30,+38.15538,-109.61392,01.1,07,038,3,2022-03-27
042292,22,086,08,30,98,+30,+38.15508,-109.61359,01.1,07,038,3,2022-03-27
042292,22,086,08,40,86,+30,+38.15400,-109.61334,01.1,07,038,3,2022-03-27
042292,22,086,08,50,96,+32,+38.15399,-109.61359,00.9,08,038,3,2022-03-27
042292,22,086,09,00,96,+30,+38.15410,-109.61372,01.0,07,038,3,2022-03-27
042292,22,086,09,10,12,+31,+38.15413,-109.61373,00.9,07,038,3,2022-03-27
042292,22,086,09,20,10,+31,+38.15417,-109.61373,00.9,07,038,3,2022-03-27
042292,22,086,09,30,02,+33,+38.15414,-109.61370,00.9,06,038,3,2022-03-27
042292,22,086,09,40,12,+33,+38.15416,-109.61380,00.8,08,039,3,2022-03-27
042292,22,086,09,50,02,+33,+38.15417,-109.61380,00.8,09,038,3,2022-03-27
042292,22,086,10,00,10,+33,+38.15421,-109.61389,00.8,07,038,3,2022-03-27
042292,22,086,10,10,12,+32,+38.15425,-109.61403,00.7,09,038,3,2022-03-27
042292,22,086,10,20,98,+33,+38.15462,-109.61528,00.8,09,038,3,2022-03-27
042292,22,086,10,30,98,+35,+38.15517,-109.61628,00.8,08,038,3,2022-03-27
042292,22,086,10,40,98,+36,+38.15524,-109.61782,00.8,09,038,3,2022-03-27
042292,22,086,10,50,98,+37,+38.15456,-109.61859,00.7,10,038,3,2022-03-27
042292,22,086,11,00,98,+38,+38.15427,-109.61958,00.7,10,038,3,2022-03-27
042292,22,086,11,10,98,+38,+38.15380,-109.61969,00.8,09,038,3,2022-03-27
042292,22,086,11,20,98,+35,+38.15309,-109.61931,00.8,09,038,3,2022-03-27
042292,22,086,11,50,98,+37,+38.15191,-109.61888,00.9,08,038,3,2022-03-27
042292,22,086,12,00,98,+37,+38.15173,-109.61958,00.9,08,038,3,2022-03-27
042292,22,086,12,10,98,+37,+38.15145,-109.61956,00.8,09,038,3,2022-03-27
042292,22,086,12,20,98,+37,+38.15106,-109.61888,00.8,09,038,3,2022-03-27
042292,22,086,12,30,98,+38,+38.15075,-109.61794,00.7,10,038,3,2022-03-27
042292,22,086,12,40,98,+36,+38.15100,-109.61775,00.7,10,038,3,2022-03-27
042292,22,086,12,50,98,+35,+38.15126,-109.61746,00.8,09,038,3,2022-03-27
042292,22,086,13,00,98,+36,+38.15169,-109.61746,00.9,08,038,3,2022-03-27
042292,22,086,13,10,98,+37,+38.15221,-109.61750,00.9,08,038,3,2022-03-27
042292,22,086,13,20,98,+37,+38.15269,-109.61762,00.9,08,038,3,2022-03-27
042292,22,086,13,30,98,+36,+38.15200,-109.61710,00.9,09,038,3,2022-03-27
042292,22,086,13,40,98,+35,+38.15164,-109.61685,00.8,10,038,3,2022-03-27
042292,22,086,13,50,98,+35,+38.15135,-109.61643,00.7,11,038,3,2022-03-27
042292,22,086,14,00,98,+35,+38.15129,-109.61693,00.8,09,038,3,2022-03-27
042292,22,086,14,10,92,+34,+38.15145,-109.61679,00.8,09,038,3,2022-03-27
042292,22,086,14,20,98,+34,+38.15180,-109.61582,00.9,08,038,3,2022-03-27
042292,22,086,14,30,98,+34,+38.15230,-109.61547,00.9,08,038,3,2022-03-27
042292,22,086,14,40,98,+35,+38.15234,-109.61574,00.9,08,038,3,2022-03-27
042292,22,086,14,50,98,+36,+38.15238,-109.61634,00.9,08,038,3,2022-03-27
042292,22,086,15,00,36,+36,+38.15241,-109.61641,01.0,08,038,3,2022-03-27
042292,22,086,15,10,26,+36,+38.15242,-109.61639,01.1,07,038,3,2022-03-27
042292,22,086,15,20,38,+36,+38.15237,-109.61655,01.1,07,038,3,2022-03-27
042292,22,086,15,30,98,+36,+38.15338,-109.61834,01.1,07,038,3,2022-03-27
042292,22,086,15,40,98,+35,+38.15353,-109.61908,01.8,06,038,3,2022-03-27
042292,22,086,15,50,98,+35,+38.15391,-109.61998,01.9,06,038,3,2022-03-27
042292,22,086,16,00,98,+35,+38.15394,-109.62089,02.0,06,038,3,2022-03-27
042292,22,086,16,10,96,+34,+38.15384,-109.62162,01.3,07,038,3,2022-03-27
042292,22,086,16,20,98,+34,+38.15330,-109.62223,01.3,07,038,3,2022-03-27
042292,22,086,16,30,98,+33,+38.15284,-109.62297,01.4,06,038,3,2022-03-27
042292,22,086,16,40,58,+33,+38.15272,-109.62328,01.0,07,038,3,2022-03-27
042292,22,086,16,50,54,+33,+38.15270,-109.62368,01.0,07,038,3,2022-03-27
042292,22,086,17,00,90,+32,+38.15176,-109.62520,01.0,07,038,3,2022-03-27
042292,22,086,17,10,20,+31,+38.15183,-109.62525,00.9,07,038,3,2022-03-27
042292,22,086,17,20,98,+31,+38.15198,-109.62418,01.0,07,038,3,2022-03-27
042292,22,086,17,30,98,+30,+38.15160,-109.62300,01.1,06,038,3,2022-03-27
042292,22,086,17,40,98,+30,+38.15267,-109.62196,01.0,07,038,3,2022-03-27
042292,22,086,17,50,98,+29,+38.15343,-109.62080,01.0,07,038,3,2022-03-27
042292,22,086,18,00,98,+31,+38.15436,-109.61973,01.0,07,038,3,2022-03-27
042292,22,086,18,10,98,+30,+38.15524,-109.61929,01.2,06,038,3,2022-03-27
042292,22,086,18,20,96,+30,+38.15565,-109.61904,01.2,06,038,3,2022-03-27
042292,22,086,18,30,98,+28,+38.15674,-109.61927,01.4,05,038,3,2022-03-27
042292,22,086,18,40,98,+27,+38.15675,-109.61925,00.9,08,038,3,2022-03-27
042292,22,086,18,50,96,+26,+38.15686,-109.61933,00.9,08,038,3,2022-03-27
042292,22,086,19,00,98,+25,+38.15658,-109.61926,00.8,09,038,3,2022-03-27
042292,22,087,10,10,54,+30,+38.15933,-109.61954,00.7,09,038,3,2022-03-28
042292,22,087,10,20,82,+29,+38.15910,-109.61788,00.9,07,038,3,2022-03-28
042292,22,087,10,30,98,+29,+38.15900,-109.61756,00.8,08,038,3,2022-03-28
042292,22,087,10,40,98,+28,+38.15895,-109.61767,00.8,08,038,3,2022-03-28
042292,22,087,10,50,98,+28,+38.15860,-109.61765,00.8,08,038,3,2022-03-28
042292,22,087,11,00,98,+29,+38.15864,-109.61758,00.8,08,038,3,2022-03-28
042292,22,087,11,10,98,+29,+38.15871,-109.61746,00.9,08,038,3,2022-03-28
042292,22,087,11,20,64,+29,+38.15890,-109.61753,00.8,08,038,3,2022-03-28
042292,22,087,11,30,22,+31,+38.15893,-109.61753,00.9,07,038,3,2022-03-28
042292,22,087,11,40,18,+32,+38.15892,-109.61753,01.0,07,038,3,2022-03-28
042292,22,087,11,50,06,+32,+38.15893,-109.61753,01.0,07,038,3,2022-03-28
042292,22,087,12,00,00,+31,+38.15892,-109.61753,01.0,07,038,3,2022-03-28
042292,22,087,12,10,02,+31,+38.15892,-109.61750,01.4,06,038,3,2022-03-28
042292,22,087,12,20,16,+30,+38.15892,-109.61752,01.0,07,038,3,2022-03-28
042292,22,087,12,30,20,+31,+38.15892,-109.61750,00.8,09,039,3,2022-03-28
042292,22,087,12,40,18,+32,+38.15893,-109.61752,00.9,08,038,3,2022-03-28
042292,22,087,12,50,12,+31,+38.15889,-109.61791,00.9,08,038,3,2022-03-28
042292,22,087,13,00,96,+32,+38.15864,-109.61838,01.0,07,038,3,2022-03-28
042292,22,087,13,10,98,+31,+38.15856,-109.61834,01.0,07,038,3,2022-03-28
042292,22,087,13,20,98,+31,+38.15824,-109.61826,01.0,07,038,3,2022-03-28
042292,22,087,13,30,98,+31,+38.15749,-109.61746,00.9,08,038,3,2022-03-28
042292,22,087,13,40,98,+30,+38.15724,-109.61632,00.8,10,038,3,2022-03-28
042292,22,088,10,00,98,+25,+38.15683,-109.61466,00.7,09,038,3,2022-03-29
042292,22,088,10,10,98,+24,+38.15705,-109.61460,00.8,08,038,3,2022-03-29
042292,22,088,10,20,98,+24,+38.15713,-109.61486,00.9,07,038,3,2022-03-29
042292,22,088,10,30,98,+24,+38.15727,-109.61473,00.8,08,038,3,2022-03-29
042292,22,088,10,40,98,+25,+38.15757,-109.61441,00.7,09,038,3,2022-03-29
042292,22,088,10,50,94,+24,+38.15778,-109.61431,00.7,09,039,3,2022-03-29
042292,22,088,11,00,86,+24,+38.15807,-109.61351,00.9,07,038,3,2022-03-29
042292,22,088,11,10,96,+24,+38.15872,-109.61321,00.9,08,038,3,2022-03-29
042292,22,088,11,20,96,+25,+38.15901,-109.61239,00.9,08,039,3,2022-03-29
042292,22,088,11,30,66,+26,+38.15867,-109.61187,01.0,07,039,3,2022-03-29
042292,22,088,11,40,10,+27,+38.15862,-109.61212,01.0,07,038,3,2022-03-29
042292,22,088,11,50,96,+27,+38.15883,-109.61298,01.0,07,038,3,2022-03-29
042292,22,088,12,00,98,+25,+38.15821,-109.61331,01.0,07,038,3,2022-03-29
042292,22,088,12,10,98,+21,+38.15810,-109.61321,00.8,08,038,3,2022-03-29
042292,22,088,12,20,98,+19,+38.15832,-109.61319,00.8,09,038,3,2022-03-29
042292,22,088,12,30,96,+18,+38.15849,-109.61376,00.8,09,038,3,2022-03-29
042292,22,088,12,40,96,+18,+38.15814,-109.61407,00.8,09,038,3,2022-03-29
042292,22,088,12,50,96,+17,+38.15843,-109.61372,00.9,08,039,3,2022-03-29
042292,22,088,13,00,86,+17,+38.15829,-109.61499,01.0,07,038,3,2022-03-29
042292,22,088,13,10,24,+20,+38.15821,-109.61491,01.0,07,038,3,2022-03-29
042292,22,088,13,20,12,+22,+38.15820,-109.61487,00.9,08,039,3,2022-03-29
042292,22,088,13,30,16,+24,+38.15820,-109.61487,00.7,10,038,3,2022-03-29
042292,22,090,12,50,02,+30,+38.15423,-109.61878,01.0,07,038,3,2022-03-31
042292,22,090,13,00,18,+30,+38.15422,-109.61878,01.4,06,038,3,2022-03-31
042292,22,090,13,10,76,+29,+38.15401,-109.61853,01.0,07,038,3,2022-03-31
042292,22,090,13,20,94,+28,+38.15368,-109.61813,00.9,09,038,3,2022-03-31
042292,22,090,13,30,26,+26,+38.15356,-109.61807,00.8,10,038,3,2022-03-31
042292,22,090,13,40,58,+28,+38.15310,-109.61779,00.8,10,038,3,2022-03-31
042292,22,090,13,50,86,+28,+38.15286,-109.61771,00.9,08,038,3,2022-03-31
042292,22,090,14,00,48,+29,+38.15286,-109.61769,01.0,07,038,3,2022-03-31
042292,22,090,14,10,44,+30,+38.15282,-109.61769,01.0,07,038,3,2022-03-31
042292,22,090,14,20,62,+31,+38.15309,-109.61725,01.1,07,038,3,2022-03-31
042292,22,090,14,30,92,+29,+38.15372,-109.61668,01.1,07,038,3,2022-03-31
042292,22,090,14,40,98,+28,+38.15410,-109.61659,01.3,06,038,3,2022-03-31
042292,22,090,14,50,98,+27,+38.15419,-109.61647,01.3,07,038,3,2022-03-31
042292,22,090,15,00,98,+27,+38.15425,-109.61649,01.5,06,038,3,2022-03-31
042292,22,090,15,10,98,+28,+38.15469,-109.61649,01.2,07,038,3,2022-03-31
042292,22,090,15,20,98,+26,+38.15497,-109.61659,01.2,07,038,3,2022-03-31
042292,22,090,15,30,98,+25,+38.15504,-109.61662,01.2,07,038,3,2022-03-31
042292,22,090,15,40,98,+25,+38.15499,-109.61653,00.9,08,038,3,2022-03-31
042292,22,090,15,50,98,+24,+38.15496,-109.61651,00.9,08,038,3,2022-03-31
042292,22,090,16,00,98,+23,+38.15505,-109.61627,00.9,09,038,3,2022-03-31
042292,22,090,16,10,96,+21,+38.15504,-109.61567,00.8,09,037,3,2022-03-31
042292,22,090,16,20,98,+20,+38.15464,-109.61514,00.9,08,038,3,2022-03-31
042292,22,091,16,10,96,+32,+38.15442,-109.62188,00.9,08,038,3,2022-04-01
042292,22,091,16,20,56,+32,+38.15446,-109.62197,01.1,07,038,3,2022-04-01
042292,22,091,16,30,16,+34,+38.15445,-109.62196,01.0,07,038,3,2022-04-01
042292,22,091,16,40,28,+35,+38.15438,-109.62193,01.0,07,038,3,2022-04-01
042292,22,091,16,50,54,+33,+38.15437,-109.62173,00.9,08,038,3,2022-04-01
042292,22,091,17,00,98,+32,+38.15417,-109.62158,01.0,08,038,3,2022-04-01
042292,22,091,17,10,98,+30,+38.15398,-109.62178,01.1,07,038,3,2022-04-01
042292,22,091,17,20,98,+30,+38.15403,-109.62150,01.1,07,038,3,2022-04-01
042292,22,091,17,30,98,+30,+38.15393,-109.62126,01.0,08,038,3,2022-04-01
042292,22,091,17,40,96,+30,+38.15366,-109.62127,01.0,08,038,3,2022-04-01
042292,22,091,17,50,98,+26,+38.15336,-109.62107,01.2,07,038,3,2022-04-01
042292,22,091,18,00,98,+25,+38.15293,-109.62107,01.1,07,038,3,2022-04-01
042292,22,091,18,10,98,+25,+38.15235,-109.62109,01.2,06,038,3,2022-04-01
042292,22,091,18,20,96,+25,+38.15216,-109.62059,00.8,09,039,3,2022-04-01
042292,22,091,18,30,98,+25,+38.15177,-109.62024,00.8,09,038,3,2022-04-01
042292,22,091,18,40,98,+23,+38.15139,-109.61968,00.8,10,038,3,2022-04-01
042292,22,091,18,50,96,+23,+38.15139,-109.61994,00.8,10,038,3,2022-04-01
042292,22,091,19,00,96,+21,+38.15156,-109.62034,00.8,10,038,3,2022-04-01
042292,22,091,19,10,98,+20,+38.15136,-109.62055,00.8,10,038,3,2022-04-01
042292,22,091,19,20,98,+20,+38.15122,-109.62049,00.8,10,038,3,2022-04-01
042292,22,091,19,30,96,+20,+38.15090,-109.62046,00.8,09,038,3,2022-04-01
042292,22,091,19,40,96,+18,+38.15079,-109.62042,00.8,10,038,3,2022-04-01
042292,22,092,02,30,02,+21,+38.15233,-109.62006,01.0,08,037,3,2022-04-02
042292,22,092,02,40,02,+20,+38.15233,-109.62005,00.8,10,038,3,2022-04-02
042292,22,092,02,50,08,+18,+38.15233,-109.62002,00.8,10,038,3,2022-04-02
042292,22,092,03,00,04,+18,+38.15233,-109.62005,00.9,08,038,3,2022-04-02
042292,22,092,03,10,06,+19,+38.15233,-109.62000,00.8,09,038,3,2022-04-02
042292,22,092,03,20,14,+18,+38.15235,-109.61998,00.8,10,038,3,2022-04-02
042292,22,092,03,30,20,+18,+38.15233,-109.62000,00.9,09,038,3,2022-04-02
042292,22,092,03,40,10,+17,+38.15233,-109.62000,00.9,09,038,3,2022-04-02
042292,22,092,03,50,20,+16,+38.15233,-109.62000,00.8,10,038,3,2022-04-02
042292,22,092,04,00,18,+16,+38.15235,-109.62001,00.8,10,038,3,2022-04-02
042292,22,092,04,10,16,+16,+38.15237,-109.62000,00.9,09,038,3,2022-04-02
042292,22,092,04,20,14,+17,+38.15233,-109.62000,00.8,10,038,3,2022-04-02
042292,22,092,04,30,04,+17,+38.15237,-109.62001,00.8,09,038,3,2022-04-02
042292,22,092,04,40,00,+15,+38.15234,-109.61998,00.9,08,038,3,2022-04-02
042292,22,092,04,50,02,+16,+38.15234,-109.61998,00.9,08,038,3,2022-04-02
042292,22,092,05,00,14,+16,+38.15233,-109.61997,00.8,09,038,3,2022-04-02
042292,22,092,05,10,16,+16,+38.15232,-109.61998,00.8,09,038,3,2022-04-02
042292,22,092,05,20,14,+16,+38.15233,-109.61998,00.9,09,038,3,2022-04-02
042292,22,092,05,30,10,+15,+38.15233,-109.61996,00.9,09,038,3,2022-04-02
042292,22,092,05,40,04,+15,+38.15223,-109.61994,01.1,07,037,3,2022-04-02
042292,22,092,05,50,18,+15,+38.15224,-109.62006,00.9,09,038,3,2022-04-02
042292,22,092,06,00,96,+15,+38.15219,-109.62021,01.0,08,038,3,2022-04-02
042292,22,092,11,20,92,+37,+38.15298,-109.62254,01.0,07,038,3,2022-04-02
042292,22,092,11,30,96,+34,+38.15273,-109.62238,01.0,07,038,3,2022-04-02
042292,22,092,11,40,98,+33,+38.15263,-109.62232,01.0,07,038,3,2022-04-02
042292,22,092,11,50,98,+34,+38.15263,-109.62225,00.8,08,038,3,2022-04-02
042292,22,092,12,00,98,+33,+38.15236,-109.62206,00.8,08,038,3,2022-04-02
042292,22,092,12,10,98,+34,+38.15217,-109.62194,00.8,09,039,3,2022-04-02
042292,22,092,12,20,96,+35,+38.15242,-109.62238,00.8,09,038,3,2022-04-02
042292,22,092,12,30,92,+33,+38.15269,-109.62255,00.9,08,038,3,2022-04-02
042292,22,092,12,40,30,+32,+38.15269,-109.62263,01.0,07,038,3,2022-04-02
042292,22,092,12,50,52,+33,+38.15269,-109.62248,01.0,07,038,3,2022-04-02
042292,22,092,13,00,98,+33,+38.15267,-109.62207,01.0,07,038,3,2022-04-02
042292,22,092,13,10,98,+32,+38.15246,-109.62189,00.9,09,038,3,2022-04-02
042292,22,092,13,20,98,+32,+38.15214,-109.62133,00.8,10,038,3,2022-04-02
042292,22,092,13,30,98,+31,+38.15204,-109.62091,00.8,10,038,3,2022-04-02
042292,22,092,13,40,98,+32,+38.15190,-109.62055,00.9,08,038,3,2022-04-02
042292,22,092,13,50,98,+30,+38.15155,-109.62068,00.9,08,038,3,2022-04-02
042292,22,092,14,00,98,+29,+38.15150,-109.62044,01.0,07,038,3,2022-04-02
042292,22,092,14,10,98,+30,+38.15129,-109.61998,01.1,07,038,3,2022-04-02
042292,22,092,14,20,98,+30,+38.15101,-109.61963,01.1,07,038,3,2022-04-02
042292,22,092,14,30,98,+31,+38.15069,-109.61906,01.2,07,038,3,2022-04-02
042292,22,092,14,40,92,+31,+38.15108,-109.61731,01.3,07,038,3,2022-04-02
042292,22,092,14,50,10,+31,+38.15109,-109.61729,01.4,07,038,3,2022-04-02
042292,22,092,15,00,76,+31,+38.15074,-109.61750,01.6,06,038,3,2022-04-02
042292,22,092,15,10,98,+30,+38.15065,-109.61727,01.2,07,038,3,2022-04-02
042292,22,092,15,20,98,+31,+38.15040,-109.61775,01.2,07,039,3,2022-04-02
042292,22,092,15,30,98,+32,+38.15011,-109.61781,01.2,07,038,3,2022-04-02
042292,22,092,15,40,94,+32,+38.15015,-109.61779,00.9,08,038,3,2022-04-02
042292,22,092,15,50,98,+32,+38.15003,-109.61811,00.8,09,038,3,2022-04-02
042292,22,092,16,00,96,+32,+38.15009,-109.61865,00.9,08,038,3,2022-04-02
042292,22,092,16,10,98,+32,+38.15031,-109.61847,00.9,08,038,3,2022-04-02
042292,22,092,16,20,98,+31,+38.15037,-109.61817,00.9,08,038,3,2022-04-02
042292,22,092,16,30,98,+31,+38.14992,-109.61859,00.9,08,038,3,2022-04-02
042292,22,092,16,40,98,+31,+38.14981,-109.61865,00.9,08,038,3,2022-04-02
042292,22,092,16,50,98,+30,+38.14947,-109.61807,00.8,08,038,3,2022-04-02
042292,22,092,17,00,98,+30,+38.14914,-109.61720,01.1,07,038,3,2022-04-02
042292,22,092,17,10,98,+30,+38.14933,-109.61658,01.1,07,038,3,2022-04-02
042292,22,092,17,20,98,+31,+38.14931,-109.61643,01.2,07,038,3,2022-04-02
042292,22,092,17,30,96,+32,+38.14959,-109.61672,01.2,07,038,3,2022-04-02
042292,22,092,17,40,98,+31,+38.14961,-109.61685,01.2,07,038,3,2022-04-02
042292,22,092,17,50,58,+31,+38.14978,-109.61691,01.1,07,038,3,2022-04-02
042292,22,092,18,00,98,+31,+38.15015,-109.61695,01.1,07,038,3,2022-04-02
042292,22,092,18,10,98,+30,+38.15040,-109.61702,01.1,07,038,3,2022-04-02
042292,22,092,18,20,70,+28,+38.15076,-109.61708,00.8,09,038,3,2022-04-02
042292,22,092,18,30,52,+28,+38.15198,-109.61608,00.8,09,038,3,2022-04-02
042292,22,099,10,20,98,+31,+38.12010,-109.61063,00.8,08,039,3,2022-04-09
042292,22,099,10,30,98,+32,+38.11977,-109.61060,00.8,08,038,3,2022-04-09
042292,22,099,10,40,98,+32,+38.11945,-109.61046,00.9,08,038,3,2022-04-09
042292,22,099,10,50,98,+32,+38.11912,-109.61051,01.0,07,038,3,2022-04-09
042292,22,099,11,00,98,+33,+38.11887,-109.61132,01.0,07,039,3,2022-04-09
042292,22,099,11,10,98,+33,+38.11853,-109.61243,01.0,07,038,3,2022-04-09
042292,22,099,11,20,98,+33,+38.11854,-109.61269,00.8,08,038,3,2022-04-09
042292,22,099,11,30,98,+33,+38.11850,-109.61351,00.8,08,037,3,2022-04-09
042292,22,099,11,40,98,+34,+38.11799,-109.61357,00.8,08,039,3,2022-04-09
042292,22,099,11,50,98,+32,+38.11751,-109.61294,00.8,09,038,3,2022-04-09
042292,22,099,12,00,98,+31,+38.11726,-109.61252,00.9,08,038,3,2022-04-09
042292,22,099,12,10,98,+31,+38.11723,-109.61229,01.0,07,038,3,2022-04-09
042292,22,099,12,20,98,+32,+38.11702,-109.61208,01.0,07,038,3,2022-04-09
042292,22,099,12,30,98,+32,+38.11709,-109.61159,01.0,07,038,3,2022-04-09
042292,22,099,12,40,98,+34,+38.11708,-109.61094,01.0,07,038,3,2022-04-09
042292,22,099,12,50,94,+34,+38.11647,-109.61040,00.9,09,037,3,2022-04-09
042292,22,099,13,00,98,+34,+38.11627,-109.61058,00.9,09,038,3,2022-04-09
042292,22,099,13,10,98,+35,+38.11573,-109.61096,01.3,05,038,3,2022-04-09
042292,22,099,13,20,76,+34,+38.11532,-109.61101,01.2,06,037,3,2022-04-09
042292,22,099,13,30,26,+34,+38.11531,-109.61100,01.2,06,039,3,2022-04-09
042292,22,099,13,40,26,+35,+38.11529,-109.61101,01.2,06,038,3,2022-04-09
042292,22,099,13,50,26,+35,+38.11529,-109.61102,01.3,05,038,3,2022-04-09
042292,22,099,15,40,96,+33,+38.11456,-109.61035,00.9,08,038,3,2022-04-09
042292,22,099,15,50,98,+33,+38.11452,-109.61027,00.9,07,038,3,2022-04-09
042292,22,099,16,00,64,+32,+38.11481,-109.61021,00.9,08,037,3,2022-04-09
042292,22,099,16,10,46,+34,+38.11514,-109.61019,00.9,08,038,3,2022-04-09
042292,22,099,16,20,98,+33,+38.11557,-109.61037,01.0,07,038,3,2022-04-09
042292,22,099,16,30,98,+34,+38.11587,-109.61040,01.1,07,038,3,2022-04-09
042292,22,099,16,40,98,+33,+38.11622,-109.61063,01.1,07,039,3,2022-04-09
042292,22,099,16,50,98,+33,+38.11634,-109.61052,01.2,07,038,3,2022-04-09
042292,22,099,17,00,98,+32,+38.11606,-109.61037,01.2,07,038,3,2022-04-09
042292,22,099,17,10,98,+31,+38.11597,-109.60971,01.2,07,037,3,2022-04-09
042292,22,099,17,20,98,+30,+38.11604,-109.60966,01.1,07,039,3,2022-04-09
042292,22,099,17,30,98,+29,+38.11624,-109.60966,01.1,07,038,3,2022-04-09
042292,22,099,17,40,98,+29,+38.11631,-109.60994,01.1,07,038,3,2022-04-09
042292,22,099,17,50,98,+29,+38.11650,-109.60999,00.8,09,038,3,2022-04-09
042292,22,099,18,00,98,+28,+38.11670,-109.61022,00.8,09,038,3,2022-04-09
042292,22,099,18,10,98,+28,+38.11696,-109.61042,00.8,09,038,3,2022-04-09
042292,22,099,18,20,98,+28,+38.11714,-109.61014,00.8,10,038,3,2022-04-09
042292,22,099,18,30,98,+28,+38.11763,-109.60987,00.8,10,038,3,2022-04-09
042292,22,099,18,40,98,+28,+38.11766,-109.60855,00.8,10,038,3,2022-04-09
042292,22,099,18,50,94,+27,+38.11836,-109.60700,00.8,10,038,3,2022-04-09
042292,22,099,19,00,98,+26,+38.11918,-109.61172,00.7,10,038,3,2022-04-09
042292,22,099,19,10,98,+25,+38.11873,-109.61414,00.8,10,038,3,2022-04-09
042292,22,102,05,00,10,+08,+38.11883,-109.61861,01.1,08,038,3,2022-04-12
042292,22,102,07,00,28,+07,+38.12289,-109.62059,01.4,06,038,3,2022-04-12
042292,22,102,09,00,42,+20,+38.11525,-109.61780,00.7,09,039,3,2022-04-12
042292,22,102,11,00,80,+25,+38.11697,-109.61888,01.0,07,038,3,2022-04-12
042292,22,102,19,00,96,+13,+38.12175,-109.62324,00.8,10,038,3,2022-04-12
042292,22,102,21,00,28,+20,+38.12160,-109.62318,00.7,10,038,3,2022-04-12
042292,22,102,23,00,48,+10,+38.11979,-109.62448,00.9,09,038,3,2022-04-12
042292,22,103,01,00,68,+09,+38.11856,-109.62320,01.1,08,039,3,2022-04-13
042292,22,103,03,00,16,+06,+38.11856,-109.62318,00.8,09,038,3,2022-04-13
042292,22,103,05,00,10,+05,+38.11856,-109.62318,00.9,09,039,3,2022-04-13
042292,22,103,07,00,52,+16,+38.11654,-109.62061,01.4,06,038,3,2022-04-13
042292,22,103,09,00,96,+17,+38.11639,-109.62192,00.7,09,038,3,2022-04-13
042292,22,103,11,00,14,+24,+38.11635,-109.62185,00.8,08,038,3,2022-04-13
042292,22,103,15,00,92,+23,+38.11647,-109.62441,00.8,09,038,3,2022-04-13
042292,22,103,17,00,54,+22,+38.11786,-109.62464,01.2,07,038,3,2022-04-13
042292,22,103,19,00,92,+17,+38.12023,-109.62402,00.8,10,038,3,2022-04-13
042292,22,103,21,00,96,+13,+38.12053,-109.62236,00.7,10,038,3,2022-04-13
042292,22,103,23,00,66,+18,+38.12074,-109.62232,00.9,09,038,3,2022-04-13
042292,22,104,01,00,34,+12,+38.12049,-109.62268,01.0,10,038,3,2022-04-14
042292,22,104,03,00,44,+13,+38.12086,-109.62223,00.8,10,038,3,2022-04-14
042292,22,104,05,00,18,+14,+38.12085,-109.62230,00.9,09,038,3,2022-04-14
042292,22,104,07,00,58,+13,+38.12212,-109.61922,01.4,06,038,3,2022-04-14
042292,22,104,11,00,78,+30,+38.11880,-109.61933,00.9,08,038,3,2022-04-14
042292,22,104,13,00,60,+27,+38.11873,-109.62043,00.9,08,038,3,2022-04-14
042292,22,104,15,00,98,+25,+38.12020,-109.62736,00.9,08,038,3,2022-04-14
042292,22,104,17,00,68,+30,+38.11913,-109.62671,01.1,07,038,3,2022-04-14
042292,22,104,19,00,98,+23,+38.12403,-109.62358,00.8,09,059,3,2022-04-14
042292,22,104,21,00,76,+25,+38.12369,-109.62215,00.7,10,038,3,2022-04-14
042292,22,104,23,00,46,+20,+38.12394,-109.62091,00.9,09,038,3,2022-04-14
042292,22,105,01,00,48,+24,+38.12113,-109.62136,01.3,08,039,3,2022-04-15
042292,22,105,03,00,70,+21,+38.12224,-109.61968,00.8,10,038,3,2022-04-15
042292,22,105,05,00,16,+25,+38.12210,-109.61985,00.9,08,038,3,2022-04-15
042292,22,105,07,00,78,+22,+38.12314,-109.62145,01.4,06,038,3,2022-04-15
042292,22,105,09,00,64,+26,+38.11565,-109.62049,00.8,08,040,3,2022-04-15
042292,22,105,15,00,98,+29,+38.11736,-109.62399,00.8,09,038,3,2022-04-15
042292,22,105,17,00,96,+30,+38.11623,-109.61981,01.1,07,038,3,2022-04-15
042292,22,105,19,00,82,+23,+38.11566,-109.62984,00.7,11,040,3,2022-04-15
042292,22,105,21,00,36,+25,+38.11560,-109.62947,00.7,10,038,3,2022-04-15
042292,22,105,23,00,16,+22,+38.11559,-109.62947,01.0,08,038,3,2022-04-15
042292,22,106,01,00,14,+20,+38.11556,-109.62953,01.4,08,038,3,2022-04-16
042292,22,106,03,00,64,+17,+38.11614,-109.63034,00.8,10,038,3,2022-04-16
042292,22,106,05,00,42,+21,+38.11551,-109.62999,00.9,08,038,3,2022-04-16
042292,22,106,09,00,78,+28,+38.12191,-109.63008,00.9,07,038,3,2022-04-16
042292,22,106,11,00,08,+30,+38.12200,-109.63020,00.9,07,038,3,2022-04-16
042292,22,106,15,00,98,+31,+38.12579,-109.62614,01.2,07,038,3,2022-04-16
042292,22,106,17,00,92,+31,+38.11894,-109.62908,01.1,07,038,3,2022-04-16
042292,22,106,19,00,98,+25,+38.11796,-109.62107,00.9,09,038,3,2022-04-16
042292,22,106,21,00,90,+23,+38.11803,-109.62088,00.7,10,038,3,2022-04-16
042292,22,106,23,00,18,+20,+38.11798,-109.62081,00.9,09,038,3,2022-04-16
042292,22,107,01,00,84,+15,+38.11777,-109.61920,01.3,08,038,3,2022-04-17
042292,22,107,03,00,36,+18,+38.11798,-109.62065,00.8,10,040,3,2022-04-17
042292,22,107,05,00,18,+17,+38.11796,-109.62065,01.0,07,038,3,2022-04-17
042292,22,107,11,00,10,+30,+38.11070,-109.61434,01.0,06,038,3,2022-04-17
042292,22,107,17,00,86,+33,+38.11371,-109.61752,01.2,06,038,3,2022-04-17
042292,22,107,21,00,42,+23,+38.11400,-109.61733,00.7,10,038,3,2022-04-17
042292,22,107,23,00,06,+21,+38.11393,-109.61727,01.0,08,038,3,2022-04-17
042292,22,108,03,00,64,+19,+38.11145,-109.61464,01.0,08,038,3,2022-04-18
042292,22,108,05,00,10,+20,+38.11139,-109.61466,01.0,07,057,3,2022-04-18
042292,22,108,11,00,22,+37,+38.11002,-109.61594,00.9,07,049,3,2022-04-18
042292,22,108,19,00,92,+27,+38.11171,-109.62904,00.8,10,038,3,2022-04-18
042292,22,108,21,00,96,+21,+38.11113,-109.63188,00.7,10,039,3,2022-04-18
042292,22,108,23,00,20,+25,+38.11113,-109.63179,00.9,09,038,3,2022-04-18
042292,22,109,01,00,74,+19,+38.11199,-109.63165,01.3,08,038,3,2022-04-19
042292,22,109,03,00,20,+25,+38.11201,-109.63169,01.0,08,038,3,2022-04-19
042292,22,109,05,00,16,+24,+38.11199,-109.63167,01.0,08,038,3,2022-04-19
042292,22,109,07,00,76,+24,+38.11517,-109.63359,01.4,06,038,3,2022-04-19
042292,22,109,11,00,68,+35,+38.11934,-109.62899,00.9,06,038,3,2022-04-19
042292,22,109,17,00,54,+31,+38.12437,-109.62362,01.0,08,038,3,2022-04-19
042292,22,109,19,00,94,+26,+38.12093,-109.62175,00.8,10,038,3,2022-04-19
042292,22,109,21,00,74,+26,+38.12088,-109.62591,00.7,11,038,3,2022-04-19
042292,22,109,23,00,20,+25,+38.12090,-109.62590,00.8,10,038,3,2022-04-19
042292,22,110,01,00,22,+23,+38.12113,-109.62561,01.2,08,038,3,2022-04-20
042292,22,110,03,00,66,+20,+38.12252,-109.62646,00.8,10,038,3,2022-04-20
042292,22,110,05,00,18,+20,+38.12245,-109.62652,01.0,07,038,3,2022-04-20
042292,22,110,07,00,84,+22,+38.12616,-109.62665,01.4,06,038,3,2022-04-20
042292,22,110,11,00,70,+37,+38.12206,-109.62242,00.8,09,039,3,2022-04-20
042292,22,110,13,00,44,+35,+38.12208,-109.62215,01.1,07,039,3,2022-04-20
042292,22,110,15,00,98,+34,+38.11758,-109.62151,01.0,07,040,3,2022-04-20
042292,22,110,19,00,96,+27,+38.12443,-109.62535,00.8,10,038,3,2022-04-20
042292,22,110,21,00,44,+27,+38.12444,-109.62665,00.7,09,038,3,2022-04-20
042292,22,110,23,00,12,+23,+38.12442,-109.62666,00.8,10,038,3,2022-04-20
042292,22,111,01,00,16,+22,+38.12443,-109.62671,00.9,09,038,3,2022-04-21
042292,22,111,03,00,90,+20,+38.12583,-109.62673,00.8,10,038,3,2022-04-21
042292,22,111,05,00,48,+21,+38.12547,-109.62650,00.9,08,038,3,2022-04-21
042292,22,111,09,00,96,+29,+38.12448,-109.62792,00.8,08,054,3,2022-04-21
042292,22,111,11,00,50,+32,+38.12349,-109.62629,00.8,08,039,3,2022-04-21
042292,22,111,13,00,16,+34,+38.12350,-109.62654,01.2,06,040,3,2022-04-21
042292,22,111,15,00,70,+36,+38.12477,-109.62757,00.9,08,038,3,2022-04-21
042292,22,111,19,00,92,+28,+38.12479,-109.63275,00.8,10,038,3,2022-04-21
042292,22,111,21,00,58,+29,+38.12542,-109.63471,01.0,08,039,3,2022-04-21
042292,22,111,23,00,20,+27,+38.12541,-109.63475,00.8,10,038,3,2022-04-21
042292,22,112,01,00,14,+25,+38.12541,-109.63471,00.9,09,039,3,2022-04-22
042292,22,112,03,00,88,+23,+38.12588,-109.63653,00.8,10,038,3,2022-04-22
042292,22,112,05,00,54,+24,+38.12547,-109.63655,00.9,08,040,3,2022-04-22
042292,22,128,15,00,96,+35,+38.12991,-109.62882,01.1,07,038,3,2022-05-08
042292,22,128,17,00,56,+35,+38.13012,-109.63018,00.8,09,038,3,2022-05-08
042292,22,128,19,00,96,+29,+38.13241,-109.63167,01.1,07,038,3,2022-05-08
042292,22,128,21,00,64,+29,+38.12970,-109.63056,01.2,08,038,3,2022-05-08
042292,22,128,23,00,28,+25,+38.12840,-109.63032,01.0,09,038,3,2022-05-08
042292,22,129,01,00,18,+27,+38.12848,-109.63041,00.8,10,040,3,2022-05-09
042292,22,129,03,00,14,+25,+38.12846,-109.63062,01.1,08,039,3,2022-05-09
042292,22,129,15,01,74,+36,+38.11508,-109.61805,01.2,07,048,3,2022-05-09
042292,22,129,17,00,58,+30,+38.11281,-109.61698,00.7,10,038,3,2022-05-09
042292,22,129,19,00,92,+27,+38.11147,-109.61808,01.0,08,038,3,2022-05-09
042292,22,129,21,00,98,+24,+38.11171,-109.61933,01.0,08,038,3,2022-05-09
042292,22,129,23,00,10,+27,+38.11161,-109.61935,01.0,09,038,3,2022-05-09
042292,22,130,01,00,72,+25,+38.11137,-109.61833,00.8,10,038,3,2022-05-10
042292,22,130,03,00,10,+23,+38.11156,-109.61853,01.3,06,040,3,2022-05-10
042292,22,130,07,01,98,+23,+38.11822,-109.62494,00.8,09,059,3,2022-05-10
042292,22,130,09,00,98,+28,+38.12021,-109.62480,01.0,08,038,3,2022-05-10
042292,22,130,15,00,84,+34,+38.11650,-109.62353,01.0,08,038,3,2022-05-10
042292,22,130,17,00,36,+33,+38.11753,-109.62484,00.7,10,038,3,2022-05-10
042292,22,130,21,00,48,+28,+38.11784,-109.62835,01.0,08,038,3,2022-05-10
042292,22,130,23,00,32,+26,+38.11737,-109.63139,01.0,09,039,3,2022-05-10
042292,22,131,01,00,98,+25,+38.11750,-109.63150,00.8,10,038,3,2022-05-11
042292,22,131,03,00,10,+27,+38.11774,-109.63180,00.9,09,038,3,2022-05-11
042292,22,134,13,00,42,+39,+38.12697,-109.62612,00.8,09,038,3,2022-05-14
042292,22,134,15,00,60,+39,+38.12685,-109.62698,01.2,06,038,3,2022-05-14
042292,22,134,19,00,82,+31,+38.12973,-109.62811,00.8,09,038,3,2022-05-14
042292,22,135,01,00,54,+25,+38.12759,-109.62863,00.8,09,038,3,2022-05-15
042292,22,135,03,00,38,+24,+38.12774,-109.62883,01.1,07,038,3,2022-05-15
042292,22,135,05,00,18,+25,+38.12791,-109.62882,01.3,07,040,3,2022-05-15
042292,22,135,07,00,96,+28,+38.12370,-109.62511,00.9,08,038,3,2022-05-15
042292,22,135,09,00,66,+39,+38.12177,-109.62071,00.8,09,038,3,2022-05-15
042292,22,135,11,00,36,+39,+38.12124,-109.61972,01.0,07,038,3,2022-05-15
042292,22,135,15,00,36,+42,+38.11396,-109.61838,01.2,06,038,3,2022-05-15
042292,22,135,17,00,80,+38,+38.11391,-109.61891,00.9,08,038,3,2022-05-15
042292,22,135,19,00,92,+34,+38.11602,-109.61901,00.9,09,038,3,2022-05-15
042292,22,135,23,00,34,+28,+38.11779,-109.62065,01.2,09,038,3,2022-05-15
042292,22,136,01,00,54,+24,+38.11810,-109.62099,00.8,10,038,3,2022-05-16
042292,22,136,03,00,48,+26,+38.11770,-109.62061,01.0,07,038,3,2022-05-16
042292,22,136,05,00,22,+26,+38.11803,-109.62029,01.1,07,039,3,2022-05-16
042292,22,136,07,00,70,+28,+38.11100,-109.61392,01.3,07,040,3,2022-05-16
042292,22,136,09,00,84,+33,+38.10906,-109.60461,00.8,08,038,3,2022-05-16
042292,22,136,11,00,36,+37,+38.10767,-109.60012,01.2,06,040,3,2022-05-16
042292,22,136,13,00,78,+37,+38.10549,-109.60176,00.8,09,038,3,2022-05-16
042292,22,136,15,00,48,+37,+38.10496,-109.60182,01.2,06,038,3,2022-05-16
042292,22,136,17,00,36,+40,+38.10651,-109.60264,00.8,09,038,3,2022-05-16
042292,22,136,19,00,84,+34,+38.10745,-109.60249,00.9,09,038,3,2022-05-16
042292,22,136,21,00,28,+28,+38.10715,-109.60231,00.9,09,038,3,2022-05-16
042292,22,137,01,00,48,+26,+38.10586,-109.60276,00.9,09,038,3,2022-05-17
042292,22,137,03,00,38,+21,+38.10622,-109.60295,01.0,08,038,3,2022-05-17
042292,22,137,05,00,48,+21,+38.10536,-109.60262,01.3,06,039,3,2022-05-17
042292,22,137,07,00,86,+27,+38.10736,-109.60227,00.9,08,040,3,2022-05-17
042292,22,137,09,00,32,+36,+38.10741,-109.60163,00.7,10,038,3,2022-05-17
042292,22,137,11,00,56,+40,+38.10665,-109.60342,01.2,06,039,3,2022-05-17
042292,22,137,13,00,80,+38,+38.10559,-109.60306,00.8,08,038,3,2022-05-17
042292,22,137,17,00,64,+37,+38.10457,-109.60049,00.9,08,038,3,2022-05-17
042292,22,137,19,00,86,+32,+38.10731,-109.60012,00.9,08,038,3,2022-05-17
042292,22,137,21,00,32,+30,+38.10657,-109.60018,00.8,10,038,3,2022-05-17
042292,22,137,23,00,24,+28,+38.10660,-109.60011,01.4,07,040,3,2022-05-17
042292,22,138,01,00,64,+26,+38.10636,-109.60001,00.8,10,038,3,2022-05-18
042292,22,138,03,00,18,+25,+38.10656,-109.60021,01.0,07,038,3,2022-05-18
042292,22,138,07,00,88,+23,+38.10696,-109.59957,02.9,04,038,3,2022-05-18
042292,22,138,09,00,68,+34,+38.10818,-109.60010,00.9,09,058,3,2022-05-18
042292,22,138,11,00,08,+40,+38.10758,-109.59953,01.6,05,038,3,2022-05-18
042292,22,138,13,00,86,+37,+38.10565,-109.59915,01.0,06,038,3,2022-05-18
042292,22,138,15,00,24,+34,+38.10494,-109.59987,01.5,05,055,3,2022-05-18
042292,22,138,17,00,94,+34,+38.10754,-109.60028,02.4,05,038,3,2022-05-18
042292,22,138,19,00,58,+30,+38.10414,-109.59908,01.0,06,040,3,2022-05-18
042292,22,138,21,00,26,+24,+38.10396,-109.59865,00.8,10,039,3,2022-05-18
042292,22,138,23,00,26,+27,+38.10401,-109.59871,01.2,08,038,3,2022-05-18
042292,22,139,01,00,30,+23,+38.10467,-109.59844,00.9,08,038,3,2022-05-19
042292,22,139,03,00,58,+24,+38.10402,-109.59877,01.2,05,038,3,2022-05-19
042292,22,139,05,00,26,+23,+38.10366,-109.59877,01.2,05,040,3,2022-05-19
042292,22,139,11,00,26,+39,+38.10713,-109.60121,01.0,07,050,3,2022-05-19
042292,22,139,13,00,94,+34,+38.10696,-109.59893,03.7,05,038,3,2022-05-19
