CollarSerialNumber,Year,Julianday,Hour,Minute,Activity,Temperature,Latitude,Longitude,HDOP,NumSats,FixTime,2D/3D,Date
040151,22,074,00,00,00,-05,+38.07073,-109.56560,00.8,09,038,3,2022-03-15
040151,22,074,00,10,00,-05,+38.07072,-109.56562,00.8,09,038,3,2022-03-15
040151,22,074,00,20,00,-05,+38.07067,-109.56565,00.8,09,037,3,2022-03-15
040151,22,074,00,30,00,-05,+38.07069,-109.56562,00.8,09,038,3,2022-03-15
040151,22,074,00,40,00,-05,+38.07072,-109.56562,00.9,09,038,3,2022-03-15
040151,22,074,00,50,00,-05,+38.07070,-109.56562,01.0,07,038,3,2022-03-15
040151,22,074,01,00,00,-06,+38.07068,-109.56562,00.9,08,037,3,2022-03-15
040151,22,074,01,10,00,-06,+38.07067,-109.56562,00.9,09,038,3,2022-03-15
040151,22,074,01,20,00,-06,+38.07067,-109.56562,00.9,09,038,3,2022-03-15
040151,22,074,01,30,00,-07,+38.07071,-109.56564,00.8,10,037,3,2022-03-15
040151,22,074,01,40,00,-07,+38.07073,-109.56566,00.9,09,037,3,2022-03-15
040151,22,074,01,50,00,-07,+38.07072,-109.56565,00.8,10,038,3,2022-03-15
040151,22,074,02,00,00,-07,+38.07069,-109.56565,00.8,10,038,3,2022-03-15
040151,22,074,02,10,00,-07,+38.07073,-109.56566,00.9,09,038,3,2022-03-15
040151,22,074,02,20,00,-07,+38.07063,-109.56570,00.9,09,038,3,2022-03-15
040151,22,074,02,30,00,-07,+38.07072,-109.56568,01.0,09,038,3,2022-03-15
040151,22,074,02,40,00,-08,+38.07069,-109.56566,01.1,08,038,3,2022-03-15
040151,22,074,02,50,00,-07,+38.07065,-109.56571,01.1,08,038,3,2022-03-15
040151,22,074,03,00,00,-08,+38.07066,-109.56568,01.5,06,038,3,2022-03-15
040151,22,074,03,10,00,-07,+38.07067,-109.56565,01.3,08,038,3,2022-03-15
040151,22,074,03,20,00,-08,+38.07069,-109.56566,01.3,08,038,3,2022-03-15
040151,22,074,03,30,00,-08,+38.07070,-109.56565,01.2,08,037,3,2022-03-15
040151,22,074,03,40,00,-08,+38.07069,-109.56565,01.1,08,038,3,2022-03-15
040151,22,074,03,50,00,-08,+38.07065,-109.56566,01.1,08,038,3,2022-03-15
040151,22,074,04,00,00,-08,+38.07067,-109.56565,01.0,08,038,3,2022-03-15
040151,22,074,04,10,00,-08,+38.07070,-109.56566,00.9,09,038,3,2022-03-15
040151,22,074,04,20,00,-08,+38.07066,-109.56568,00.8,10,038,3,2022-03-15
040151,22,074,04,30,00,-08,+38.07069,-109.56565,00.8,10,038,3,2022-03-15
040151,22,074,04,40,00,-08,+38.07074,-109.56565,00.9,09,038,3,2022-03-15
040151,22,074,04,50,00,-08,+38.07073,-109.56565,00.9,09,038,3,2022-03-15
040151,22,074,05,00,00,-08,+38.07078,-109.56564,01.1,08,038,3,2022-03-15
040151,22,074,05,10,00,-08,+38.07082,-109.56560,01.1,08,038,3,2022-03-15
040151,22,074,05,20,00,-08,+38.07076,-109.56565,01.2,08,038,3,2022-03-15
040151,22,074,05,30,00,-08,+38.07077,-109.56565,01.0,07,038,3,2022-03-15
040151,22,074,05,40,00,-08,+38.07077,-109.56565,00.8,10,038,3,2022-03-15
040151,22,074,05,50,00,-08,+38.07074,-109.56565,00.7,10,038,3,2022-03-15
040151,22,074,06,00,00,-08,+38.07074,-109.56565,00.8,09,038,3,2022-03-15
040151,22,074,06,10,00,-09,+38.07068,-109.56565,00.9,08,038,3,2022-03-15
040151,22,074,06,20,00,-08,+38.07067,-109.56566,00.9,08,038,3,2022-03-15
040151,22,074,06,30,00,-08,+38.07069,-109.56566,00.8,09,039,3,2022-03-15
040151,22,074,06,40,00,-08,+38.07073,-109.56566,01.2,08,038,3,2022-03-15
040151,22,074,06,50,00,-08,+38.07071,-109.56566,01.1,08,038,3,2022-03-15
040151,22,074,07,00,00,-08,+38.07067,-109.56566,01.0,08,037,3,2022-03-15
040151,22,074,07,10,00,-09,+38.07071,-109.56566,01.0,08,038,3,2022-03-15
040151,22,074,07,20,02,-08,+38.07070,-109.56566,01.0,08,038,3,2022-03-15
040151,22,074,07,30,00,-08,+38.07073,-109.56566,01.1,07,038,3,2022-03-15
040151,22,074,07,40,00,-07,+38.07073,-109.56568,01.0,07,039,3,2022-03-15
040151,22,074,07,50,06,-06,+38.07070,-109.56564,01.0,07,038,3,2022-03-15
040151,22,074,08,00,00,-05,+38.07069,-109.56565,00.8,09,038,3,2022-03-15
040151,22,074,08,10,00,-05,+38.07071,-109.56566,00.8,09,037,3,2022-03-15
040151,22,074,08,20,06,-03,+38.07071,-109.56566,01.1,08,039,3,2022-03-15
040151,22,074,08,30,06,-02,+38.07071,-109.56566,00.9,09,038,3,2022-03-15
040151,22,074,08,40,16,+02,+38.07289,-109.56428,00.9,09,038,3,2022-03-15
040151,22,074,08,50,14,+07,+38.07302,-109.56433,01.1,08,038,3,2022-03-15
040151,22,074,09,00,80,+10,+38.07283,-109.56444,00.9,09,038,3,2022-03-15
040151,22,074,09,10,72,+12,+38.07280,-109.56448,00.9,09,038,3,2022-03-15
040151,22,074,09,20,30,+13,+38.07328,-109.56453,00.9,09,038,3,2022-03-15
040151,22,074,09,30,40,+16,+38.07328,-109.56452,00.8,09,037,3,2022-03-15
040151,22,074,09,40,62,+17,+38.07323,-109.56417,00.9,09,038,3,2022-03-15
040151,22,074,09,50,46,+20,+38.07329,-109.56414,00.9,09,038,3,2022-03-15
040151,22,074,10,00,66,+19,+38.07329,-109.56439,00.9,09,038,3,2022-03-15
040151,22,074,10,10,54,+20,+38.07324,-109.56427,00.8,09,038,3,2022-03-15
040151,22,074,10,20,34,+20,+38.07329,-109.56434,00.8,10,038,3,2022-03-15
040151,22,074,10,30,80,+19,+38.07323,-109.56406,00.8,10,038,3,2022-03-15
040151,22,074,10,40,84,+18,+38.07324,-109.56409,00.7,11,038,3,2022-03-15
040151,22,074,10,50,66,+20,+38.07328,-109.56413,00.7,10,038,3,2022-03-15
040151,22,074,11,00,38,+20,+38.07326,-109.56440,00.8,09,039,3,2022-03-15
040151,22,074,11,10,76,+19,+38.07321,-109.56407,00.8,09,038,3,2022-03-15
040151,22,074,11,20,80,+19,+38.07324,-109.56407,00.8,10,038,3,2022-03-15
040151,22,074,11,30,26,+20,+38.07319,-109.56432,00.8,09,037,3,2022-03-15
040151,22,074,11,40,56,+20,+38.07324,-109.56407,00.8,10,038,3,2022-03-15
040151,22,074,11,50,48,+20,+38.07327,-109.56417,00.8,10,038,3,2022-03-15
040151,22,074,12,00,12,+24,+38.07326,-109.56421,00.8,10,038,3,2022-03-15
040151,22,074,12,10,48,+24,+38.07326,-109.56407,00.8,10,039,3,2022-03-15
040151,22,074,12,20,78,+20,+38.07320,-109.56407,00.9,09,038,3,2022-03-15
040151,22,074,12,30,42,+20,+38.07329,-109.56430,00.9,09,038,3,2022-03-15
040151,22,074,12,40,16,+20,+38.07330,-109.56433,01.0,09,038,3,2022-03-15
040151,22,074,12,50,14,+21,+38.07326,-109.56414,00.9,09,038,3,2022-03-15
040151,22,074,13,00,18,+23,+38.07326,-109.56414,00.9,09,038,3,2022-03-15
040151,22,074,13,10,12,+25,+38.07329,-109.56429,00.9,09,038,3,2022-03-15
040151,22,074,13,20,16,+25,+38.07331,-109.56424,00.9,09,038,3,2022-03-15
040151,22,074,13,30,10,+25,+38.07330,-109.56421,00.8,10,038,3,2022-03-15
040151,22,074,13,40,02,+25,+38.07332,-109.56425,00.9,09,038,3,2022-03-15
040151,22,074,13,50,02,+25,+38.07331,-109.56423,00.8,10,038,3,2022-03-15
040151,22,074,14,00,00,+25,+38.07332,-109.56425,00.8,09,038,3,2022-03-15
040151,22,074,14,10,12,+25,+38.07332,-109.56427,00.8,09,038,3,2022-03-15
040151,22,074,14,20,26,+24,+38.07315,-109.56438,00.8,10,038,3,2022-03-15
040151,22,074,14,30,42,+23,+38.07329,-109.56427,00.8,09,038,3,2022-03-15
040151,22,074,14,40,18,+23,+38.07328,-109.56406,00.7,10,038,3,2022-03-15
040151,22,074,14,50,42,+24,+38.07329,-109.56455,00.8,09,038,3,2022-03-15
040151,22,074,15,00,28,+23,+38.07332,-109.56448,00.8,09,038,3,2022-03-15
040151,22,074,15,10,24,+22,+38.07323,-109.56404,01.0,07,038,3,2022-03-15
040151,22,074,15,20,76,+21,+38.07331,-109.56438,01.0,07,038,3,2022-03-15
040151,22,074,15,30,40,+23,+38.07326,-109.56415,01.0,07,038,3,2022-03-15
040151,22,074,15,40,38,+21,+38.07322,-109.56451,01.0,07,038,3,2022-03-15
040151,22,074,15,50,20,+25,+38.07319,-109.56452,01.1,07,038,3,2022-03-15
040151,22,074,16,00,20,+24,+38.07332,-109.56440,01.1,07,037,3,2022-03-15
040151,22,074,16,10,50,+22,+38.07331,-109.56421,00.8,09,038,3,2022-03-15
040151,22,074,16,20,06,+21,+38.07331,-109.56421,00.9,08,038,3,2022-03-15
040151,22,074,16,30,28,+21,+38.07323,-109.56405,00.9,08,037,3,2022-03-15
040151,22,074,16,40,92,+21,+38.07321,-109.56406,00.9,08,038,3,2022-03-15
040151,22,074,16,50,58,+21,+38.07323,-109.56424,00.9,08,038,3,2022-03-15
040151,22,074,17,00,80,+21,+38.07320,-109.56414,00.9,08,038,3,2022-03-15
040151,22,074,17,10,50,+20,+38.07321,-109.56405,00.9,09,038,3,2022-03-15
040151,22,074,17,20,90,+19,+38.07319,-109.56414,00.8,09,038,3,2022-03-15
040151,22,074,17,30,54,+17,+38.07328,-109.56444,00.8,08,038,3,2022-03-15
040151,22,074,17,40,38,+15,+38.07323,-109.56404,00.8,09,038,3,2022-03-15
040151,22,074,17,50,88,+14,+38.07319,-109.56410,00.8,09,038,3,2022-03-15
040151,22,074,18,00,30,+13,+38.07323,-109.56404,00.9,09,039,3,2022-03-15
040151,22,074,18,10,74,+10,+38.07323,-109.56428,01.1,08,038,3,2022-03-15
040151,22,074,18,20,74,+09,+38.07323,-109.56405,01.1,08,038,3,2022-03-15
040151,22,074,18,30,44,+08,+38.07319,-109.56415,01.1,08,037,3,2022-03-15
040151,22,074,18,40,42,+08,+38.07321,-109.56398,01.1,08,039,3,2022-03-15
040151,22,074,18,50,88,+08,+38.07323,-109.56405,01.1,08,038,3,2022-03-15
040151,22,074,19,00,50,+08,+38.07336,-109.56417,01.1,08,038,3,2022-03-15
040151,22,074,19,10,00,+09,+38.07329,-109.56423,01.1,08,038,3,2022-03-15
040151,22,074,19,20,52,+09,+38.07317,-109.56448,01.2,07,038,3,2022-03-15
040151,22,074,19,30,12,+09,+38.07319,-109.56449,00.8,10,038,3,2022-03-15
040151,22,074,19,40,04,+09,+38.07319,-109.56451,00.8,10,038,3,2022-03-15
040151,22,074,19,50,04,+09,+38.07315,-109.56452,00.7,11,038,3,2022-03-15
040151,22,074,20,00,04,+09,+38.07315,-109.56451,00.7,11,038,3,2022-03-15
040151,22,074,20,10,10,+08,+38.07319,-109.56452,00.7,11,038,3,2022-03-15
040151,22,074,20,20,06,+07,+38.07315,-109.56448,00.7,11,038,3,2022-03-15
040151,22,074,20,30,04,+06,+38.07314,-109.56449,00.8,10,038,3,2022-03-15
040151,22,074,20,40,00,+05,+38.07317,-109.56443,01.0,09,038,3,2022-03-15
040151,22,074,20,50,02,+04,+38.07314,-109.56452,00.7,11,038,3,2022-03-15
040151,22,074,21,00,02,+04,+38.07317,-109.56452,00.8,10,037,3,2022-03-15
040151,22,074,21,10,00,+03,+38.07319,-109.56451,00.7,12,037,3,2022-03-15
040151,22,074,21,20,24,+03,+38.07321,-109.56448,00.8,10,038,3,2022-03-15
040151,22,074,21,30,26,+03,+38.07320,-109.56452,00.8,10,038,3,2022-03-15
040151,22,074,21,40,14,+04,+38.07323,-109.56452,01.0,09,038,3,2022-03-15
040151,22,074,21,50,14,+03,+38.07323,-109.56459,01.0,09,038,3,2022-03-15
040151,22,074,22,00,08,+04,+38.07319,-109.56461,00.9,10,038,3,2022-03-15
040151,22,074,22,10,02,+04,+38.07319,-109.56455,00.9,09,038,3,2022-03-15
040151,22,074,22,20,06,+05,+38.07321,-109.56449,00.9,09,038,3,2022-03-15
040151,22,074,22,30,14,+04,+38.07323,-109.56451,01.0,09,038,3,2022-03-15
040151,22,074,22,40,48,+03,+38.07323,-109.56406,00.8,10,038,3,2022-03-15
040151,22,074,22,50,78,+03,+38.07324,-109.56405,00.9,08,038,3,2022-03-15
040151,22,074,23,00,76,+03,+38.07331,-109.56407,00.7,10,038,3,2022-03-15
040151,22,074,23,10,60,+03,+38.07328,-109.56407,00.7,10,038,3,2022-03-15
040151,22,074,23,20,70,+03,+38.07327,-109.56405,00.8,09,038,3,2022-03-15
040151,22,074,23,30,48,+03,+38.07329,-109.56402,00.8,09,038,3,2022-03-15
040151,22,074,23,40,64,+03,+38.07323,-109.56417,00.8,08,037,3,2022-03-15
040151,22,074,23,50,00,+06,+38.07321,-109.56413,00.9,08,038,3,2022-03-15
040151,22,075,00,00,02,+08,+38.07321,-109.56417,01.1,07,038,3,2022-03-16
040151,22,075,00,10,56,+06,+38.07323,-109.56404,00.8,09,038,3,2022-03-16
040151,22,075,00,20,66,+05,+38.07321,-109.56406,00.9,08,038,3,2022-03-16
040151,22,075,00,30,16,+05,+38.07320,-109.56417,00.8,09,038,3,2022-03-16
040151,22,075,00,40,06,+04,+38.07319,-109.56419,00.9,09,038,3,2022-03-16
040151,22,075,00,50,14,+03,+38.07318,-109.56421,00.9,09,038,3,2022-03-16
040151,22,075,01,00,18,+03,+38.07324,-109.56409,00.9,09,038,3,2022-03-16
040151,22,075,01,10,54,+03,+38.07324,-109.56421,00.9,09,038,3,2022-03-16
040151,22,075,01,20,04,+03,+38.07318,-109.56417,00.9,09,038,3,2022-03-16
040151,22,075,01,30,02,+03,+38.07320,-109.56415,00.8,10,038,3,2022-03-16
040151,22,075,11,40,52,+15,+38.07326,-109.56430,00.8,10,038,3,2022-03-16
040151,22,075,11,50,48,+14,+38.07329,-109.56446,00.9,09,038,3,2022-03-16
040151,22,075,12,00,78,+13,+38.07334,-109.56452,00.8,10,038,3,2022-03-16
040151,22,075,12,10,22,+14,+38.07332,-109.56449,00.9,09,038,3,2022-03-16
040151,22,075,12,20,16,+14,+38.07329,-109.56446,00.9,09,038,3,2022-03-16
040151,22,075,12,30,12,+14,+38.07330,-109.56446,01.1,08,038,3,2022-03-16
040151,22,075,12,40,00,+14,+38.07333,-109.56440,01.1,08,038,3,2022-03-16
040151,22,075,12,50,08,+14,+38.07333,-109.56452,00.9,09,038,3,2022-03-16
040151,22,075,13,00,06,+14,+38.07336,-109.56443,00.9,09,038,3,2022-03-16
040151,22,075,13,10,48,+13,+38.07324,-109.56407,00.9,08,038,3,2022-03-16
040151,22,075,13,20,86,+10,+38.07321,-109.56406,00.8,10,038,3,2022-03-16
040151,22,075,13,30,68,+09,+38.07324,-109.56455,00.9,09,037,3,2022-03-16
040151,22,075,13,40,54,+08,+38.07326,-109.56409,00.8,10,038,3,2022-03-16
040151,22,075,13,50,68,+06,+38.07321,-109.56432,00.8,09,038,3,2022-03-16
040151,22,075,14,00,38,+06,+38.07310,-109.56433,00.8,09,038,3,2022-03-16
040151,22,075,14,10,52,+05,+38.07334,-109.56434,00.8,09,038,3,2022-03-16
040151,22,075,14,20,28,+05,+38.07330,-109.56427,00.9,08,039,3,2022-03-16
040151,22,075,14,30,30,+05,+38.07338,-109.56438,00.7,10,038,3,2022-03-16
040151,22,075,14,40,22,+04,+38.07336,-109.56432,00.7,10,038,3,2022-03-16
040151,22,075,14,50,26,+03,+38.07334,-109.56433,00.8,09,038,3,2022-03-16
040151,22,075,15,00,06,+03,+38.07332,-109.56434,01.0,07,038,3,2022-03-16
040151,22,075,15,10,46,+03,+38.07323,-109.56406,01.0,07,038,3,2022-03-16
040151,22,075,15,20,90,+03,+38.07324,-109.56405,01.0,07,038,3,2022-03-16
040151,22,075,15,30,66,+03,+38.07329,-109.56406,01.0,07,039,3,2022-03-16
040151,22,075,15,40,68,+03,+38.07303,-109.56419,01.0,07,038,3,2022-03-16
040151,22,075,15,50,28,+03,+38.07328,-109.56429,01.1,07,038,3,2022-03-16
040151,22,075,16,00,08,+03,+38.07327,-109.56428,01.1,08,038,3,2022-03-16
040151,22,075,16,10,06,+03,+38.07329,-109.56427,01.0,08,038,3,2022-03-16
040151,22,075,16,20,00,+04,+38.07329,-109.56425,01.1,07,038,3,2022-03-16
040151,22,075,16,30,18,+03,+38.07334,-109.56421,00.9,08,038,3,2022-03-16
040151,22,075,16,40,58,+04,+38.07324,-109.56406,00.9,08,038,3,2022-03-16
040151,22,075,16,50,48,+05,+38.07326,-109.56438,00.9,08,038,3,2022-03-16
040151,22,075,17,00,64,+05,+38.07321,-109.56402,00.9,09,038,3,2022-03-16
040151,22,075,17,10,58,+06,+38.07320,-109.56402,00.8,10,038,3,2022-03-16
040151,22,075,17,20,78,+06,+38.07319,-109.56405,00.8,09,038,3,2022-03-16
040151,22,075,17,30,66,+05,+38.07313,-109.56433,00.8,09,039,3,2022-03-16
040151,22,075,17,40,42,+05,+38.07324,-109.56413,00.8,09,038,3,2022-03-16
040151,22,075,17,50,52,+03,+38.07331,-109.56411,00.9,09,038,3,2022-03-16
040151,22,075,18,00,38,+03,+38.07327,-109.56410,00.9,09,037,3,2022-03-16
040151,22,075,18,10,24,+04,+38.07319,-109.56411,01.1,08,038,3,2022-03-16
040151,22,075,18,20,48,+03,+38.07314,-109.56409,01.1,08,038,3,2022-03-16
040151,22,075,18,30,28,+04,+38.07314,-109.56427,01.1,08,038,3,2022-03-16
040151,22,075,18,40,36,+04,+38.07328,-109.56400,01.1,08,038,3,2022-03-16
040151,22,075,18,50,54,+03,+38.07330,-109.56402,01.1,08,038,3,2022-03-16
040151,22,075,19,00,66,+04,+38.07323,-109.56402,01.1,08,038,3,2022-03-16
040151,22,075,19,10,58,+04,+38.07323,-109.56415,01.1,08,037,3,2022-03-16
040151,22,075,19,20,00,+04,+38.07323,-109.56411,01.0,08,038,3,2022-03-16
040151,22,075,19,30,12,+03,+38.07319,-109.56421,00.8,09,038,3,2022-03-16
040151,22,075,19,40,16,+03,+38.07324,-109.56423,00.8,10,038,3,2022-03-16
040151,22,075,19,50,08,+04,+38.07320,-109.56421,00.7,11,038,3,2022-03-16
040151,22,075,20,00,10,+05,+38.07321,-109.56423,00.7,11,038,3,2022-03-16
040151,22,075,20,10,08,+06,+38.07321,-109.56419,00.8,10,038,3,2022-03-16
040151,22,075,20,20,02,+09,+38.07319,-109.56419,00.8,10,038,3,2022-03-16
040151,22,075,20,30,02,+09,+38.07319,-109.56421,00.9,08,037,3,2022-03-16
040151,22,075,20,40,00,+09,+38.07316,-109.56421,00.7,11,038,3,2022-03-16
040151,22,075,20,50,00,+08,+38.07323,-109.56421,00.7,11,038,3,2022-03-16
040151,22,075,21,00,14,+07,+38.07324,-109.56419,00.7,11,038,3,2022-03-16
040151,22,075,21,10,20,+06,+38.07320,-109.56417,00.9,09,038,3,2022-03-16
040151,22,075,21,20,14,+06,+38.07323,-109.56417,00.8,10,038,3,2022-03-16
040151,22,075,21,30,14,+06,+38.07324,-109.56421,00.9,09,038,3,2022-03-16
040151,22,075,21,40,00,+12,+38.07322,-109.56423,01.0,09,038,3,2022-03-16
040151,22,075,21,50,00,+11,+38.07325,-109.56417,01.0,09,037,3,2022-03-16
040151,22,075,22,00,10,+10,+38.07329,-109.56425,00.9,10,038,3,2022-03-16
040151,22,075,22,10,38,+07,+38.07324,-109.56407,00.9,10,038,3,2022-03-16
040151,22,075,22,20,84,+06,+38.07314,-109.56433,00.9,09,038,3,2022-03-16
040151,22,075,22,30,44,+04,+38.07319,-109.56405,01.0,08,038,3,2022-03-16
040151,22,075,23,10,84,+02,+38.07320,-109.56404,00.7,10,039,3,2022-03-16
040151,22,075,23,20,60,+02,+38.07320,-109.56401,00.8,09,038,3,2022-03-16
040151,22,075,23,30,40,+02,+38.07327,-109.56427,01.1,07,038,3,2022-03-16
040151,22,075,23,40,08,+02,+38.07323,-109.56414,00.8,09,037,3,2022-03-16
040151,22,075,23,50,04,+03,+38.07321,-109.56419,00.8,09,038,3,2022-03-16
040151,22,076,00,00,16,+03,+38.07320,-109.56409,00.8,09,038,3,2022-03-17
040151,22,076,00,10,34,+03,+38.07320,-109.56406,00.8,09,038,3,2022-03-17
040151,22,076,00,20,14,+03,+38.07320,-109.56406,00.8,09,038,3,2022-03-17
040151,22,076,00,30,44,+02,+38.07321,-109.56401,00.9,09,038,3,2022-03-17
040151,22,076,00,40,72,+02,+38.07315,-109.56405,00.9,09,038,3,2022-03-17
040151,22,076,00,50,70,+02,+38.07321,-109.56406,00.9,09,038,3,2022-03-17
040151,22,076,01,00,74,+02,+38.07321,-109.56402,00.9,09,039,3,2022-03-17
040151,22,076,01,10,46,+02,+38.07320,-109.56414,00.9,09,038,3,2022-03-17
040151,22,076,01,20,06,+01,+38.07323,-109.56406,00.8,10,038,3,2022-03-17
040151,22,076,01,30,48,+01,+38.07322,-109.56404,00.8,10,038,3,2022-03-17
040151,22,076,01,40,60,+01,+38.07326,-109.56427,00.8,10,038,3,2022-03-17
040151,22,076,01,50,48,+01,+38.07319,-109.56404,00.8,10,038,3,2022-03-17
040151,22,076,02,00,82,+00,+38.07324,-109.56427,00.8,10,038,3,2022-03-17
040151,22,076,02,10,58,+00,+38.07324,-109.56423,00.9,09,038,3,2022-03-17
040151,22,076,02,20,38,+00,+38.07325,-109.56434,00.9,09,038,3,2022-03-17
040151,22,076,02,30,30,-01,+38.07326,-109.56439,00.9,09,038,3,2022-03-17
040151,22,076,02,40,44,-01,+38.07328,-109.56433,01.1,08,038,3,2022-03-17
040151,22,076,02,50,30,-01,+38.07313,-109.56427,01.3,08,037,3,2022-03-17
040151,22,076,03,00,24,+00,+38.07316,-109.56425,01.2,09,038,3,2022-03-17
040151,22,076,03,10,10,+00,+38.07320,-109.56415,01.3,08,038,3,2022-03-17
040151,22,076,03,20,02,+00,+38.07321,-109.56419,01.0,08,037,3,2022-03-17
040151,22,076,03,30,00,+01,+38.07323,-109.56419,00.9,09,038,3,2022-03-17
040151,22,076,03,40,04,+01,+38.07321,-109.56413,01.2,07,038,3,2022-03-17
040151,22,076,03,50,04,+01,+38.07322,-109.56421,00.9,09,038,3,2022-03-17
040151,22,076,04,00,08,+01,+38.07322,-109.56419,00.8,10,038,3,2022-03-17
040151,22,076,04,10,08,+01,+38.07323,-109.56417,00.9,09,038,3,2022-03-17
040151,22,076,04,20,08,+01,+38.07323,-109.56423,00.8,10,038,3,2022-03-17
040151,22,076,04,30,06,+02,+38.07321,-109.56417,00.9,09,038,3,2022-03-17
040151,22,076,04,40,04,+02,+38.07319,-109.56421,00.8,09,037,3,2022-03-17
040151,22,076,04,50,10,+02,+38.07317,-109.56419,00.8,09,038,3,2022-03-17
040151,22,076,05,00,70,+00,+38.07323,-109.56406,00.8,09,038,3,2022-03-17
040151,22,076,05,10,80,+00,+38.07313,-109.56417,00.9,09,038,3,2022-03-17
040151,22,076,05,20,36,+00,+38.07325,-109.56406,00.8,10,038,3,2022-03-17
040151,22,076,05,30,66,-01,+38.07329,-109.56406,00.8,09,039,3,2022-03-17
040151,22,076,05,40,78,-02,+38.07323,-109.56405,00.7,10,038,3,2022-03-17
040151,22,076,05,50,78,-02,+38.07324,-109.56405,00.8,09,038,3,2022-03-17
040151,22,076,06,00,60,-02,+38.07323,-109.56406,00.9,08,038,3,2022-03-17
040151,22,076,06,10,42,-02,+38.07323,-109.56427,00.8,09,038,3,2022-03-17
040151,22,076,06,20,00,-02,+38.07326,-109.56421,00.8,09,038,3,2022-03-17
040151,22,076,19,30,96,-01,+38.13216,-109.60081,00.9,08,038,3,2022-03-17
040151,22,076,19,40,82,+00,+38.13293,-109.60694,00.7,10,038,3,2022-03-17
040151,22,076,19,50,92,+00,+38.13391,-109.60812,00.7,10,038,3,2022-03-17
040151,22,076,20,00,98,-01,+38.13457,-109.60800,00.7,11,038,3,2022-03-17
040151,22,076,20,10,86,+00,+38.13491,-109.60813,00.7,11,038,3,2022-03-17
040151,22,076,20,20,98,+00,+38.13508,-109.60781,00.7,11,038,3,2022-03-17
040151,22,076,20,30,94,+00,+38.13567,-109.60714,00.8,10,038,3,2022-03-17
040151,22,076,20,40,98,+00,+38.13549,-109.60642,00.7,11,038,3,2022-03-17
040151,22,076,20,50,98,+00,+38.13550,-109.60625,00.7,11,038,3,2022-03-17
040151,22,076,21,00,98,-01,+38.13570,-109.60575,00.7,12,038,3,2022-03-17
040151,22,076,21,10,98,+00,+38.13619,-109.60591,00.7,11,038,3,2022-03-17
040151,22,076,21,20,98,+00,+38.13630,-109.60678,00.8,10,038,3,2022-03-17
040151,22,076,21,30,74,+00,+38.13619,-109.60693,01.0,09,038,3,2022-03-17
040151,22,076,21,40,46,+01,+38.13617,-109.60695,01.0,09,038,3,2022-03-17
040151,22,076,21,50,40,+01,+38.13617,-109.60694,00.9,10,038,3,2022-03-17
040151,22,076,22,00,38,+02,+38.13623,-109.60694,00.9,10,038,3,2022-03-17
040151,22,076,22,10,38,+02,+38.13619,-109.60694,01.2,09,038,3,2022-03-17
040151,22,076,22,20,36,+02,+38.13621,-109.60694,01.1,08,038,3,2022-03-17
040151,22,076,22,30,24,+02,+38.13622,-109.60694,00.9,09,038,3,2022-03-17
040151,22,076,22,40,24,+02,+38.13608,-109.60688,01.0,09,038,3,2022-03-17
040151,22,076,22,50,00,+06,+38.13615,-109.60690,01.1,07,038,3,2022-03-17
040151,22,076,23,00,08,+05,+38.13619,-109.60693,00.8,08,038,3,2022-03-17
040151,22,076,23,10,22,+03,+38.13619,-109.60693,00.7,11,038,3,2022-03-17
040151,22,076,23,20,12,+05,+38.13620,-109.60688,00.8,10,038,3,2022-03-17
040151,22,076,23,30,22,+04,+38.13616,-109.60697,00.8,10,038,3,2022-03-17
040151,22,076,23,40,42,+04,+38.13603,-109.60697,00.8,09,038,3,2022-03-17
040151,22,076,23,50,98,+03,+38.13615,-109.60700,00.8,09,038,3,2022-03-17
040151,22,077,00,00,98,+02,+38.13659,-109.60686,00.8,09,038,3,2022-03-18
040151,22,077,00,10,94,+01,+38.13668,-109.60638,00.8,09,038,3,2022-03-18
040151,22,077,00,20,94,+02,+38.13623,-109.60575,00.8,09,038,3,2022-03-18
040151,22,077,00,30,98,+01,+38.13608,-109.60533,00.9,09,038,3,2022-03-18
040151,22,077,00,40,98,+01,+38.13597,-109.60605,00.9,09,038,3,2022-03-18
040151,22,077,00,50,86,+01,+38.13576,-109.60688,00.9,09,038,3,2022-03-18
040151,22,077,01,00,98,+01,+38.13603,-109.60727,00.9,09,038,3,2022-03-18
040151,22,077,01,10,98,+00,+38.13587,-109.60781,00.8,10,038,3,2022-03-18
040151,22,077,01,20,84,-01,+38.13560,-109.60774,00.9,09,038,3,2022-03-18
040151,22,077,01,30,44,-01,+38.13560,-109.60773,00.9,09,038,3,2022-03-18
040151,22,077,01,40,48,+00,+38.13558,-109.60773,00.8,09,038,3,2022-03-18
040151,22,077,01,50,50,+00,+38.13616,-109.60714,00.8,10,038,3,2022-03-18
040151,22,077,02,00,44,-02,+38.13619,-109.60694,00.9,09,038,3,2022-03-18
040151,22,077,02,10,34,-01,+38.13619,-109.60694,00.9,09,038,3,2022-03-18
040151,22,077,02,20,44,+00,+38.13623,-109.60709,01.0,09,038,3,2022-03-18
040151,22,077,02,30,40,+00,+38.13629,-109.60747,01.0,08,038,3,2022-03-18
040151,22,077,02,40,34,-01,+38.13629,-109.60747,01.0,09,038,3,2022-03-18
040151,22,077,02,50,42,-02,+38.13624,-109.60746,01.0,09,038,3,2022-03-18
040151,22,077,03,00,34,-02,+38.13628,-109.60751,01.3,08,038,3,2022-03-18
040151,22,077,03,10,34,-02,+38.13632,-109.60747,01.3,08,038,3,2022-03-18
040151,22,077,03,20,22,-02,+38.13626,-109.60752,00.9,09,038,3,2022-03-18
040151,22,077,03,30,02,-02,+38.13632,-109.60750,00.9,08,038,3,2022-03-18
040151,22,077,03,40,10,-02,+38.13628,-109.60751,01.1,07,038,3,2022-03-18
040151,22,077,03,50,00,-01,+38.13629,-109.60739,00.9,09,038,3,2022-03-18
040151,22,077,04,00,04,-02,+38.13632,-109.60749,00.8,10,038,3,2022-03-18
040151,22,077,04,10,18,-01,+38.13631,-109.60747,01.0,08,038,3,2022-03-18
040151,22,077,04,20,20,-01,+38.13631,-109.60747,01.0,08,038,3,2022-03-18
040151,22,077,04,30,10,-03,+38.13633,-109.60746,00.8,10,037,3,2022-03-18
040151,22,077,04,40,10,-01,+38.13634,-109.60746,00.8,09,038,3,2022-03-18
040151,22,077,04,50,10,-01,+38.13632,-109.60749,00.9,08,038,3,2022-03-18
040151,22,077,05,00,12,+00,+38.13629,-109.60746,00.9,09,038,3,2022-03-18
040151,22,077,05,10,06,-01,+38.13637,-109.60739,01.3,06,038,3,2022-03-18
040151,22,077,05,20,04,+00,+38.13628,-109.60751,00.8,10,038,3,2022-03-18
040151,22,077,05,30,00,+00,+38.13630,-109.60746,00.7,11,038,3,2022-03-18
040151,22,077,05,40,00,-01,+38.13632,-109.60746,00.9,08,038,3,2022-03-18
040151,22,077,05,50,16,-01,+38.13632,-109.60747,00.8,09,038,3,2022-03-18
040151,22,077,06,00,20,+00,+38.13632,-109.60747,00.8,09,038,3,2022-03-18
040151,22,077,06,10,30,+00,+38.13632,-109.60742,00.8,09,038,3,2022-03-18
040151,22,077,06,20,62,+00,+38.13632,-109.60749,01.0,08,038,3,2022-03-18
040151,22,077,06,30,94,+00,+38.13661,-109.60694,00.9,09,038,3,2022-03-18
040151,22,077,06,40,96,-01,+38.13592,-109.60541,01.1,08,038,3,2022-03-18
040151,22,077,06,50,98,-01,+38.13524,-109.60442,01.2,06,038,3,2022-03-18
040151,22,077,07,00,98,-01,+38.13554,-109.60311,01.0,08,038,3,2022-03-18
040151,22,077,07,10,98,-01,+38.13550,-109.60146,01.0,08,038,3,2022-03-18
040151,22,077,07,20,98,+00,+38.13503,-109.60211,01.1,07,038,3,2022-03-18
040151,22,077,07,30,90,+04,+38.13336,-109.60272,01.0,07,038,3,2022-03-18
040151,22,077,07,40,76,+06,+38.13272,-109.60333,01.0,07,038,3,2022-03-18
040151,22,077,07,50,88,+09,+38.13289,-109.60552,01.0,06,038,3,2022-03-18
040151,22,077,08,00,98,+08,+38.13273,-109.60657,00.9,08,038,3,2022-03-18
040151,22,077,08,10,96,+08,+38.13203,-109.60781,00.9,08,038,3,2022-03-18
040151,22,077,08,20,80,+09,+38.13190,-109.60798,00.9,08,038,3,2022-03-18
040151,22,077,08,30,96,+10,+38.13243,-109.60773,00.9,08,038,3,2022-03-18
040151,22,077,08,40,94,+11,+38.13220,-109.60754,00.9,08,038,3,2022-03-18
040151,22,077,08,50,76,+11,+38.13163,-109.60823,00.9,08,038,3,2022-03-18
040151,22,077,09,00,84,+13,+38.13100,-109.60834,00.9,08,038,3,2022-03-18
040151,22,077,09,10,54,+14,+38.13096,-109.60832,00.9,08,038,3,2022-03-18
040151,22,077,09,20,80,+13,+38.13090,-109.60794,00.8,09,038,3,2022-03-18
040151,22,077,09,30,92,+13,+38.13034,-109.60832,00.8,09,038,3,2022-03-18
040151,22,077,09,40,34,+12,+38.13101,-109.60800,00.9,08,038,3,2022-03-18
040151,22,077,09,50,06,+12,+38.13107,-109.60798,01.2,06,038,3,2022-03-18
040151,22,077,10,00,12,+12,+38.13103,-109.60800,00.9,08,038,3,2022-03-18
040151,22,077,10,10,10,+13,+38.13103,-109.60800,00.8,08,039,3,2022-03-18
040151,22,077,16,01,96,+17,+38.13401,-109.60472,00.8,09,038,3,2022-03-18
040151,22,077,17,00,82,+16,+38.13363,-109.60527,00.8,10,038,3,2022-03-18
040151,22,077,19,00,92,+04,+38.13360,-109.60552,01.6,04,038,3,2022-03-18
040151,22,077,20,00,66,+03,+38.13450,-109.60694,00.9,08,038,3,2022-03-18
040151,22,077,21,00,30,+04,+38.13490,-109.60709,00.7,11,038,3,2022-03-18
040151,22,077,22,00,34,+05,+38.13442,-109.60700,01.3,09,038,3,2022-03-18
040151,22,077,23,00,26,+03,+38.13500,-109.60688,00.7,09,038,3,2022-03-18
040151,22,078,00,00,88,+02,+38.13446,-109.60688,00.8,09,038,3,2022-03-19
040151,22,078,01,00,26,+02,+38.13422,-109.60704,00.8,10,038,3,2022-03-19
040151,22,078,02,00,18,-03,+38.13427,-109.60704,00.9,09,038,3,2022-03-19
040151,22,078,03,00,18,+06,+38.13425,-109.60700,01.4,07,038,3,2022-03-19
040151,22,078,04,00,14,+02,+38.13427,-109.60699,00.8,10,038,3,2022-03-19
040151,22,078,05,00,06,+02,+38.13436,-109.60699,00.9,08,038,3,2022-03-19
040151,22,078,06,00,08,+03,+38.13430,-109.60700,00.8,09,038,3,2022-03-19
040151,22,078,07,00,88,+00,+38.13666,-109.60773,01.0,08,038,3,2022-03-19
040151,22,078,08,00,84,+05,+38.13850,-109.60512,00.9,08,039,3,2022-03-19
040151,22,078,09,00,80,+12,+38.13739,-109.60361,00.9,08,038,3,2022-03-19
040151,22,078,10,00,14,+27,+38.13737,-109.60367,00.9,08,038,3,2022-03-19
040151,22,078,11,00,84,+20,+38.13206,-109.60100,01.0,07,038,3,2022-03-19
040151,22,078,12,00,74,+19,+38.13358,-109.60686,00.8,09,038,3,2022-03-19
040151,22,078,13,00,42,+18,+38.12720,-109.60868,00.7,10,038,3,2022-03-19
040151,22,078,14,00,48,+16,+38.12720,-109.60863,00.9,08,038,3,2022-03-19
040151,22,078,15,00,60,+16,+38.13946,-109.60977,01.0,07,038,3,2022-03-19
040151,22,078,16,00,88,+15,+38.14922,-109.60823,00.8,09,038,3,2022-03-19
040151,22,078,17,00,94,+13,+38.16064,-109.60741,00.8,09,038,3,2022-03-19
040151,22,078,18,00,94,+10,+38.16112,-109.60688,01.1,08,039,3,2022-03-19
040151,22,078,19,00,90,+10,+38.16206,-109.60838,01.1,08,038,3,2022-03-19
040151,22,078,20,00,98,+12,+38.16194,-109.60697,00.7,11,040,3,2022-03-19
040151,22,078,22,00,54,+09,+38.16129,-109.60751,00.9,09,038,3,2022-03-19
040151,22,078,23,00,40,+08,+38.16199,-109.60422,00.9,09,038,3,2022-03-19
040151,22,079,00,00,66,+08,+38.16267,-109.60156,00.9,08,040,3,2022-03-20
040151,22,079,01,00,14,+11,+38.16266,-109.60155,01.2,08,038,3,2022-03-20
040151,22,079,02,00,70,+09,+38.16328,-109.60212,01.0,08,039,3,2022-03-20
040151,22,079,03,00,92,+09,+38.16297,-109.60214,01.3,08,039,3,2022-03-20
040151,22,079,04,00,12,+09,+38.16300,-109.60220,00.9,09,038,3,2022-03-20
040151,22,079,05,00,06,+08,+38.16302,-109.60216,00.9,08,038,3,2022-03-20
040151,22,079,06,00,24,+08,+38.16253,-109.60144,00.8,09,038,3,2022-03-20
040151,22,079,07,00,82,+09,+38.16422,-109.60440,01.0,08,038,3,2022-03-20
040151,22,079,08,00,86,+09,+38.16349,-109.60518,01.1,07,038,3,2022-03-20
040151,22,079,09,00,86,+14,+38.16347,-109.60259,01.0,07,038,3,2022-03-20
040151,22,079,10,00,16,+20,+38.16339,-109.60256,01.1,07,038,3,2022-03-20
040151,22,079,11,00,08,+20,+38.16335,-109.60231,00.8,09,040,3,2022-03-20
040151,22,079,12,00,04,+18,+38.16342,-109.60255,00.9,08,038,3,2022-03-20
040151,22,079,13,00,52,+19,+38.16329,-109.60506,00.8,09,038,3,2022-03-20
040151,22,079,14,00,96,+19,+38.16326,-109.60224,01.0,08,038,3,2022-03-20
040151,22,079,15,00,32,+20,+38.16330,-109.60220,01.0,07,038,3,2022-03-20
040151,22,079,16,00,50,+14,+38.16356,-109.60167,00.9,08,038,3,2022-03-20
040151,22,079,17,00,60,+11,+38.16352,-109.60541,00.8,09,038,3,2022-03-20
040151,22,079,18,00,98,+10,+38.16356,-109.60591,01.7,07,038,3,2022-03-20
040151,22,079,19,00,94,+10,+38.16342,-109.60685,01.2,07,038,3,2022-03-20
040151,22,079,20,00,50,+08,+38.16371,-109.60572,00.7,11,038,3,2022-03-20
040151,22,079,21,00,50,+05,+38.16373,-109.60562,00.8,10,038,3,2022-03-20
040151,22,079,22,00,14,+06,+38.16374,-109.60572,01.0,07,038,3,2022-03-20
040151,22,079,23,00,06,+03,+38.16368,-109.60575,00.8,10,038,3,2022-03-20
040151,22,080,00,00,80,+02,+38.16322,-109.60539,00.9,08,038,3,2022-03-21
040151,22,080,01,00,84,+02,+38.16376,-109.60582,00.8,10,038,3,2022-03-21
040151,22,080,02,00,32,+01,+38.16350,-109.60681,01.3,08,038,3,2022-03-21
040151,22,080,03,00,08,+00,+38.16343,-109.60681,01.2,08,038,3,2022-03-21
040151,22,080,04,00,32,-01,+38.16390,-109.60605,01.0,07,038,3,2022-03-21
040151,22,080,05,00,28,-01,+38.16356,-109.60567,00.9,08,038,3,2022-03-21
040151,22,080,06,00,06,+00,+38.16356,-109.60563,00.8,09,038,3,2022-03-21
040151,22,080,07,00,68,-02,+38.16354,-109.60558,01.0,08,038,3,2022-03-21
040151,22,080,08,00,86,+04,+38.16143,-109.60582,01.1,07,040,3,2022-03-21
040151,22,080,09,00,94,+07,+38.15773,-109.60472,00.9,08,038,3,2022-03-21
040151,22,080,10,00,78,+06,+38.16223,-109.60611,00.7,10,038,3,2022-03-21
040151,22,080,11,00,80,+09,+38.16010,-109.60642,00.8,09,038,3,2022-03-21
040151,22,080,12,00,12,+15,+38.15986,-109.60623,00.9,08,038,3,2022-03-21
040151,22,080,14,00,62,+09,+38.15919,-109.60405,00.9,09,038,3,2022-03-21
040151,22,080,15,00,96,+12,+38.15959,-109.60334,01.0,07,039,3,2022-03-21
040151,22,080,17,00,88,+13,+38.15718,-109.60900,00.8,09,038,3,2022-03-21
040151,22,080,20,00,50,+05,+38.15950,-109.60611,00.7,11,039,3,2022-03-21
040151,22,080,22,00,10,+03,+38.15953,-109.60625,00.9,10,038,3,2022-03-21
040151,22,080,23,00,08,+04,+38.15951,-109.60620,00.8,10,038,3,2022-03-21
040151,22,081,00,00,60,+03,+38.15855,-109.60653,00.8,10,038,3,2022-03-22
040151,22,081,01,00,98,+00,+38.15945,-109.60765,00.8,10,038,3,2022-03-22
040151,22,081,03,00,48,-01,+38.15952,-109.60624,01.0,08,038,3,2022-03-22
040151,22,081,04,00,12,-02,+38.15950,-109.60625,00.9,09,038,3,2022-03-22
040151,22,081,05,00,10,-01,+38.15950,-109.60620,00.8,10,038,3,2022-03-22
040151,22,081,06,00,10,+01,+38.15946,-109.60626,00.8,10,038,3,2022-03-22
040151,22,081,07,00,60,-02,+38.15966,-109.60960,01.0,07,038,3,2022-03-22
040151,22,081,08,00,98,+09,+38.15932,-109.61315,01.1,06,039,3,2022-03-22
040151,22,081,09,00,68,+13,+38.15656,-109.60980,00.9,08,039,3,2022-03-22
040151,22,081,10,00,82,+07,+38.15691,-109.60945,00.8,09,038,3,2022-03-22
040151,22,081,12,00,66,+14,+38.15446,-109.60832,01.0,08,038,3,2022-03-22
040151,22,081,13,00,26,+15,+38.15465,-109.60888,00.8,09,038,3,2022-03-22
040151,22,081,14,00,54,+14,+38.15754,-109.60887,01.3,08,038,3,2022-03-22
040151,22,081,15,00,60,+11,+38.15695,-109.61006,01.0,07,038,3,2022-03-22
040151,22,081,16,00,84,+12,+38.15927,-109.61257,00.9,08,038,3,2022-03-22
040151,22,081,17,00,98,+13,+38.16012,-109.60987,00.8,09,038,3,2022-03-22
040151,22,081,18,00,90,+09,+38.15985,-109.60918,00.9,09,038,3,2022-03-22
040151,22,081,20,00,52,+04,+38.15963,-109.60849,00.7,11,038,3,2022-03-22
040151,22,081,21,00,10,+04,+38.15956,-109.60853,00.9,09,038,3,2022-03-22
040151,22,081,22,00,10,+05,+38.15962,-109.60849,00.9,09,038,3,2022-03-22
040151,22,081,23,00,34,+03,+38.15960,-109.60858,00.8,10,037,3,2022-03-22
040151,22,082,00,00,36,+01,+38.16021,-109.60892,00.8,09,039,3,2022-03-23
040151,22,082,01,00,82,+00,+38.15956,-109.60852,00.8,10,038,3,2022-03-23
040151,22,082,02,00,12,+06,+38.15964,-109.60849,01.3,06,038,3,2022-03-23
040151,22,082,03,00,08,+06,+38.15953,-109.60858,00.9,09,038,3,2022-03-23
040151,22,082,04,00,68,-02,+38.16012,-109.60869,00.9,09,038,3,2022-03-23
040151,22,082,05,00,44,-04,+38.15965,-109.60861,00.9,08,038,3,2022-03-23
040151,22,082,06,00,08,-02,+38.15989,-109.60892,00.9,09,038,3,2022-03-23
040151,22,082,07,00,92,-05,+38.15796,-109.61052,00.9,08,038,3,2022-03-23
040151,22,082,08,00,92,+09,+38.15574,-109.61013,00.9,08,038,3,2022-03-23
040151,22,082,09,00,86,+11,+38.15422,-109.60890,00.9,08,039,3,2022-03-23
040151,22,082,10,00,96,+14,+38.15440,-109.60794,00.8,09,038,3,2022-03-23
040151,22,082,11,00,20,+13,+38.15419,-109.60874,00.8,09,039,3,2022-03-23
040151,22,082,12,00,46,+15,+38.15427,-109.60877,00.9,08,038,3,2022-03-23
040151,22,082,13,00,90,+16,+38.15479,-109.61035,00.8,09,038,3,2022-03-23
040151,22,082,14,00,88,+16,+38.15361,-109.61231,00.9,09,039,3,2022-03-23
040151,22,082,15,00,34,+25,+38.15343,-109.60915,00.9,08,039,3,2022-03-23
040151,22,082,16,00,80,+18,+38.15537,-109.61006,00.9,08,059,3,2022-03-23
040151,22,082,17,00,86,+18,+38.15499,-109.61000,00.8,09,038,3,2022-03-23
040151,22,082,18,00,88,+17,+38.15293,-109.60778,00.9,09,038,3,2022-03-23
040151,22,082,19,00,68,+08,+38.15250,-109.60533,00.8,09,038,3,2022-03-23
040151,22,082,20,00,50,+05,+38.15233,-109.60569,00.7,10,040,3,2022-03-23
040151,22,082,21,00,14,+03,+38.15232,-109.60572,00.8,10,038,3,2022-03-23
040151,22,082,22,00,16,+02,+38.15236,-109.60568,00.9,09,038,3,2022-03-23
040151,22,082,23,00,16,+02,+38.15234,-109.60567,00.7,11,038,3,2022-03-23
040151,22,083,00,00,26,+03,+38.15235,-109.60567,00.9,09,038,3,2022-03-24
040151,22,083,01,00,06,+04,+38.15240,-109.60567,01.2,08,038,3,2022-03-24
040151,22,083,02,00,22,+02,+38.15240,-109.60552,01.1,08,038,3,2022-03-24
040151,22,083,03,00,92,-01,+38.15237,-109.60563,00.9,09,038,3,2022-03-24
040151,22,083,04,00,26,+00,+38.15233,-109.60571,00.8,10,038,3,2022-03-24
040151,22,083,05,00,10,+00,+38.15244,-109.60572,00.9,09,038,3,2022-03-24
040151,22,083,06,00,04,+00,+38.15216,-109.60568,01.0,08,038,3,2022-03-24
040151,22,083,07,00,84,-01,+38.14553,-109.60433,00.9,08,038,3,2022-03-24
040151,22,083,08,00,96,+07,+38.14289,-109.60151,00.9,08,038,3,2022-03-24
