CollarSerialNumber,Year,Julianday,Hour,Minute,Activity,Temperature,Latitude,Longitude,HDOP,NumSats,FixTime,2D/3D,Date
045141,22,165,00,00,00,+23,+38.07020,-109.56551,00.9,08,038,3,2022-06-14
045141,22,165,02,00,00,+20,+38.07023,-109.56552,01.4,07,038,3,2022-06-14
045141,22,165,04,00,00,+18,+38.07029,-109.56552,01.0,07,038,3,2022-06-14
045141,22,165,06,00,00,+16,+38.07027,-109.56551,01.0,08,040,3,2022-06-14
045141,22,165,08,00,02,+31,+38.07294,-109.56432,00.8,09,038,3,2022-06-14
045141,22,165,10,00,52,+25,+38.07302,-109.56358,00.9,09,038,3,2022-06-14
045141,22,165,14,01,92,+28,+38.07364,-109.56632,00.7,12,059,3,2022-06-14
045141,22,165,16,00,92,+29,+38.07461,-109.56898,01.0,09,038,3,2022-06-14
045141,22,165,18,00,78,+29,+38.07420,-109.56949,00.8,09,038,3,2022-06-14
045141,22,165,20,00,90,+21,+38.07332,-109.56806,00.9,09,038,3,2022-06-14
045141,22,165,22,00,84,+15,+38.07258,-109.56677,01.0,08,038,3,2022-06-14
045141,22,166,00,00,58,+16,+38.07306,-109.56615,00.9,08,039,3,2022-06-15
045141,22,166,02,00,66,+15,+38.07231,-109.56711,00.9,08,039,3,2022-06-15
045141,22,166,04,00,42,+13,+38.07232,-109.56718,01.0,07,038,3,2022-06-15
045141,22,166,06,00,92,+15,+38.05230,-109.58494,01.0,09,039,3,2022-06-15
045141,22,166,08,00,98,+22,+37.99335,-109.59619,01.2,07,038,3,2022-06-15
045141,22,166,14,00,72,+32,+37.97593,-109.61441,00.7,12,038,3,2022-06-15
045141,22,166,16,00,62,+32,+37.97535,-109.61639,01.3,07,058,3,2022-06-15
045141,22,166,18,00,80,+32,+37.97014,-109.61819,00.9,08,038,3,2022-06-15
045141,22,166,20,00,94,+18,+37.96675,-109.62078,00.9,08,038,3,2022-06-15
045141,22,166,22,00,62,+17,+37.96696,-109.62166,00.9,08,038,3,2022-06-15
045141,22,167,00,00,54,+16,+37.96695,-109.62169,00.9,08,038,3,2022-06-16
045141,22,167,02,00,64,+16,+37.96687,-109.62168,00.9,08,038,3,2022-06-16
045141,22,167,04,00,44,+16,+37.96692,-109.62174,01.0,07,039,3,2022-06-16
045141,22,167,06,00,64,+17,+37.94756,-109.63508,01.2,07,038,3,2022-06-16
045141,22,167,14,00,80,+34,+37.87065,-109.70420,01.0,07,038,3,2022-06-16
045141,22,167,16,00,74,+33,+37.87062,-109.70368,01.0,09,038,3,2022-06-16
045141,22,167,18,00,82,+34,+37.87043,-109.70289,00.9,08,038,3,2022-06-16
045141,22,168,00,00,60,+19,+37.86957,-109.70417,01.3,07,038,3,2022-06-17
045141,22,168,02,00,54,+23,+37.87069,-109.70453,00.7,10,038,3,2022-06-17
045141,22,168,04,00,50,+23,+37.87067,-109.70439,00.8,09,038,3,2022-06-17
045141,22,168,08,00,64,+25,+37.87130,-109.70575,01.1,09,038,3,2022-06-17
045141,22,168,10,00,66,+29,+37.87029,-109.70314,00.9,09,040,3,2022-06-17
045141,22,168,12,00,46,+32,+37.87029,-109.70299,01.0,09,038,3,2022-06-17
045141,22,168,14,00,90,+33,+37.87268,-109.70673,00.8,09,038,3,2022-06-17
045141,22,168,16,00,66,+29,+37.87201,-109.70634,01.3,09,038,3,2022-06-17
045141,22,168,22,00,66,+23,+37.87096,-109.70668,00.9,09,038,3,2022-06-17
045141,22,169,00,00,56,+20,+37.87136,-109.70699,01.2,08,038,3,2022-06-18
045141,22,169,02,00,58,+18,+37.87120,-109.70707,00.7,09,038,3,2022-06-18
045141,22,169,04,00,50,+17,+37.87138,-109.70709,01.0,08,038,3,2022-06-18
045141,22,169,06,00,88,+17,+37.87186,-109.70983,00.8,10,038,3,2022-06-18
045141,22,169,08,00,60,+20,+37.87187,-109.70983,01.1,07,038,3,2022-06-18
045141,22,169,12,00,82,+25,+37.87182,-109.70287,01.2,07,038,3,2022-06-18
045141,22,169,14,00,84,+29,+37.87527,-109.70741,00.8,09,038,3,2022-06-18
045141,22,169,20,00,86,+16,+37.87495,-109.70711,01.1,07,038,3,2022-06-18
045141,22,169,22,00,68,+16,+37.87521,-109.70700,00.9,09,038,3,2022-06-18
045141,22,170,00,00,48,+17,+37.87510,-109.70710,01.3,07,057,3,2022-06-19
045141,22,170,02,00,56,+15,+37.87524,-109.70713,00.7,10,038,3,2022-06-19
045141,22,170,08,00,78,+17,+37.87339,-109.70893,00.9,08,038,3,2022-06-19
045141,22,170,12,00,82,+21,+37.87516,-109.70916,01.5,07,039,3,2022-06-19
045141,22,170,14,00,66,+25,+37.87578,-109.70861,00.9,09,039,3,2022-06-19
045141,22,170,16,00,50,+27,+37.87329,-109.70022,01.2,06,038,3,2022-06-19
045141,22,170,22,00,68,+17,+37.87187,-109.70879,00.9,09,038,3,2022-06-19
045141,22,171,00,00,54,+14,+37.87214,-109.70902,01.0,08,038,3,2022-06-20
045141,22,171,02,00,52,+12,+37.87224,-109.70899,00.9,09,038,3,2022-06-20
045141,22,171,04,00,36,+10,+37.87206,-109.70898,00.9,08,038,3,2022-06-20
045141,22,171,06,00,64,+08,+37.87014,-109.71729,01.0,09,038,3,2022-06-20
045141,22,171,08,00,86,+17,+37.86980,-109.71649,00.7,11,039,3,2022-06-20
045141,22,171,10,00,44,+25,+37.86969,-109.71627,01.1,08,038,3,2022-06-20
045141,22,171,14,00,86,+29,+37.85736,-109.73209,00.7,11,038,3,2022-06-20
045141,22,171,16,00,94,+27,+37.84836,-109.74945,01.6,07,038,3,2022-06-20
045141,22,171,18,00,62,+23,+37.85210,-109.74401,00.8,09,038,3,2022-06-20
045141,22,171,22,00,60,+09,+37.85900,-109.73037,00.8,10,038,3,2022-06-20
045141,22,172,02,00,54,+06,+37.85921,-109.73022,01.2,07,038,3,2022-06-21
045141,22,172,06,00,98,+07,+37.86041,-109.72938,00.9,09,038,3,2022-06-21
045141,22,172,08,00,80,+20,+37.86017,-109.72835,00.9,09,038,3,2022-06-21
045141,22,172,14,00,58,+25,+37.84566,-109.75176,01.9,05,038,3,2022-06-21
045141,22,172,16,00,86,+29,+37.84843,-109.74987,01.0,09,038,3,2022-06-21
045141,22,172,18,00,64,+25,+37.84677,-109.75172,01.0,07,040,3,2022-06-21
045141,22,172,22,00,88,+18,+37.84662,-109.75386,00.8,10,038,3,2022-06-21
045141,22,173,00,00,42,+21,+37.84655,-109.75391,00.9,09,038,3,2022-06-22
045141,22,173,02,00,84,+19,+37.84670,-109.75347,00.8,09,039,3,2022-06-22
045141,22,173,04,00,38,+18,+37.84680,-109.75338,00.9,08,038,3,2022-06-22
045141,22,173,06,00,68,+15,+37.84730,-109.75561,01.0,07,038,3,2022-06-22
045141,22,173,08,00,98,+19,+37.84601,-109.75598,01.1,07,041,3,2022-06-22
045141,22,173,10,00,62,+25,+37.84634,-109.75544,00.9,09,040,3,2022-06-22
045141,22,173,12,00,60,+25,+37.84508,-109.75692,01.1,08,038,3,2022-06-22
045141,22,173,14,00,52,+28,+37.84838,-109.75544,00.9,09,038,3,2022-06-22
045141,22,173,16,00,96,+18,+37.85343,-109.75439,00.8,10,038,3,2022-06-22
045141,22,173,20,00,94,+15,+37.84952,-109.75624,01.3,07,038,3,2022-06-22
045141,22,173,22,00,50,+17,+37.85080,-109.75632,00.8,10,041,3,2022-06-22
045141,22,174,02,00,46,+14,+37.85079,-109.75624,01.1,08,038,3,2022-06-23
045141,22,174,04,00,54,+15,+37.85081,-109.75632,00.7,10,038,3,2022-06-23
045141,22,174,06,00,80,+13,+37.84860,-109.75781,01.0,09,038,3,2022-06-23
045141,22,174,08,00,86,+19,+37.84965,-109.75868,00.7,12,040,3,2022-06-23
045141,22,174,10,00,72,+25,+37.84807,-109.76232,00.8,10,038,3,2022-06-23
045141,22,174,12,00,84,+25,+37.84811,-109.76239,01.1,08,039,3,2022-06-23
045141,22,174,14,00,60,+25,+37.84749,-109.76280,00.8,10,038,3,2022-06-23
045141,22,174,22,00,54,+13,+37.84257,-109.76602,00.9,09,038,3,2022-06-23
045141,22,175,00,00,56,+12,+37.84254,-109.76596,01.6,07,038,3,2022-06-24
045141,22,175,02,00,50,+13,+37.84255,-109.76612,01.2,06,038,3,2022-06-24
045141,22,175,04,00,60,+13,+37.84296,-109.76614,00.9,08,038,3,2022-06-24
045141,22,175,06,00,98,+13,+37.84329,-109.76708,00.9,09,038,3,2022-06-24
045141,22,175,08,00,68,+20,+37.84264,-109.76749,00.9,08,040,3,2022-06-24
045141,22,175,10,00,50,+20,+37.84269,-109.76747,00.9,09,038,3,2022-06-24
045141,22,175,12,00,78,+24,+37.84287,-109.76699,01.2,07,038,3,2022-06-24
045141,22,175,14,00,80,+23,+37.84289,-109.76700,00.9,08,040,3,2022-06-24
045141,22,175,18,00,74,+24,+37.84339,-109.76628,01.1,06,038,3,2022-06-24
045141,22,175,20,00,80,+17,+37.84498,-109.76952,01.2,07,041,3,2022-06-24
045141,22,175,22,00,22,+18,+37.84437,-109.76905,00.9,09,038,3,2022-06-24
045141,22,176,00,00,58,+12,+37.84437,-109.76906,00.9,08,040,3,2022-06-25
045141,22,176,02,00,54,+13,+37.84435,-109.76895,00.8,08,040,3,2022-06-25
045141,22,176,04,00,54,+14,+37.84421,-109.76795,01.0,08,038,3,2022-06-25
045141,22,176,06,00,98,+17,+37.84583,-109.76815,01.0,09,038,3,2022-06-25
045141,22,176,10,00,50,+23,+37.85088,-109.76528,01.3,08,038,3,2022-06-25
045141,22,176,14,00,80,+25,+37.84668,-109.77130,00.8,08,038,3,2022-06-25
045141,22,176,16,00,48,+25,+37.84685,-109.77112,01.2,06,041,3,2022-06-25
045141,22,176,18,00,92,+25,+37.85046,-109.77325,01.0,07,038,3,2022-06-25
045141,22,176,22,00,74,+20,+37.85778,-109.77396,00.8,10,038,3,2022-06-25
045141,22,177,00,00,46,+19,+37.85663,-109.77470,00.9,08,038,3,2022-06-26
045141,22,177,02,00,54,+18,+37.85583,-109.77501,00.8,08,039,3,2022-06-26
045141,22,177,04,00,54,+16,+37.85568,-109.77499,00.8,09,038,3,2022-06-26
045141,22,177,06,00,74,+15,+37.85575,-109.77358,00.9,09,038,3,2022-06-26
045141,22,177,10,00,48,+21,+37.85491,-109.77243,00.9,09,038,3,2022-06-26
045141,22,177,14,00,80,+24,+37.85662,-109.77181,00.8,10,038,3,2022-06-26
045141,22,177,16,00,58,+22,+37.85863,-109.77098,01.0,06,041,3,2022-06-26
045141,22,177,20,00,88,+15,+37.85594,-109.77505,01.2,09,038,3,2022-06-26
045141,22,177,22,00,60,+15,+37.85573,-109.77497,00.8,10,038,3,2022-06-26
045141,22,178,00,00,50,+16,+37.85571,-109.77501,00.9,08,039,3,2022-06-27
045141,22,178,02,00,52,+12,+37.85568,-109.77489,00.8,08,039,3,2022-06-27
045141,22,178,04,00,56,+13,+37.85570,-109.77505,00.8,09,040,3,2022-06-27
045141,22,178,06,00,80,+13,+37.86029,-109.77428,00.8,10,039,3,2022-06-27
045141,22,178,08,00,88,+24,+37.86024,-109.77352,00.8,09,038,3,2022-06-27
045141,22,178,10,00,42,+25,+37.86096,-109.77336,01.1,09,038,3,2022-06-27
045141,22,178,12,00,82,+30,+37.85596,-109.77494,01.1,08,038,3,2022-06-27
045141,22,178,14,00,66,+29,+37.85520,-109.77606,01.1,07,039,3,2022-06-27
045141,22,178,16,00,90,+24,+37.85571,-109.77592,00.8,09,038,3,2022-06-27
045141,22,178,18,00,54,+26,+37.85604,-109.77551,00.9,08,038,3,2022-06-27
045141,22,178,22,00,76,+17,+37.85184,-109.77568,00.9,08,038,3,2022-06-27
045141,22,179,00,00,48,+17,+37.85144,-109.77593,01.6,06,038,3,2022-06-28
045141,22,179,02,00,32,+19,+37.85152,-109.77626,01.0,06,038,3,2022-06-28
045141,22,179,06,00,82,+17,+37.85860,-109.77562,00.8,10,038,3,2022-06-28
045141,22,179,10,00,46,+26,+37.85933,-109.77600,00.9,10,038,3,2022-06-28
045141,22,179,12,00,88,+23,+37.86243,-109.77434,01.4,07,038,3,2022-06-28
045141,22,179,14,00,56,+28,+37.86127,-109.77571,00.7,10,038,3,2022-06-28
045141,22,179,18,00,78,+25,+37.85594,-109.77494,00.9,08,038,3,2022-06-28
045141,22,179,22,00,84,+17,+37.85573,-109.77486,00.8,09,038,3,2022-06-28
045141,22,180,00,00,50,+19,+37.85550,-109.77466,01.3,06,040,3,2022-06-29
045141,22,180,02,00,44,+17,+37.85568,-109.77489,00.9,07,040,3,2022-06-29
045141,22,180,04,00,50,+19,+37.85557,-109.77493,00.9,08,038,3,2022-06-29
045141,22,180,06,00,70,+16,+37.85552,-109.77234,01.0,09,038,3,2022-06-29
045141,22,180,10,00,54,+26,+37.85774,-109.77165,00.9,10,038,3,2022-06-29
045141,22,180,14,00,66,+27,+37.85867,-109.77367,00.7,11,038,3,2022-06-29
045141,22,180,16,00,52,+25,+37.85620,-109.77491,00.8,09,038,3,2022-06-29
045141,22,180,18,00,92,+26,+37.85918,-109.77632,00.9,09,038,3,2022-06-29
045141,22,180,22,00,74,+20,+37.85798,-109.77265,00.9,09,038,3,2022-06-29
045141,22,181,00,00,46,+18,+37.85747,-109.77272,01.2,06,038,3,2022-06-30
045141,22,181,02,00,34,+22,+37.85786,-109.77266,00.9,07,038,3,2022-06-30
045141,22,181,10,00,70,+24,+37.86535,-109.77326,01.0,08,038,3,2022-06-30
045141,22,181,14,00,86,+25,+37.86529,-109.77336,00.8,10,038,3,2022-06-30
045141,22,181,16,00,62,+25,+37.86503,-109.77407,00.9,09,038,3,2022-06-30
045141,22,181,18,00,56,+22,+37.86374,-109.77615,00.9,08,038,3,2022-06-30
045141,22,181,22,00,40,+19,+37.85434,-109.77489,01.0,06,038,3,2022-06-30
045141,22,182,00,00,54,+17,+37.85478,-109.77499,01.2,06,038,3,2022-07-01
045141,22,182,02,00,42,+18,+37.85478,-109.77501,01.0,05,038,3,2022-07-01
045141,22,182,04,00,46,+18,+37.85470,-109.77520,01.1,07,040,3,2022-07-01
045141,22,182,06,00,70,+17,+37.86198,-109.77384,00.9,09,038,3,2022-07-01
045141,22,182,08,00,92,+21,+37.86348,-109.77195,01.4,06,039,3,2022-07-01
045141,22,182,10,00,70,+24,+37.86319,-109.77278,01.2,08,038,3,2022-07-01
045141,22,182,12,00,82,+23,+37.86154,-109.76911,00.9,09,038,3,2022-07-01
045141,22,182,14,00,80,+21,+37.86123,-109.77012,00.7,11,039,3,2022-07-01
045141,22,182,16,00,40,+25,+37.86129,-109.76994,00.7,10,038,3,2022-07-01
045141,22,182,18,00,80,+23,+37.85617,-109.77513,01.0,07,038,3,2022-07-01
045141,22,182,20,00,82,+15,+37.86003,-109.77627,01.5,07,038,3,2022-07-01
045141,22,182,22,00,82,+16,+37.86069,-109.77547,00.9,09,038,3,2022-07-01
045141,22,183,00,00,42,+20,+37.86069,-109.77551,01.2,06,038,3,2022-07-02
045141,22,183,02,00,44,+17,+37.86066,-109.77556,00.9,07,038,3,2022-07-02
045141,22,183,04,00,46,+19,+37.86070,-109.77558,00.9,08,040,3,2022-07-02
045141,22,183,06,00,78,+14,+37.86319,-109.77378,00.9,09,038,3,2022-07-02
045141,22,183,08,00,94,+23,+37.86290,-109.77030,01.0,07,038,3,2022-07-02
045141,22,183,10,00,70,+25,+37.86243,-109.77062,01.0,09,041,3,2022-07-02
045141,22,183,12,00,60,+14,+37.86212,-109.76946,00.8,10,040,3,2022-07-02
045141,22,183,14,00,96,+21,+37.86236,-109.76667,00.9,09,038,3,2022-07-02
045141,22,183,18,00,62,+30,+37.86215,-109.76253,00.8,09,038,3,2022-07-02
045141,22,183,22,00,92,+19,+37.86303,-109.76535,01.1,08,038,3,2022-07-02
045141,22,184,02,00,48,+18,+37.86281,-109.76499,01.0,06,038,3,2022-07-03
045141,22,184,04,00,56,+17,+37.86290,-109.76509,00.9,08,040,3,2022-07-03
045141,22,184,06,00,68,+16,+37.86233,-109.76942,00.8,10,038,3,2022-07-03
045141,22,184,08,00,98,+22,+37.86158,-109.77115,00.9,09,038,3,2022-07-03
045141,22,184,12,00,46,+25,+37.86110,-109.77127,00.9,09,039,3,2022-07-03
045141,22,184,14,00,90,+25,+37.85999,-109.77354,00.8,09,038,3,2022-07-03
045141,22,184,16,00,86,+25,+37.86050,-109.77220,01.0,07,041,3,2022-07-03
045141,22,184,18,00,42,+23,+37.86223,-109.76267,00.9,08,039,3,2022-07-03
045141,22,184,20,00,90,+17,+37.86072,-109.76917,00.9,08,038,3,2022-07-03
045141,22,184,22,00,94,+15,+37.86061,-109.76898,00.9,09,039,3,2022-07-03
045141,22,185,00,00,50,+17,+37.86063,-109.76892,01.2,06,038,3,2022-07-04
045141,22,185,02,00,50,+15,+37.86047,-109.76881,01.0,06,038,3,2022-07-04
045141,22,185,04,00,46,+16,+37.86029,-109.76867,00.9,08,040,3,2022-07-04
045141,22,185,06,00,88,+16,+37.85963,-109.76757,00.8,10,038,3,2022-07-04
045141,22,185,10,00,48,+26,+37.85905,-109.76776,01.0,09,038,3,2022-07-04
045141,22,185,12,00,66,+24,+37.86053,-109.77096,00.8,10,038,3,2022-07-04
045141,22,185,14,00,98,+27,+37.86164,-109.77291,00.9,08,041,3,2022-07-04
045141,22,185,18,00,84,+24,+37.85890,-109.77430,00.9,07,038,3,2022-07-04
045141,22,185,20,00,72,+19,+37.86067,-109.77552,01.2,06,038,3,2022-07-04
045141,22,185,22,00,88,+17,+37.86073,-109.77507,01.0,08,038,3,2022-07-04
045141,22,186,00,00,44,+17,+37.86051,-109.77505,01.1,06,038,3,2022-07-05
045141,22,186,02,00,42,+18,+37.86053,-109.77501,00.9,07,040,3,2022-07-05
045141,22,186,04,00,52,+16,+37.86042,-109.77513,01.0,08,038,3,2022-07-05
045141,22,186,06,00,86,+14,+37.85967,-109.77588,00.9,09,038,3,2022-07-05
045141,22,186,08,00,86,+23,+37.86123,-109.77545,00.9,08,038,3,2022-07-05
045141,22,186,10,00,74,+25,+37.86159,-109.77459,01.0,09,039,3,2022-07-05
045141,22,186,12,00,74,+18,+37.86230,-109.77400,01.4,08,038,3,2022-07-05
045141,22,186,14,00,98,+23,+37.86390,-109.77550,01.3,08,038,3,2022-07-05
045141,22,186,18,00,82,+19,+37.86310,-109.77558,00.9,07,038,3,2022-07-05
045141,22,186,20,00,88,+17,+37.85784,-109.77420,01.4,07,038,3,2022-07-05
045141,22,186,22,00,66,+17,+37.85984,-109.77593,01.1,06,038,3,2022-07-05
045141,22,187,00,00,34,+17,+37.86036,-109.77551,01.4,05,038,3,2022-07-06
045141,22,187,02,00,52,+13,+37.86069,-109.77556,00.9,07,040,3,2022-07-06
045141,22,187,04,00,54,+15,+37.86087,-109.77550,01.1,07,039,3,2022-07-06
045141,22,187,06,00,56,+14,+37.86165,-109.77699,00.8,10,038,3,2022-07-06
045141,22,187,08,00,90,+26,+37.86192,-109.77627,00.9,09,038,3,2022-07-06
045141,22,187,10,00,48,+25,+37.86214,-109.77608,01.3,08,038,3,2022-07-06
045141,22,187,12,00,54,+11,+37.86172,-109.77590,00.9,09,038,3,2022-07-06
045141,22,187,14,00,86,+12,+37.86246,-109.77467,01.3,07,039,3,2022-07-06
045141,22,187,18,00,92,+21,+37.86557,-109.77579,00.9,06,038,3,2022-07-06
045141,22,187,20,00,88,+16,+37.86536,-109.77359,01.2,06,038,3,2022-07-06
045141,22,187,22,00,78,+14,+37.86516,-109.77433,01.0,08,038,3,2022-07-06
045141,22,188,00,00,36,+15,+37.86507,-109.77421,01.1,06,038,3,2022-07-07
045141,22,188,02,00,50,+14,+37.86506,-109.77448,01.0,06,038,3,2022-07-07
045141,22,188,04,00,40,+13,+37.86513,-109.77442,01.0,08,058,3,2022-07-07
045141,22,188,06,00,80,+13,+37.86610,-109.77419,00.9,09,038,3,2022-07-07
045141,22,188,08,00,86,+20,+37.86514,-109.77715,01.3,08,038,3,2022-07-07
045141,22,188,10,00,50,+24,+37.86518,-109.77706,00.8,10,038,3,2022-07-07
045141,22,188,12,00,82,+26,+37.86513,-109.77407,00.8,10,038,3,2022-07-07
045141,22,188,14,00,90,+30,+37.86581,-109.77428,01.1,08,038,3,2022-07-07
045141,22,188,16,00,56,+26,+37.86587,-109.77433,01.0,07,040,3,2022-07-07
045141,22,188,20,00,98,+15,+37.86421,-109.77642,00.9,09,038,3,2022-07-07
045141,22,189,00,00,50,+10,+37.86449,-109.77665,01.1,06,038,3,2022-07-08
045141,22,189,02,00,42,+10,+37.86442,-109.77678,01.0,06,040,3,2022-07-08
045141,22,189,04,00,52,+09,+37.86476,-109.77669,01.3,07,040,3,2022-07-08
045141,22,189,06,00,66,+13,+37.86511,-109.77453,00.9,09,038,3,2022-07-08
045141,22,189,08,00,98,+24,+37.86201,-109.77165,01.0,08,038,3,2022-07-08
045141,22,189,10,00,40,+27,+37.86280,-109.77186,00.8,10,040,3,2022-07-08
045141,22,189,12,00,84,+30,+37.86053,-109.77036,00.8,11,038,3,2022-07-08
045141,22,189,14,00,86,+30,+37.85935,-109.77133,01.3,07,040,3,2022-07-08
045141,22,189,16,00,42,+30,+37.85931,-109.77142,01.0,07,038,3,2022-07-08
045141,22,189,18,00,86,+25,+37.86299,-109.77352,01.2,06,038,3,2022-07-08
045141,22,189,20,00,96,+17,+37.86254,-109.77211,00.9,09,038,3,2022-07-08
045141,22,189,22,00,62,+15,+37.86173,-109.77291,01.1,07,039,3,2022-07-08
045141,22,190,00,00,42,+16,+37.86127,-109.77266,01.1,06,038,3,2022-07-09
045141,22,190,02,00,46,+15,+37.86174,-109.77288,01.0,06,040,3,2022-07-09
045141,22,190,04,00,46,+16,+37.86169,-109.77294,01.1,07,040,3,2022-07-09
045141,22,190,06,00,78,+14,+37.86146,-109.77513,00.9,08,038,3,2022-07-09
045141,22,190,08,00,90,+24,+37.86048,-109.77529,00.9,09,038,3,2022-07-09
045141,22,190,10,00,50,+28,+37.86050,-109.77565,00.8,10,038,3,2022-07-09
045141,22,190,12,00,98,+29,+37.86097,-109.78077,00.8,09,038,3,2022-07-09
045141,22,190,14,00,80,+30,+37.86151,-109.77320,01.1,08,038,3,2022-07-09
045141,22,190,16,00,66,+28,+37.86217,-109.77352,01.0,07,038,3,2022-07-09
045141,22,190,18,00,52,+25,+37.86317,-109.77222,01.1,06,038,3,2022-07-09
045141,22,190,20,00,96,+20,+37.86017,-109.77386,01.6,06,038,3,2022-07-09
045141,22,190,22,00,84,+17,+37.86169,-109.77239,01.1,07,039,3,2022-07-09
045141,22,191,00,00,38,+17,+37.86170,-109.77245,01.1,06,038,3,2022-07-10
045141,22,191,02,00,36,+16,+37.86179,-109.77241,01.0,06,041,3,2022-07-10
045141,22,191,04,00,50,+19,+37.86167,-109.77238,01.1,07,039,3,2022-07-10
045141,22,191,06,00,72,+19,+37.86487,-109.77463,00.9,08,038,3,2022-07-10
045141,22,191,08,00,88,+23,+37.86580,-109.77629,00.9,09,038,3,2022-07-10
045141,22,191,10,00,76,+25,+37.86304,-109.77799,00.9,10,038,3,2022-07-10
045141,22,191,12,00,56,+26,+37.86055,-109.78386,00.7,10,038,3,2022-07-10
045141,22,191,14,00,98,+27,+37.86189,-109.78226,00.9,10,040,3,2022-07-10
045141,22,191,18,00,88,+25,+37.86069,-109.78294,00.8,09,038,3,2022-07-10
045141,22,191,20,00,90,+18,+37.85896,-109.78069,00.9,09,038,3,2022-07-10
045141,22,191,22,00,44,+20,+37.85905,-109.78073,00.9,08,039,3,2022-07-10
045141,22,192,00,00,44,+20,+37.85887,-109.78079,01.0,07,041,3,2022-07-11
045141,22,192,02,00,80,+17,+37.85886,-109.78071,00.9,07,039,3,2022-07-11
045141,22,192,04,00,46,+15,+37.85889,-109.78073,00.9,09,038,3,2022-07-11
045141,22,192,06,00,74,+20,+37.85774,-109.78121,00.8,09,038,3,2022-07-11
045141,22,192,08,00,96,+23,+37.84774,-109.78245,01.0,08,038,3,2022-07-11
045141,22,192,10,00,76,+25,+37.84755,-109.78347,00.8,10,040,3,2022-07-11
045141,22,192,12,00,52,+27,+37.84294,-109.78002,00.8,10,038,3,2022-07-11
045141,22,192,14,00,98,+30,+37.84302,-109.77909,01.0,09,038,3,2022-07-11
045141,22,192,18,00,60,+23,+37.84377,-109.78092,01.2,07,038,3,2022-07-11
045141,22,192,20,00,80,+22,+37.84717,-109.77745,00.8,10,038,3,2022-07-11
045141,22,192,22,00,70,+21,+37.84493,-109.77794,01.0,07,038,3,2022-07-11
045141,22,193,00,00,26,+23,+37.84517,-109.77837,01.1,06,039,3,2022-07-12
045141,22,193,04,00,46,+20,+37.84540,-109.77819,01.2,06,038,3,2022-07-12
045141,22,193,06,00,68,+18,+37.84970,-109.77963,01.0,07,038,3,2022-07-12
045141,22,193,08,00,86,+23,+37.85189,-109.77920,01.0,08,057,3,2022-07-12
045141,22,193,10,00,60,+25,+37.85193,-109.77930,01.0,08,056,3,2022-07-12
045141,22,193,14,00,56,+24,+37.85702,-109.77571,01.2,08,038,3,2022-07-12
045141,22,193,18,00,98,+23,+37.85503,-109.78044,01.1,07,039,3,2022-07-12
045141,22,194,00,00,46,+19,+37.85598,-109.78063,01.1,06,038,3,2022-07-13
045141,22,194,04,00,54,+20,+37.85429,-109.78014,01.2,08,038,3,2022-07-13
045141,22,194,06,00,82,+17,+37.85399,-109.77959,00.9,07,038,3,2022-07-13
045141,22,194,08,00,98,+21,+37.85336,-109.77799,00.9,08,038,3,2022-07-13
045141,22,194,12,00,34,+28,+37.85296,-109.77768,00.7,12,038,3,2022-07-13
045141,22,194,14,00,82,+28,+37.85594,-109.77493,01.0,09,038,3,2022-07-13
045141,22,194,16,00,78,+30,+37.85278,-109.77562,01.1,07,038,3,2022-07-13
045141,22,194,18,00,90,+25,+37.85082,-109.77394,00.8,08,038,3,2022-07-13
045141,22,194,22,00,54,+20,+37.85057,-109.77396,00.9,08,038,3,2022-07-13
045141,22,195,02,00,94,+20,+37.84884,-109.77539,00.9,07,038,3,2022-07-14
045141,22,195,04,00,54,+20,+37.84885,-109.77536,00.9,09,038,3,2022-07-14
045141,22,195,06,00,70,+19,+37.84842,-109.77482,00.8,09,038,3,2022-07-14
045141,22,195,08,00,64,+24,+37.84926,-109.77384,01.4,07,038,3,2022-07-14
045141,22,195,10,00,44,+25,+37.84944,-109.77402,01.0,08,040,3,2022-07-14
045141,22,195,12,00,86,+30,+37.84887,-109.77706,00.8,10,038,3,2022-07-14
045141,22,195,16,00,96,+25,+37.84736,-109.78338,01.1,06,039,3,2022-07-14
045141,22,195,22,00,48,+18,+37.84290,-109.78046,01.1,07,050,3,2022-07-14
045141,22,196,00,00,52,+18,+37.84285,-109.78048,00.9,06,040,3,2022-07-15
045141,22,196,02,00,46,+19,+37.84274,-109.78073,00.9,07,038,3,2022-07-15
045141,22,196,04,00,56,+20,+37.84272,-109.78075,01.2,08,039,3,2022-07-15
045141,22,196,06,00,88,+20,+37.84120,-109.78134,00.8,07,038,3,2022-07-15
045141,22,196,08,00,84,+21,+37.83864,-109.77828,00.9,08,038,3,2022-07-15
045141,22,196,10,00,46,+24,+37.83843,-109.77794,01.0,09,039,3,2022-07-15
045141,22,196,12,00,78,+27,+37.84033,-109.78108,00.8,09,038,3,2022-07-15
045141,22,196,14,00,88,+30,+37.84217,-109.78057,01.1,07,038,3,2022-07-15
045141,22,196,16,00,62,+26,+37.83962,-109.78123,01.1,07,038,3,2022-07-15
045141,22,196,22,00,84,+20,+37.84648,-109.77822,01.5,06,038,3,2022-07-15
045141,22,197,00,00,28,+21,+37.84632,-109.77855,00.9,07,039,3,2022-07-16
045141,22,197,04,00,56,+19,+37.84680,-109.77960,01.2,08,038,3,2022-07-16
045141,22,197,06,00,74,+18,+37.84876,-109.77817,00.8,10,038,3,2022-07-16
045141,22,197,08,00,82,+24,+37.85013,-109.78014,01.1,08,058,3,2022-07-16
045141,22,197,10,00,50,+26,+37.85064,-109.78057,01.2,07,038,3,2022-07-16
045141,22,197,12,00,98,+30,+37.86018,-109.78363,00.7,10,043,3,2022-07-16
045141,22,197,14,00,98,+30,+37.86135,-109.78065,00.9,08,038,3,2022-07-16
045141,22,197,20,00,98,+20,+37.85794,-109.78046,00.9,08,038,3,2022-07-16
045141,22,197,22,00,70,+23,+37.85669,-109.78146,01.1,07,038,3,2022-07-16
045141,22,198,00,00,34,+23,+37.85707,-109.78153,00.8,08,039,3,2022-07-17
045141,22,198,02,00,54,+20,+37.85676,-109.78127,00.9,07,038,3,2022-07-17
045141,22,198,04,00,58,+20,+37.85671,-109.78109,00.9,09,041,3,2022-07-17
045141,22,198,06,00,72,+18,+37.85499,-109.78182,00.6,13,038,3,2022-07-17
045141,22,198,10,00,48,+27,+37.84996,-109.78407,01.4,06,038,3,2022-07-17
045141,22,198,12,00,98,+28,+37.84178,-109.77907,00.7,10,038,3,2022-07-17
045141,22,198,14,00,96,+29,+37.84029,-109.77568,01.0,07,038,3,2022-07-17
045141,22,199,14,00,88,+31,+37.86228,-109.78340,01.1,06,038,3,2022-07-18
045141,22,199,18,00,92,+28,+37.85965,-109.78514,00.9,08,038,3,2022-07-18
045141,22,199,20,00,84,+21,+37.86312,-109.78094,00.8,09,039,3,2022-07-18
045141,22,199,22,00,60,+19,+37.86300,-109.78035,01.4,05,060,2,2022-07-18
045141,22,200,00,00,32,+20,+37.86310,-109.77996,00.9,06,045,3,2022-07-19
045141,22,200,04,00,40,+20,+37.86306,-109.77996,02.2,04,043,3,2022-07-19
045141,22,200,12,00,74,+31,+37.86696,-109.77671,01.8,04,038,3,2022-07-19
045141,22,200,14,00,84,+29,+37.86007,-109.78031,03.5,04,044,3,2022-07-19
045141,22,200,16,00,86,+27,+37.84543,-109.78144,01.3,06,040,3,2022-07-19
045141,22,200,18,00,60,+27,+37.84482,-109.78079,01.8,04,038,3,2022-07-19
045141,22,200,20,00,90,+20,+37.83958,-109.77535,03.0,04,059,3,2022-07-19
045141,22,200,22,00,90,+22,+37.83909,-109.77485,01.1,06,040,3,2022-07-19
045141,22,201,00,00,46,+20,+37.83903,-109.77491,01.3,07,038,3,2022-07-20
045141,22,201,02,00,54,+20,+37.83885,-109.77577,00.7,11,038,3,2022-07-20
045141,22,201,04,00,64,+20,+37.83910,-109.77719,00.9,09,040,3,2022-07-20
045141,22,201,06,00,72,+17,+37.84006,-109.77406,01.0,07,038,3,2022-07-20
045141,22,201,08,00,88,+25,+37.86407,-109.77507,00.9,07,038,3,2022-07-20
045141,22,201,12,00,88,+31,+37.86617,-109.77742,01.0,07,038,3,2022-07-20
045141,22,201,20,00,88,+23,+37.86294,-109.77987,00.8,10,039,3,2022-07-20
045141,22,201,22,00,50,+19,+37.86300,-109.78121,01.1,08,041,3,2022-07-20
045141,22,202,00,00,32,+17,+37.86296,-109.78125,00.9,08,038,3,2022-07-21
045141,22,202,02,00,44,+20,+37.86293,-109.78115,00.8,09,038,3,2022-07-21
045141,22,203,12,00,80,+30,+37.86611,-109.78099,00.9,07,040,3,2022-07-22
045141,22,203,14,00,68,+29,+37.86027,-109.78469,00.7,12,038,3,2022-07-22
045141,22,203,16,00,52,+32,+37.86053,-109.78468,01.0,08,038,3,2022-07-22
045141,22,203,18,00,82,+25,+37.86404,-109.78498,01.2,08,038,3,2022-07-22
045141,22,203,20,00,98,+20,+37.86500,-109.78607,01.0,08,038,3,2022-07-22
045141,22,203,22,00,54,+18,+37.86432,-109.78642,01.0,08,040,3,2022-07-22
045141,22,204,00,00,30,+19,+37.86435,-109.78639,01.2,07,041,3,2022-07-23
045141,22,204,02,00,38,+21,+37.86346,-109.78481,00.7,09,038,3,2022-07-23
045141,22,204,04,00,48,+22,+37.86343,-109.78483,00.9,09,038,3,2022-07-23
045141,22,204,06,00,66,+20,+37.86749,-109.78501,01.3,06,038,3,2022-07-23
045141,22,204,10,00,96,+30,+37.86552,-109.78714,01.2,07,038,3,2022-07-23
045141,22,204,12,00,54,+28,+37.86391,-109.78418,00.7,11,038,3,2022-07-23
045141,22,204,14,00,58,+31,+37.86365,-109.78426,00.8,10,038,3,2022-07-23
045141,22,204,16,00,56,+27,+37.86404,-109.78388,01.0,08,038,3,2022-07-23
045141,22,204,18,00,98,+25,+37.86481,-109.78694,01.2,09,039,3,2022-07-23
045141,22,204,20,00,88,+23,+37.86354,-109.78661,00.9,07,038,3,2022-07-23
045141,22,204,22,00,68,+24,+37.86409,-109.78661,00.8,09,038,3,2022-07-23
045141,22,205,00,00,42,+19,+37.86417,-109.78661,01.0,07,038,3,2022-07-24
045141,22,205,02,00,38,+20,+37.86403,-109.78661,00.7,10,040,3,2022-07-24
045141,22,205,04,00,34,+19,+37.86405,-109.78666,01.0,08,038,3,2022-07-24
045141,22,205,06,00,74,+18,+37.86661,-109.78819,01.0,07,038,3,2022-07-24
045141,22,205,12,00,60,+25,+37.87107,-109.78157,00.9,08,038,3,2022-07-24
045141,22,205,18,00,50,+21,+37.86813,-109.78821,01.2,09,039,3,2022-07-24
045141,22,205,22,00,42,+18,+37.86759,-109.78327,01.0,08,038,3,2022-07-24
045141,22,206,00,00,42,+18,+37.86762,-109.78328,01.1,08,038,3,2022-07-25
045141,22,206,02,00,40,+18,+37.86753,-109.78327,00.8,09,038,3,2022-07-25
045141,22,206,04,00,50,+20,+37.86756,-109.78334,00.9,09,038,3,2022-07-25
045141,22,206,06,00,62,+16,+37.86877,-109.78318,00.9,08,038,3,2022-07-25
045141,22,206,10,00,88,+23,+37.87149,-109.78536,01.0,09,038,3,2022-07-25
045141,22,206,14,00,92,+18,+37.87057,-109.78458,00.8,10,038,3,2022-07-25
045141,22,206,16,00,48,+20,+37.87113,-109.78432,00.9,09,038,3,2022-07-25
045141,22,206,18,00,88,+22,+37.87116,-109.78382,01.4,06,038,3,2022-07-25
045141,22,206,20,00,88,+18,+37.86547,-109.78556,00.9,09,038,3,2022-07-25
045141,22,206,22,00,72,+19,+37.86699,-109.78546,01.2,07,040,3,2022-07-25
045141,22,207,00,00,42,+18,+37.86688,-109.78567,00.9,08,038,3,2022-07-26
045141,22,207,02,00,52,+20,+37.86693,-109.78601,00.8,09,038,3,2022-07-26
045141,22,207,04,00,46,+18,+37.86699,-109.78595,00.9,08,038,3,2022-07-26
045141,22,207,06,00,68,+17,+37.86676,-109.78248,00.9,09,038,3,2022-07-26
045141,22,207,08,00,92,+20,+37.86599,-109.78008,00.8,11,038,3,2022-07-26
045141,22,207,10,00,72,+24,+37.86714,-109.77696,01.2,07,038,3,2022-07-26
045141,22,207,12,00,86,+26,+37.86700,-109.77764,01.1,09,038,3,2022-07-26
045141,22,207,14,00,62,+23,+37.86489,-109.77851,00.9,09,038,3,2022-07-26
045141,22,207,16,00,80,+20,+37.85957,-109.78323,00.9,09,038,3,2022-07-26
045141,22,207,18,00,86,+20,+37.86224,-109.78395,01.7,08,038,3,2022-07-26
045141,22,208,22,00,66,+17,+37.86516,-109.78193,01.1,07,038,3,2022-07-27
045141,22,209,00,00,44,+17,+37.86589,-109.78201,00.8,09,040,3,2022-07-28
045141,22,209,02,00,54,+17,+37.86592,-109.78245,01.0,08,038,3,2022-07-28
045141,22,209,04,00,38,+19,+37.86589,-109.78237,01.0,08,040,3,2022-07-28
045141,22,209,10,00,76,+21,+37.86784,-109.77725,01.5,07,049,3,2022-07-28
045141,22,209,12,00,54,+20,+37.86709,-109.77674,00.8,10,038,3,2022-07-28
045141,22,209,14,00,74,+17,+37.86651,-109.77556,01.0,09,038,3,2022-07-28
045141,22,209,20,00,72,+21,+37.86540,-109.77695,01.2,07,038,3,2022-07-28
045141,22,210,02,00,48,+17,+37.86572,-109.77612,01.0,08,038,3,2022-07-29
045141,22,210,04,00,52,+17,+37.86577,-109.77639,00.9,08,040,3,2022-07-29
045141,22,210,10,00,84,+18,+37.86654,-109.77420,01.3,07,049,3,2022-07-29
045141,22,210,12,00,42,+23,+37.86631,-109.77419,01.1,08,038,3,2022-07-29
045141,22,210,14,00,84,+25,+37.86490,-109.78054,00.9,08,038,3,2022-07-29
045141,22,210,16,00,42,+18,+37.86444,-109.78012,01.1,07,038,3,2022-07-29
045141,22,210,18,00,90,+16,+37.86685,-109.78207,01.2,08,038,3,2022-07-29
045141,22,210,20,00,90,+17,+37.86809,-109.78240,01.1,07,038,3,2022-07-29
045141,22,210,22,00,38,+17,+37.86809,-109.78318,01.0,07,038,3,2022-07-29
045141,22,211,00,00,34,+17,+37.86816,-109.78318,01.1,07,038,3,2022-07-30
045141,22,211,02,00,62,+15,+37.86806,-109.78440,00.9,09,038,3,2022-07-30
045141,22,211,04,00,16,+15,+37.86801,-109.78446,00.9,09,038,3,2022-07-30
045141,22,211,06,00,30,+15,+37.86890,-109.78329,01.6,06,038,3,2022-07-30
045141,22,211,10,00,64,+20,+37.87060,-109.78240,01.7,06,038,3,2022-07-30
045141,22,217,22,00,52,+20,+37.84539,-109.78353,00.9,07,038,3,2022-08-05
045141,22,218,00,00,38,+19,+37.84543,-109.78313,01.2,06,038,3,2022-08-06
045141,22,218,02,00,54,+19,+37.84533,-109.78352,00.7,11,040,3,2022-08-06
045141,22,218,04,00,40,+20,+37.84540,-109.78356,00.9,09,038,3,2022-08-06
045141,22,218,06,00,64,+16,+37.84614,-109.78482,01.1,07,038,3,2022-08-06
045141,22,218,10,00,84,+24,+37.85551,-109.78546,00.9,09,038,3,2022-08-06
045141,22,218,14,00,86,+27,+37.84103,-109.78445,01.5,07,038,3,2022-08-06
045141,22,218,16,00,84,+27,+37.83996,-109.78432,01.3,06,038,3,2022-08-06
045141,22,218,18,00,80,+27,+37.84492,-109.78031,01.0,08,038,3,2022-08-06
045141,22,218,20,00,90,+21,+37.84549,-109.77982,00.9,08,038,3,2022-08-06
045141,22,218,22,00,56,+20,+37.84466,-109.77925,01.0,06,038,3,2022-08-06
045141,22,219,00,00,40,+20,+37.84450,-109.77913,01.3,06,038,3,2022-08-07
045141,22,219,02,00,34,+20,+37.84463,-109.77926,00.9,09,040,3,2022-08-07
045141,22,219,04,00,48,+18,+37.84467,-109.77902,00.9,08,038,3,2022-08-07
045141,22,219,06,00,66,+16,+37.84978,-109.77798,00.8,10,038,3,2022-08-07
045141,22,219,10,00,54,+24,+37.84977,-109.77589,00.9,08,038,3,2022-08-07
045141,22,219,12,00,62,+30,+37.84931,-109.77494,01.0,09,038,3,2022-08-07
045141,22,219,14,00,82,+30,+37.85493,-109.77768,01.5,06,038,3,2022-08-07
045141,22,219,16,00,98,+27,+37.85663,-109.77851,00.8,10,039,3,2022-08-07
045141,22,219,18,00,82,+25,+37.85585,-109.77758,00.9,08,038,3,2022-08-07
045141,22,219,20,00,90,+18,+37.85419,-109.77871,01.4,06,038,3,2022-08-07
045141,22,219,22,00,54,+20,+37.85476,-109.77894,00.9,07,038,3,2022-08-07
045141,22,220,02,00,46,+17,+37.85459,-109.77878,00.8,10,038,3,2022-08-08
045141,22,220,04,00,42,+20,+37.85477,-109.77865,01.1,07,039,3,2022-08-08
045141,22,220,10,00,58,+25,+37.85505,-109.78157,00.8,10,038,3,2022-08-08
045141,22,220,14,00,88,+25,+37.85953,-109.78382,01.4,07,038,3,2022-08-08
045141,22,220,18,00,84,+24,+37.85855,-109.78277,00.9,07,039,3,2022-08-08
045141,22,221,00,00,44,+20,+37.85210,-109.78443,01.8,04,044,3,2022-08-09
045141,22,221,04,00,40,+20,+37.85152,-109.78367,01.1,07,038,3,2022-08-09
045141,22,221,06,00,56,+17,+37.84982,-109.78426,01.0,07,038,3,2022-08-09
045141,22,221,12,00,40,+29,+37.85564,-109.78462,01.1,07,049,3,2022-08-09
045141,22,221,14,00,76,+30,+37.85990,-109.78529,01.6,05,038,3,2022-08-09
045141,22,221,16,00,56,+27,+37.85940,-109.78445,00.9,06,038,3,2022-08-09
045141,22,221,18,00,76,+30,+37.85876,-109.78500,01.5,06,038,3,2022-08-09
045141,22,221,22,00,46,+24,+37.85734,-109.78254,00.8,08,038,3,2022-08-09
045141,22,222,00,00,48,+19,+37.85727,-109.78253,01.1,07,038,3,2022-08-10
045141,22,222,02,00,32,+18,+37.85709,-109.78260,00.9,09,039,3,2022-08-10
045141,22,222,04,00,38,+21,+37.85733,-109.78272,00.9,08,038,3,2022-08-10
045141,22,222,06,00,54,+18,+37.85868,-109.78273,01.1,07,038,3,2022-08-10
045141,22,222,12,00,42,+27,+37.85009,-109.78520,01.2,06,038,3,2022-08-10
045141,22,222,14,00,86,+28,+37.84840,-109.78639,01.4,06,038,3,2022-08-10
045141,22,222,18,00,90,+28,+37.84693,-109.78611,01.2,06,038,3,2022-08-10
045141,22,222,20,00,82,+23,+37.84636,-109.78449,01.0,07,039,3,2022-08-10
045141,22,222,22,00,34,+25,+37.84646,-109.78454,01.3,07,038,3,2022-08-10
045141,22,223,00,00,56,+20,+37.84643,-109.78454,01.0,08,038,3,2022-08-11
045141,22,223,02,00,70,+19,+37.84503,-109.78333,00.9,08,039,3,2022-08-11
045141,22,223,04,00,52,+18,+37.84536,-109.78340,00.8,09,040,3,2022-08-11
045141,22,223,06,00,58,+17,+37.84507,-109.78336,01.3,06,038,3,2022-08-11
045141,22,223,10,00,82,+24,+37.84112,-109.78466,00.9,10,038,3,2022-08-11
045141,22,223,12,00,56,+28,+37.84365,-109.78099,01.2,08,038,3,2022-08-11
045141,22,223,14,00,86,+31,+37.84146,-109.78439,01.0,08,037,3,2022-08-11
045141,22,223,16,00,68,+25,+37.84241,-109.78451,01.1,07,040,3,2022-08-11
045141,22,223,18,00,98,+25,+37.84341,-109.78605,01.0,06,038,3,2022-08-11
045141,22,223,22,00,66,+18,+37.84516,-109.78596,00.9,08,038,3,2022-08-11
045141,22,224,00,00,30,+18,+37.84528,-109.78581,01.0,08,038,3,2022-08-12
045141,22,224,02,00,40,+18,+37.84510,-109.78609,00.9,09,037,3,2022-08-12
045141,22,224,04,00,44,+18,+37.84518,-109.78601,01.2,08,040,3,2022-08-12
045141,22,224,10,00,94,+24,+37.84891,-109.78811,00.8,10,049,3,2022-08-12
045141,22,224,18,00,84,+26,+37.84783,-109.78895,01.0,06,038,3,2022-08-12
045141,22,224,22,00,56,+19,+37.85054,-109.79378,01.1,06,038,3,2022-08-12
045141,22,225,00,00,42,+17,+37.85163,-109.79214,01.1,07,038,3,2022-08-13
045141,22,225,02,00,40,+16,+37.85163,-109.79232,01.0,09,039,3,2022-08-13
045141,22,225,04,00,46,+17,+37.85166,-109.79225,01.0,08,040,3,2022-08-13
045141,22,225,10,00,58,+25,+37.85289,-109.79095,01.0,07,049,3,2022-08-13
045141,22,225,14,00,88,+25,+37.85164,-109.79242,01.3,06,038,3,2022-08-13
045141,22,225,22,00,48,+18,+37.85173,-109.79260,00.9,07,047,3,2022-08-13
045141,22,240,22,00,50,+19,+37.96174,-109.63291,01.4,06,040,3,2022-08-28
045141,22,241,00,00,24,+18,+37.96142,-109.63288,01.0,07,040,3,2022-08-29
045141,22,241,02,00,48,+17,+37.96173,-109.63317,00.9,09,039,3,2022-08-29
045141,22,241,04,00,28,+16,+37.96169,-109.63308,00.9,08,040,3,2022-08-29
045141,22,241,08,00,88,+25,+37.95822,-109.62858,02.0,06,038,3,2022-08-29
045141,22,241,10,00,58,+29,+37.95497,-109.62625,00.8,09,038,3,2022-08-29
045141,22,241,14,00,78,+37,+37.95537,-109.62829,01.2,07,038,3,2022-08-29
045141,22,241,16,00,54,+30,+37.95508,-109.62830,02.1,06,038,3,2022-08-29
045141,22,241,18,00,92,+30,+37.95125,-109.63001,01.3,06,039,3,2022-08-29
045141,22,241,22,00,44,+19,+37.95489,-109.62715,01.2,06,038,3,2022-08-29
045141,22,242,00,00,26,+18,+37.95455,-109.62693,01.1,08,039,3,2022-08-30
045141,22,242,02,00,36,+18,+37.95317,-109.62900,00.8,09,038,3,2022-08-30
045141,22,242,04,00,36,+18,+37.95322,-109.62868,01.1,07,038,3,2022-08-30
045141,22,242,06,00,42,+17,+37.95170,-109.63043,00.9,09,039,3,2022-08-30
045141,22,242,10,00,48,+33,+37.95147,-109.63330,01.0,09,038,3,2022-08-30
045141,22,242,12,00,62,+34,+37.95081,-109.63179,01.5,06,038,3,2022-08-30
045141,22,242,14,00,96,+37,+37.95043,-109.63180,00.9,07,038,3,2022-08-30
045141,22,242,16,00,50,+38,+37.95172,-109.63047,02.1,05,038,3,2022-08-30
045141,22,242,18,00,70,+30,+37.95050,-109.63134,01.3,06,038,3,2022-08-30
045141,22,242,20,00,88,+24,+37.95257,-109.62940,01.0,06,038,3,2022-08-30
045141,22,242,22,00,40,+20,+37.95318,-109.62905,01.1,07,057,3,2022-08-30
045141,22,243,00,00,34,+20,+37.95311,-109.62882,01.0,09,038,3,2022-08-31
045141,22,243,02,00,34,+20,+37.95317,-109.62868,00.9,09,041,3,2022-08-31
045141,22,243,04,00,36,+22,+37.95315,-109.62868,00.8,09,038,3,2022-08-31
045141,22,243,10,00,68,+27,+37.95802,-109.62581,00.8,09,038,3,2022-08-31
045141,22,243,16,00,54,+35,+37.96858,-109.61687,02.0,06,049,3,2022-08-31
045141,22,243,18,00,92,+30,+37.96979,-109.61902,01.4,05,038,3,2022-08-31
045141,22,243,22,00,64,+23,+37.96851,-109.61752,01.0,08,038,3,2022-08-31
045141,22,244,00,00,50,+20,+37.96848,-109.61757,01.0,08,040,3,2022-09-01
045141,22,244,02,00,48,+22,+37.96864,-109.61765,01.1,08,038,3,2022-09-01
045141,22,244,04,00,46,+21,+37.96844,-109.61753,01.0,08,040,3,2022-09-01
045141,22,244,06,00,56,+21,+37.96895,-109.61830,01.0,09,038,3,2022-09-01
045141,22,244,08,00,96,+29,+37.96955,-109.61608,02.1,06,038,3,2022-09-01
045141,22,244,16,00,56,+35,+37.96678,-109.62030,01.9,06,038,3,2022-09-01
045141,22,244,22,00,54,+23,+37.96908,-109.61788,01.0,08,038,3,2022-09-01
045141,22,245,00,00,28,+20,+37.96929,-109.61828,00.9,09,038,3,2022-09-02
045141,22,245,02,00,32,+21,+37.96944,-109.61838,00.9,09,038,3,2022-09-02
045141,22,245,04,00,22,+19,+37.96932,-109.61837,00.8,09,040,3,2022-09-02
045141,22,245,06,00,62,+17,+37.97019,-109.61840,01.0,09,038,3,2022-09-02
045141,22,245,12,00,50,+34,+37.97633,-109.61598,01.1,06,038,3,2022-09-02
045141,22,245,16,00,84,+40,+37.98096,-109.61166,01.9,06,038,3,2022-09-02
045141,22,245,20,00,88,+25,+37.98225,-109.61006,01.0,06,038,3,2022-09-02
045141,22,245,22,00,42,+22,+37.98307,-109.61033,01.2,06,038,3,2022-09-02
045141,22,246,00,00,50,+20,+37.98263,-109.61048,01.5,07,038,3,2022-09-03
045141,22,246,02,00,40,+24,+37.98274,-109.61040,01.1,08,038,3,2022-09-03
045141,22,246,04,00,22,+22,+37.98274,-109.61033,01.0,08,039,3,2022-09-03
045141,22,246,06,00,56,+21,+37.98400,-109.60602,01.1,08,038,3,2022-09-03
045141,22,246,10,00,50,+30,+37.98881,-109.60194,01.6,08,038,3,2022-09-03
045141,22,246,14,00,78,+35,+37.98821,-109.60201,01.2,07,038,3,2022-09-03
045141,22,246,16,00,64,+34,+37.98749,-109.60388,01.8,06,039,3,2022-09-03
045141,22,246,18,00,82,+31,+37.98520,-109.60727,01.0,07,038,3,2022-09-03
045141,22,246,20,00,74,+26,+37.98248,-109.60918,01.0,06,039,3,2022-09-03
045141,22,246,22,00,60,+24,+37.98210,-109.61071,01.1,07,038,3,2022-09-03
045141,22,247,00,00,36,+24,+37.98212,-109.61067,00.9,09,039,3,2022-09-04
045141,22,247,02,00,58,+23,+37.98214,-109.61065,00.8,10,038,3,2022-09-04
045141,22,247,04,00,34,+23,+37.98210,-109.61067,00.8,10,038,3,2022-09-04
045141,22,247,06,00,56,+21,+37.98030,-109.60945,01.2,08,038,3,2022-09-04
045141,22,247,08,00,98,+24,+37.97849,-109.60900,01.1,07,038,3,2022-09-04
045141,22,247,10,00,48,+33,+37.97631,-109.61174,01.1,08,038,3,2022-09-04
045141,22,247,14,00,44,+37,+37.97908,-109.61098,01.2,07,038,3,2022-09-04
045141,22,247,20,00,86,+24,+37.98307,-109.60926,01.0,06,038,3,2022-09-04
045141,22,247,22,00,26,+23,+37.98289,-109.60956,01.1,07,040,3,2022-09-04
045141,22,248,00,00,50,+21,+37.98185,-109.61009,01.1,08,038,3,2022-09-05
045141,22,248,02,00,30,+20,+37.98192,-109.61009,00.8,09,040,3,2022-09-05
045141,22,248,04,00,38,+20,+37.98187,-109.61008,00.8,10,038,3,2022-09-05
045141,22,248,06,00,48,+18,+37.98166,-109.60855,01.0,09,038,3,2022-09-05
045141,22,248,08,00,90,+25,+37.98519,-109.60552,01.3,08,058,3,2022-09-05
045141,22,248,10,00,58,+30,+37.98527,-109.60678,01.6,06,042,3,2022-09-05
045141,22,248,14,00,54,+35,+37.98580,-109.60407,01.1,07,038,3,2022-09-05
045141,22,248,16,00,72,+38,+37.98323,-109.60945,01.7,06,038,3,2022-09-05
045141,22,248,20,00,70,+25,+37.97904,-109.61149,01.1,07,038,3,2022-09-05
045141,22,248,22,00,44,+23,+37.98048,-109.61212,01.3,05,057,3,2022-09-05
045141,22,249,00,00,70,+21,+37.98089,-109.61067,00.9,09,038,3,2022-09-06
045141,22,249,02,00,70,+21,+37.98134,-109.61124,01.0,07,040,3,2022-09-06
045141,22,249,04,00,42,+20,+37.98136,-109.61122,01.1,09,039,3,2022-09-06
045141,22,249,06,00,44,+18,+37.98009,-109.61083,01.0,09,038,3,2022-09-06
045141,22,249,08,00,96,+27,+37.97394,-109.61570,01.1,09,039,3,2022-09-06
045141,22,249,12,00,54,+34,+37.97486,-109.61628,01.0,07,038,3,2022-09-06
045141,22,249,16,00,74,+39,+37.97338,-109.61588,01.2,06,038,3,2022-09-06
045141,22,249,18,00,88,+32,+37.98589,-109.60693,01.2,06,042,3,2022-09-06
045141,22,249,20,00,60,+26,+37.98548,-109.60671,01.0,06,039,3,2022-09-06
045141,22,249,22,00,32,+25,+37.98595,-109.60716,01.2,06,041,3,2022-09-06
045141,22,250,00,00,66,+23,+37.98614,-109.60733,00.9,09,039,3,2022-09-07
045141,22,250,02,00,28,+21,+37.98606,-109.60745,00.8,09,039,3,2022-09-07
045141,22,250,04,00,32,+25,+37.98606,-109.60746,01.1,07,039,3,2022-09-07
045141,22,250,06,00,42,+25,+37.98762,-109.60508,01.0,09,038,3,2022-09-07
045141,22,250,12,00,36,+35,+37.99303,-109.59797,01.4,06,038,3,2022-09-07
045141,22,250,16,00,58,+38,+37.99241,-109.59642,01.7,06,038,3,2022-09-07
045141,22,250,18,00,92,+33,+37.99290,-109.59883,01.3,05,048,3,2022-09-07
045141,22,250,20,00,78,+26,+37.99229,-109.60287,00.9,07,038,3,2022-09-07
045141,22,250,22,00,32,+25,+37.99225,-109.60295,01.2,06,038,3,2022-09-07
045141,22,251,00,00,90,+23,+37.99263,-109.60241,00.9,09,038,3,2022-09-08
045141,22,251,04,00,54,+23,+37.99242,-109.60253,01.2,07,038,3,2022-09-08
045141,22,251,06,00,50,+21,+37.99245,-109.59925,01.2,08,038,3,2022-09-08
045141,22,251,16,01,76,+36,+37.98327,-109.60606,01.6,06,057,3,2022-09-08
045141,22,251,20,00,84,+25,+37.97737,-109.61341,01.2,05,047,3,2022-09-08
045141,22,251,22,00,48,+24,+37.97724,-109.61372,01.3,05,047,3,2022-09-08
045141,22,252,00,00,48,+21,+37.97735,-109.61155,00.9,09,038,3,2022-09-09
045141,22,252,02,00,42,+23,+37.97661,-109.61246,00.8,09,038,3,2022-09-09
045141,22,252,04,00,40,+19,+37.97637,-109.61254,01.2,07,039,3,2022-09-09
045141,22,252,06,00,44,+18,+37.97714,-109.61215,01.2,07,058,3,2022-09-09
045141,22,252,08,00,88,+22,+37.97733,-109.61014,01.5,06,038,3,2022-09-09
045141,22,252,10,00,38,+30,+37.97649,-109.61181,01.1,07,038,3,2022-09-09
045141,22,252,12,00,90,+36,+37.97960,-109.60983,00.9,06,038,3,2022-09-09
045141,22,252,14,00,70,+38,+37.97999,-109.60945,01.3,06,037,3,2022-09-09
045141,22,252,16,00,56,+37,+37.97911,-109.61102,01.7,05,038,3,2022-09-09
045141,22,252,18,00,92,+29,+37.97861,-109.61300,01.2,06,038,3,2022-09-09
045141,22,252,22,01,42,+25,+37.98111,-109.60913,01.2,06,059,3,2022-09-09
045141,22,253,00,00,52,+21,+37.98089,-109.60926,00.8,10,038,3,2022-09-10
045141,22,253,02,00,44,+20,+37.98091,-109.60926,00.9,09,038,3,2022-09-10
045141,22,253,04,00,28,+22,+37.98089,-109.60920,01.2,07,040,3,2022-09-10
045141,22,253,08,00,86,+23,+37.98533,-109.60739,01.0,08,038,3,2022-09-10
045141,22,253,10,00,90,+26,+37.99857,-109.59606,01.2,08,038,3,2022-09-10
045141,22,253,12,00,86,+29,+38.00244,-109.59478,01.0,06,040,3,2022-09-10
045141,22,253,14,00,66,+28,+38.00146,-109.59580,01.7,06,055,3,2022-09-10
045141,22,253,16,00,50,+27,+38.00064,-109.59552,01.0,07,038,3,2022-09-10
045141,22,253,18,00,92,+26,+37.99002,-109.60072,01.2,06,038,3,2022-09-10
045141,22,253,20,00,74,+23,+37.99139,-109.60205,01.1,06,040,3,2022-09-10
045141,22,253,22,00,36,+21,+37.99102,-109.60189,01.2,06,040,3,2022-09-10
045141,22,254,00,00,36,+19,+37.99098,-109.60201,01.0,09,040,3,2022-09-11
045141,22,254,02,00,22,+18,+37.99097,-109.60199,01.1,08,038,3,2022-09-11
045141,22,254,04,00,40,+17,+37.99103,-109.60205,01.0,08,040,3,2022-09-11
045141,22,254,06,00,50,+14,+37.99112,-109.60138,01.1,08,038,3,2022-09-11
045141,22,254,08,00,94,+18,+37.99477,-109.59774,01.2,08,038,3,2022-09-11
045141,22,254,16,01,44,+28,+38.00525,-109.59812,01.0,06,060,2,2022-09-11
045141,22,255,00,00,58,+18,+38.00888,-109.59238,01.0,08,044,3,2022-09-12
045141,22,255,02,00,74,+20,+38.00902,-109.59257,00.9,08,041,3,2022-09-12
045141,22,255,04,00,46,+19,+38.00901,-109.59261,01.1,07,040,3,2022-09-12
045141,22,255,06,00,46,+20,+38.00928,-109.59238,01.3,07,038,3,2022-09-12
045141,22,255,08,00,96,+23,+38.02062,-109.59049,00.8,10,038,3,2022-09-12
045141,22,255,12,00,62,+29,+38.02106,-109.58910,01.0,06,038,3,2022-09-12
045141,22,255,14,00,68,+25,+38.02497,-109.58660,01.7,06,049,3,2022-09-12
045141,22,255,16,00,64,+29,+38.02444,-109.58847,01.1,07,038,3,2022-09-12
045141,22,255,18,00,76,+26,+38.01883,-109.60346,01.2,06,039,3,2022-09-12
045141,22,255,20,00,74,+24,+38.02307,-109.58610,00.8,08,038,3,2022-09-12
045141,22,255,22,00,54,+19,+38.02249,-109.58611,01.0,06,038,3,2022-09-12
045141,22,256,00,00,70,+22,+38.02251,-109.58574,00.9,09,039,3,2022-09-13
045141,22,256,02,00,46,+21,+38.02249,-109.58580,00.8,10,038,3,2022-09-13
045141,22,256,04,00,38,+21,+38.02249,-109.58573,00.8,09,040,3,2022-09-13
045141,22,256,06,00,62,+20,+38.02141,-109.58626,01.3,07,038,3,2022-09-13
045141,22,256,08,00,88,+20,+38.02953,-109.58689,00.9,09,038,3,2022-09-13
045141,22,256,10,00,64,+23,+38.03029,-109.58618,01.2,08,039,3,2022-09-13
045141,22,256,12,00,54,+25,+38.02864,-109.58702,01.1,06,038,3,2022-09-13
045141,22,256,18,00,64,+24,+38.02417,-109.58809,01.5,05,038,3,2022-09-13
045141,22,256,20,00,70,+18,+38.02424,-109.58473,01.1,06,038,3,2022-09-13
045141,22,256,22,00,40,+19,+38.02420,-109.58503,00.9,08,040,3,2022-09-13
045141,22,257,00,00,46,+18,+38.02451,-109.58523,00.9,09,039,3,2022-09-14
045141,22,257,02,00,54,+18,+38.02443,-109.58522,00.8,10,038,3,2022-09-14
045141,22,257,04,00,22,+20,+38.02449,-109.58518,00.8,08,039,3,2022-09-14
045141,22,257,06,00,56,+17,+38.02464,-109.58367,01.4,07,038,3,2022-09-14
045141,22,257,08,00,86,+20,+38.02907,-109.58334,00.8,09,038,3,2022-09-14
045141,22,257,10,00,74,+22,+38.03107,-109.58859,01.0,07,039,3,2022-09-14
045141,22,257,12,00,56,+16,+38.03013,-109.58924,01.0,06,038,3,2022-09-14
045141,22,257,16,00,40,+25,+38.02690,-109.58775,01.0,07,038,3,2022-09-14
045141,22,257,18,00,88,+21,+38.03022,-109.58920,01.3,06,038,3,2022-09-14
045141,22,257,20,00,74,+20,+38.03210,-109.59141,01.0,07,038,3,2022-09-14
045141,22,258,00,00,46,+20,+38.02943,-109.59415,01.1,08,038,3,2022-09-15
045141,22,258,02,00,34,+19,+38.02949,-109.59419,00.8,10,040,3,2022-09-15
045141,22,258,04,00,46,+17,+38.02947,-109.59419,01.4,07,039,3,2022-09-15
045141,22,258,08,00,96,+19,+38.03367,-109.58618,00.8,09,038,3,2022-09-15
045141,22,258,10,00,76,+23,+38.03438,-109.58593,01.1,06,039,3,2022-09-15
045141,22,258,12,00,70,+28,+38.03540,-109.58206,01.2,04,038,3,2022-09-15
045141,22,258,16,01,66,+30,+38.03539,-109.57891,01.1,06,060,2,2022-09-15
045141,22,258,18,00,98,+24,+38.04122,-109.58081,05.0,04,038,3,2022-09-15
045141,22,258,20,00,56,+21,+38.04311,-109.58460,00.9,07,040,3,2022-09-15
045141,22,258,22,00,52,+17,+38.04353,-109.58454,00.9,08,039,3,2022-09-15
045141,22,259,00,00,56,+14,+38.04126,-109.58587,00.9,09,038,3,2022-09-16
045141,22,259,02,00,78,+13,+38.04050,-109.58519,01.1,08,038,3,2022-09-16
045141,22,259,04,00,46,+13,+38.04040,-109.58508,00.9,08,040,3,2022-09-16
045141,22,259,06,00,46,+13,+38.04019,-109.58442,01.2,07,038,3,2022-09-16
045141,22,259,08,00,94,+20,+38.04822,-109.58293,01.4,07,039,3,2022-09-16
045141,22,259,10,00,52,+29,+38.04858,-109.58275,00.9,08,038,3,2022-09-16
045141,22,259,12,00,62,+29,+38.04464,-109.57881,01.1,06,038,3,2022-09-16
045141,22,259,16,00,70,+27,+38.04271,-109.58251,01.1,06,038,3,2022-09-16
045141,22,259,20,00,92,+22,+38.04195,-109.58141,01.1,07,038,3,2022-09-16
045141,22,259,22,00,44,+20,+38.04180,-109.58148,01.3,06,040,3,2022-09-16
045141,22,260,00,00,30,+17,+38.04177,-109.58141,00.9,09,038,3,2022-09-17
045141,22,260,02,00,76,+16,+38.03952,-109.58132,01.0,07,038,3,2022-09-17
045141,22,260,04,00,52,+16,+38.03974,-109.58145,01.0,08,040,3,2022-09-17
045141,22,260,06,00,48,+14,+38.04063,-109.58100,01.3,07,038,3,2022-09-17
045141,22,260,08,00,90,+18,+38.03720,-109.58119,01.0,07,038,3,2022-09-17
045141,22,260,12,00,46,+29,+38.03559,-109.58351,01.0,07,038,3,2022-09-17
045141,22,260,14,00,66,+29,+38.03171,-109.58986,01.4,06,038,3,2022-09-17
045141,22,260,16,00,46,+31,+38.03201,-109.58975,01.1,06,038,3,2022-09-17
045141,22,260,18,00,84,+25,+38.02453,-109.58233,01.8,05,038,3,2022-09-17
045141,22,260,20,00,86,+23,+38.02468,-109.58246,01.3,06,058,3,2022-09-17
045141,22,260,22,00,58,+19,+38.02450,-109.58251,01.0,07,041,3,2022-09-17
045141,22,261,00,00,74,+17,+38.02489,-109.58145,01.2,07,038,3,2022-09-18
045141,22,261,02,00,74,+19,+38.02506,-109.58132,00.9,09,039,3,2022-09-18
045141,22,261,04,00,44,+18,+38.02501,-109.58179,01.3,06,040,3,2022-09-18
045141,22,261,06,00,54,+14,+38.02499,-109.58086,01.3,06,041,3,2022-09-18
045141,22,261,08,00,80,+19,+38.02739,-109.58206,00.9,08,038,3,2022-09-18
045141,22,261,10,00,86,+25,+37.99538,-109.59707,01.1,06,038,3,2022-09-18
045141,22,261,12,00,52,+27,+37.99359,-109.59705,01.0,07,038,3,2022-09-18
045141,22,261,18,00,96,+25,+37.99222,-109.60276,01.4,05,038,3,2022-09-18
045141,22,261,20,00,80,+21,+37.99247,-109.60224,01.1,07,038,3,2022-09-18
045141,22,261,22,00,36,+20,+37.99266,-109.60205,01.2,07,039,3,2022-09-18
045141,22,262,00,00,50,+16,+37.99269,-109.60205,00.9,09,038,3,2022-09-19
045141,22,262,02,00,30,+15,+37.99272,-109.60202,01.0,07,040,3,2022-09-19
045141,22,262,04,00,38,+17,+37.99278,-109.60203,00.9,09,038,3,2022-09-19
045141,22,262,10,00,86,+27,+37.98804,-109.60247,00.9,08,038,3,2022-09-19
045141,22,262,12,00,24,+28,+37.98812,-109.60240,01.0,07,038,3,2022-09-19
045141,22,262,16,00,64,+29,+37.98229,-109.60980,00.9,08,038,3,2022-09-19
045141,22,262,20,00,70,+19,+37.97876,-109.61349,01.1,06,046,3,2022-09-19
045141,22,262,22,00,50,+17,+37.97842,-109.61313,01.0,08,045,3,2022-09-19
045141,22,263,00,00,56,+17,+37.97859,-109.61330,00.9,08,038,3,2022-09-20
045141,22,263,02,00,82,+17,+37.97869,-109.61466,00.9,08,038,3,2022-09-20
045141,22,263,04,00,44,+20,+37.97867,-109.61467,01.2,08,039,3,2022-09-20
045141,22,263,08,00,88,+20,+37.98103,-109.61193,01.0,09,038,3,2022-09-20
045141,22,263,12,00,50,+25,+37.98031,-109.60832,00.9,08,038,3,2022-09-20
045141,22,263,14,00,58,+23,+37.98118,-109.60617,03.2,05,053,3,2022-09-20
045141,22,263,16,00,78,+20,+37.98112,-109.61013,00.9,08,038,3,2022-09-20
045141,22,267,04,00,38,+14,+38.02093,-109.58494,00.9,09,038,3,2022-09-24
045141,22,267,10,00,72,+23,+38.02585,-109.57908,01.1,06,039,3,2022-09-24
045141,22,267,14,00,56,+35,+38.03223,-109.58939,02.9,05,040,3,2022-09-24
045141,22,267,16,00,36,+30,+38.02996,-109.59149,01.5,06,038,3,2022-09-24
045141,22,267,20,00,96,+16,+38.02317,-109.59281,00.9,08,038,3,2022-09-24
045141,22,267,22,00,58,+13,+38.02309,-109.59281,01.0,08,039,3,2022-09-24
045141,22,268,00,00,38,+13,+38.02305,-109.59278,00.8,10,038,3,2022-09-25
045141,22,268,02,00,38,+13,+38.02316,-109.59276,00.9,08,041,3,2022-09-25
045141,22,268,04,00,40,+12,+38.02319,-109.59286,00.9,09,038,3,2022-09-25
045141,22,268,06,00,26,+13,+38.02317,-109.59281,01.3,08,040,3,2022-09-25
045141,22,268,08,00,92,+15,+38.02514,-109.58798,01.2,08,038,3,2022-09-25
045141,22,268,10,00,54,+37,+38.02448,-109.58803,01.1,06,039,3,2022-09-25
045141,22,268,12,00,34,+27,+38.02469,-109.58812,00.9,08,038,3,2022-09-25
045141,22,268,14,00,64,+33,+38.02579,-109.58910,02.4,06,038,3,2022-09-25
045141,22,268,16,00,90,+30,+38.02023,-109.58885,01.2,06,038,3,2022-09-25
045141,22,268,20,00,98,+20,+38.01883,-109.58591,02.6,06,038,3,2022-09-25
045141,22,268,22,00,50,+18,+38.01699,-109.58648,01.2,06,038,3,2022-09-25
045141,22,269,00,00,62,+17,+38.01750,-109.58586,01.1,08,040,3,2022-09-26
045141,22,269,02,00,50,+16,+38.01692,-109.58660,01.1,06,039,3,2022-09-26
045141,22,269,04,00,52,+14,+38.01688,-109.58667,01.2,07,038,3,2022-09-26
045141,22,269,06,00,40,+14,+38.01816,-109.58705,01.1,08,038,3,2022-09-26
045141,22,269,08,00,76,+15,+38.02156,-109.58981,01.3,08,039,3,2022-09-26
045141,22,269,10,00,46,+26,+38.02140,-109.58988,00.9,07,040,3,2022-09-26
045141,22,269,12,00,38,+26,+38.02125,-109.58979,00.9,08,040,3,2022-09-26
045141,22,269,14,00,32,+29,+38.02400,-109.58859,02.3,06,038,3,2022-09-26
045141,22,269,20,00,58,+22,+38.03260,-109.58273,01.8,06,038,3,2022-09-26
045141,22,269,22,00,42,+17,+38.03252,-109.58279,01.0,07,040,3,2022-09-26
045141,22,270,00,00,40,+18,+38.03247,-109.58269,00.8,10,038,3,2022-09-27
045141,22,270,02,00,38,+18,+38.03250,-109.58260,01.1,06,039,3,2022-09-27
045141,22,270,04,00,38,+18,+38.03251,-109.58267,01.0,08,038,3,2022-09-27
045141,22,270,06,00,52,+18,+38.03714,-109.58080,01.1,07,038,3,2022-09-27
045141,22,270,08,00,96,+19,+38.05917,-109.57527,01.1,08,038,3,2022-09-27
045141,22,270,12,01,44,+26,+38.06116,-109.57351,01.2,07,059,3,2022-09-27
045141,22,270,14,00,48,+21,+38.05901,-109.57579,01.9,07,038,3,2022-09-27
045141,22,270,16,00,72,+26,+38.05446,-109.57595,01.3,06,039,3,2022-09-27
045141,22,270,22,00,78,+17,+38.04980,-109.58412,00.9,09,038,3,2022-09-27
045141,22,271,00,00,46,+18,+38.04959,-109.58412,00.9,09,039,3,2022-09-28
045141,22,271,02,00,74,+15,+38.05028,-109.58464,01.0,08,038,3,2022-09-28
045141,22,271,04,00,46,+16,+38.05028,-109.58467,00.9,09,038,3,2022-09-28
045141,22,271,10,00,58,+25,+38.04030,-109.58486,01.5,06,038,3,2022-09-28
045141,22,271,12,00,34,+29,+38.05294,-109.58195,00.9,08,039,3,2022-09-28
045141,22,271,14,00,26,+31,+38.05253,-109.58184,01.8,07,038,3,2022-09-28
045141,22,271,16,00,76,+31,+38.05058,-109.58353,01.3,06,040,3,2022-09-28
045141,22,271,20,00,86,+20,+38.05184,-109.58387,01.0,08,038,3,2022-09-28
045141,22,271,22,00,74,+20,+38.03253,-109.59022,00.8,09,039,3,2022-09-28
045141,22,272,00,00,52,+20,+38.03265,-109.59024,01.1,08,038,3,2022-09-29
045141,22,272,02,00,38,+20,+38.03253,-109.59024,00.9,08,038,3,2022-09-29
045141,22,272,04,00,46,+19,+38.03258,-109.59023,00.9,09,039,3,2022-09-29
045141,22,272,06,00,48,+18,+38.03334,-109.59053,01.1,07,038,3,2022-09-29
045141,22,272,08,00,96,+20,+38.03937,-109.58199,00.9,09,038,3,2022-09-29
045141,22,272,10,00,40,+30,+38.03852,-109.58461,01.0,07,039,3,2022-09-29
045141,22,275,06,00,44,+15,+38.05989,-109.57806,00.9,09,038,3,2022-10-02
045141,22,275,08,00,86,+16,+38.05863,-109.57918,01.1,08,038,3,2022-10-02
045141,22,275,14,00,42,+27,+38.05356,-109.57914,01.8,06,038,3,2022-10-02
045141,22,275,18,00,82,+14,+38.05363,-109.58294,00.9,07,038,3,2022-10-02
045141,22,275,20,00,58,+12,+38.05362,-109.58271,01.0,08,038,3,2022-10-02
045141,22,276,00,00,38,+13,+38.05410,-109.58187,00.9,09,038,3,2022-10-03
045141,22,276,02,00,48,+13,+38.05270,-109.58311,00.8,08,038,3,2022-10-03
045141,22,276,04,00,36,+13,+38.05268,-109.58311,00.8,10,038,3,2022-10-03
045141,22,276,06,00,38,+13,+38.05270,-109.58309,01.0,08,038,3,2022-10-03
045141,22,276,08,00,90,+19,+38.05407,-109.58554,01.8,06,040,3,2022-10-03
045141,22,276,12,00,74,+23,+38.05412,-109.58021,01.1,07,053,3,2022-10-03
045141,22,276,14,00,42,+27,+38.05421,-109.58029,03.2,05,039,3,2022-10-03
045141,22,276,16,00,70,+25,+38.05589,-109.58170,01.7,06,038,3,2022-10-03
045141,22,276,20,00,46,+18,+38.05352,-109.58644,01.1,08,038,3,2022-10-03
045141,22,276,22,00,44,+15,+38.05350,-109.58652,00.8,10,040,3,2022-10-03
045141,22,277,00,00,60,+13,+38.05369,-109.58639,01.0,08,038,3,2022-10-04
045141,22,277,02,00,64,+13,+38.05379,-109.58641,01.0,07,038,3,2022-10-04
045141,22,277,04,00,46,+14,+38.05377,-109.58653,01.1,08,038,3,2022-10-04
045141,22,277,06,00,48,+12,+38.05377,-109.58618,01.2,08,038,3,2022-10-04
045141,22,277,08,00,84,+13,+38.06209,-109.57519,01.6,07,038,3,2022-10-04
045141,22,277,10,00,64,+28,+38.06219,-109.57027,01.0,07,038,3,2022-10-04
045141,22,277,12,00,28,+25,+38.06293,-109.57083,01.1,07,040,3,2022-10-04
045141,22,277,14,00,50,+28,+38.06305,-109.57405,01.8,06,038,3,2022-10-04
045141,22,277,18,00,98,+20,+38.05927,-109.57821,01.2,07,038,3,2022-10-04
045141,22,277,20,00,62,+19,+38.06056,-109.57806,01.2,07,040,3,2022-10-04
045141,22,277,22,00,42,+15,+38.06047,-109.57814,01.1,08,039,3,2022-10-04
045141,22,278,00,00,36,+13,+38.06041,-109.57800,01.0,08,038,3,2022-10-05
045141,22,278,02,00,34,+12,+38.06043,-109.57794,00.9,08,038,3,2022-10-05
045141,22,278,04,00,26,+13,+38.06047,-109.57787,00.9,09,038,3,2022-10-05
045141,22,278,06,00,26,+10,+38.05968,-109.57849,01.1,09,038,3,2022-10-05
045141,22,278,10,00,90,+25,+38.05461,-109.58054,01.2,06,038,3,2022-10-05
045141,22,278,12,00,76,+30,+38.05500,-109.58115,01.1,07,038,3,2022-10-05
045141,22,278,14,00,54,+25,+38.05130,-109.57752,01.7,06,038,3,2022-10-05
045141,22,278,16,00,70,+27,+38.05434,-109.57897,01.2,06,038,3,2022-10-05
045141,22,278,18,00,88,+20,+38.05349,-109.58260,00.9,07,038,3,2022-10-05
045141,22,278,20,00,84,+16,+38.05404,-109.58559,01.2,06,038,3,2022-10-05
045141,22,278,22,00,70,+14,+38.05383,-109.58610,00.9,09,038,3,2022-10-05
045141,22,279,04,00,38,+13,+38.05390,-109.58648,01.3,07,047,3,2022-10-06
045141,22,279,06,00,46,+14,+38.05356,-109.58607,01.5,07,038,3,2022-10-06
045141,22,279,10,00,84,+23,+38.05000,-109.57787,01.8,05,038,3,2022-10-06
045141,22,279,12,00,68,+27,+38.04897,-109.57994,02.0,04,038,3,2022-10-06
045141,22,279,14,00,60,+28,+38.04765,-109.58187,01.4,06,040,3,2022-10-06
045141,22,279,22,00,46,+14,+38.04729,-109.58435,00.9,06,038,3,2022-10-06
045141,22,280,00,00,90,+13,+38.05075,-109.58734,00.8,09,038,3,2022-10-07
045141,22,280,02,00,52,+13,+38.05115,-109.58719,00.9,08,038,3,2022-10-07
045141,22,280,04,00,36,+16,+38.05076,-109.58700,01.0,09,038,3,2022-10-07
045141,22,280,06,00,54,+12,+38.05126,-109.58704,01.2,08,038,3,2022-10-07
045141,22,280,08,00,62,+19,+38.05083,-109.58599,01.3,07,038,3,2022-10-07
045141,22,280,10,00,56,+24,+38.05204,-109.58294,00.9,07,040,3,2022-10-07
045141,22,280,12,00,40,+27,+38.04933,-109.58080,00.9,07,038,3,2022-10-07
045141,22,280,14,00,96,+31,+38.04969,-109.58494,01.0,08,038,3,2022-10-07
045141,22,280,16,00,68,+27,+38.05018,-109.58732,02.7,04,038,3,2022-10-07
045141,22,280,20,00,60,+17,+38.04908,-109.58948,01.2,06,038,3,2022-10-07
045141,22,280,22,00,44,+15,+38.04936,-109.58934,01.0,09,037,3,2022-10-07
045141,22,281,02,00,64,+13,+38.04877,-109.59078,01.0,07,038,3,2022-10-08
045141,22,281,04,00,46,+13,+38.04870,-109.59076,01.0,09,038,3,2022-10-08
045141,22,281,12,01,18,+35,+38.04999,-109.57729,00.9,07,052,3,2022-10-08
045141,22,281,14,00,50,+27,+38.05086,-109.58372,01.4,05,038,3,2022-10-08
045141,22,281,18,01,90,+20,+38.05055,-109.58609,01.2,05,059,3,2022-10-08
045141,22,281,22,00,30,+18,+38.05015,-109.58862,01.9,05,038,3,2022-10-08
045141,22,282,00,00,64,+13,+38.04847,-109.59244,01.1,05,038,3,2022-10-09
045141,22,282,02,00,74,+15,+38.04939,-109.59266,01.5,05,039,3,2022-10-09
045141,22,282,04,00,32,+17,+38.04940,-109.59281,01.0,08,039,3,2022-10-09
045141,22,282,06,00,40,+13,+38.04944,-109.59272,01.4,07,038,3,2022-10-09
045141,22,282,08,00,86,+15,+38.05011,-109.57759,01.0,08,039,3,2022-10-09
045141,22,282,12,00,30,+27,+38.06123,-109.57173,00.8,10,038,3,2022-10-09
045141,22,282,14,00,46,+30,+38.06236,-109.57378,01.0,08,038,3,2022-10-09
045141,22,282,16,00,86,+18,+38.06130,-109.57347,00.9,07,038,3,2022-10-09
045141,22,282,22,00,28,+17,+38.05469,-109.57333,00.9,09,038,3,2022-10-09
045141,22,283,00,00,32,+14,+38.05450,-109.57266,01.0,07,038,3,2022-10-10
045141,22,283,04,00,50,+13,+38.05376,-109.57195,01.1,07,038,3,2022-10-10
045141,22,283,06,00,24,+13,+38.05516,-109.57264,02.4,06,044,3,2022-10-10
045141,22,283,08,00,98,+13,+38.05001,-109.57768,01.0,09,038,3,2022-10-10
045141,22,283,10,00,86,+24,+38.04721,-109.58052,00.9,08,041,3,2022-10-10
045141,22,283,12,00,36,+27,+38.04783,-109.58119,00.8,10,038,3,2022-10-10
045141,22,283,14,00,28,+28,+38.04784,-109.58101,01.0,08,040,3,2022-10-10
045141,22,283,16,00,82,+27,+38.04693,-109.58500,01.4,06,041,3,2022-10-10
045141,22,283,18,00,88,+19,+38.04538,-109.58580,01.0,07,038,3,2022-10-10
045141,22,283,20,00,72,+16,+38.04527,-109.58706,01.1,07,040,3,2022-10-10
045141,22,283,22,00,40,+15,+38.04529,-109.58714,00.8,10,038,3,2022-10-10
045141,22,284,00,00,82,+15,+38.04572,-109.58803,00.9,09,038,3,2022-10-11
045141,22,284,02,00,58,+16,+38.04573,-109.58799,01.1,07,043,3,2022-10-11
045141,22,284,04,00,46,+13,+38.04572,-109.58793,01.1,07,039,3,2022-10-11
045141,22,284,06,00,36,+13,+38.04562,-109.58792,00.8,11,038,3,2022-10-11
045141,22,284,08,00,90,+17,+38.04922,-109.58403,01.0,09,038,3,2022-10-11
045141,22,284,10,00,90,+27,+38.04819,-109.58096,01.0,08,040,3,2022-10-11
045141,22,284,12,00,26,+28,+38.04802,-109.58106,01.1,07,038,3,2022-10-11
045141,22,284,16,00,88,+27,+38.04533,-109.58568,01.6,06,038,3,2022-10-11
045141,22,284,18,00,96,+20,+38.04706,-109.58771,00.8,09,039,3,2022-10-11
045141,22,284,20,00,40,+17,+38.04710,-109.58759,01.1,07,046,3,2022-10-11
045141,22,284,22,00,32,+17,+38.04710,-109.58774,00.8,10,039,3,2022-10-11
045141,22,285,00,00,84,+13,+38.04426,-109.58713,00.8,09,038,3,2022-10-12
045141,22,285,02,00,66,+13,+38.04481,-109.58724,01.1,07,040,3,2022-10-12
045141,22,285,04,00,34,+12,+38.04476,-109.58734,01.1,07,038,3,2022-10-12
045141,22,285,06,00,24,+10,+38.04478,-109.58721,00.8,10,038,3,2022-10-12
045141,22,285,08,00,78,+12,+38.05119,-109.57714,00.9,10,038,3,2022-10-12
045141,22,285,10,00,78,+25,+38.06291,-109.57228,01.0,08,038,3,2022-10-12
045141,22,285,12,00,30,+32,+38.06689,-109.57164,00.9,08,038,3,2022-10-12
045141,22,285,14,00,26,+30,+38.06698,-109.57165,01.0,08,038,3,2022-10-12
045141,22,285,16,00,92,+24,+38.06049,-109.58123,02.0,05,038,3,2022-10-12
045141,22,285,20,00,78,+15,+38.05130,-109.59053,00.9,08,038,3,2022-10-12
045141,22,285,22,00,44,+13,+38.05126,-109.59059,00.9,09,038,3,2022-10-12
045141,22,286,00,00,82,+13,+38.05227,-109.59072,00.9,07,038,3,2022-10-13
045141,22,286,02,00,42,+10,+38.05226,-109.59066,00.9,07,039,3,2022-10-13
045141,22,286,04,00,42,+09,+38.05217,-109.59061,01.2,08,038,3,2022-10-13
045141,22,286,06,00,16,+10,+38.05225,-109.59060,00.7,11,040,3,2022-10-13
045141,22,286,08,00,80,+16,+38.05224,-109.58595,01.0,09,038,3,2022-10-13
045141,22,286,10,00,94,+25,+38.05252,-109.57891,00.9,08,038,3,2022-10-13
045141,22,286,12,00,30,+34,+38.05219,-109.57909,00.9,09,038,3,2022-10-13
045141,22,286,14,00,58,+32,+38.06465,-109.57585,01.0,07,039,3,2022-10-13
045141,22,286,20,00,60,+14,+38.07403,-109.56339,00.7,11,038,3,2022-10-13
045141,22,286,22,00,62,+12,+38.07471,-109.56298,01.0,08,038,3,2022-10-13
045141,22,287,00,00,64,+11,+38.07458,-109.56285,01.2,08,038,3,2022-10-14
045141,22,287,02,00,42,+08,+38.07473,-109.56314,00.8,09,040,3,2022-10-14
045141,22,287,04,00,56,+10,+38.07516,-109.56378,01.0,09,038,3,2022-10-14
045141,22,287,06,00,46,+08,+38.07424,-109.56442,00.7,11,038,3,2022-10-14
045141,22,287,08,00,88,+17,+38.07420,-109.56359,00.8,10,038,3,2022-10-14
045141,22,287,10,00,80,+27,+38.07352,-109.56383,01.0,08,040,3,2022-10-14
045141,22,287,12,00,56,+30,+38.07401,-109.56360,01.1,08,038,3,2022-10-14
045141,22,287,14,00,48,+29,+38.07410,-109.56513,00.8,10,038,3,2022-10-14
045141,22,287,16,00,56,+27,+38.07444,-109.56391,01.2,07,038,3,2022-10-14
045141,22,287,20,00,34,+18,+38.07466,-109.56400,00.7,11,038,3,2022-10-14
045141,22,287,22,00,38,+11,+38.07473,-109.56394,01.1,08,038,3,2022-10-14
045141,22,288,00,00,68,+12,+38.07614,-109.56513,00.9,09,038,3,2022-10-15
045141,22,288,02,00,42,+09,+38.07579,-109.56552,00.8,09,038,3,2022-10-15
045141,22,288,04,00,20,+13,+38.07572,-109.56554,01.2,09,038,3,2022-10-15
045141,22,288,06,00,32,+10,+38.07577,-109.56558,00.8,10,038,3,2022-10-15
045141,22,288,08,00,86,+17,+38.07422,-109.56333,00.9,09,038,3,2022-10-15
045141,22,288,10,00,72,+25,+38.07428,-109.56331,01.2,07,038,3,2022-10-15
045141,22,288,12,00,58,+25,+38.07405,-109.56345,01.2,06,038,3,2022-10-15
045141,22,288,14,00,62,+28,+38.07453,-109.56375,00.8,10,038,3,2022-10-15
045141,22,288,16,00,58,+27,+38.07407,-109.56349,01.1,09,038,3,2022-10-15
045141,22,288,20,00,44,+15,+38.07453,-109.56367,00.7,11,038,3,2022-10-15
045141,22,288,22,00,44,+13,+38.07466,-109.56396,01.2,06,038,3,2022-10-15
045141,22,289,00,00,34,+15,+38.07470,-109.56388,00.9,08,038,3,2022-10-16
045141,22,289,02,00,36,+11,+38.07493,-109.56405,00.8,09,038,3,2022-10-16
045141,22,289,04,00,26,+13,+38.07502,-109.56398,01.3,07,040,3,2022-10-16
045141,22,289,06,00,44,+11,+38.07464,-109.56462,00.8,10,040,3,2022-10-16
045141,22,289,08,00,84,+13,+38.07473,-109.56321,00.9,08,038,3,2022-10-16
045141,22,289,10,00,70,+24,+38.07423,-109.56409,00.9,09,038,3,2022-10-16
045141,22,289,14,00,62,+26,+38.07386,-109.56391,01.1,07,038,3,2022-10-16
045141,22,289,16,00,64,+21,+38.07481,-109.56421,01.0,08,041,3,2022-10-16
045141,22,289,20,00,58,+17,+38.07450,-109.56507,00.9,09,038,3,2022-10-16
045141,22,289,22,00,56,+12,+38.07455,-109.56600,01.2,07,038,3,2022-10-16
045141,22,290,00,00,64,+13,+38.07512,-109.56604,00.9,09,039,3,2022-10-17
045141,22,290,02,00,66,+09,+38.07598,-109.56539,00.9,08,038,3,2022-10-17
045141,22,290,04,00,42,+11,+38.07609,-109.56543,01.3,07,039,3,2022-10-17
045141,22,290,06,00,42,+08,+38.07571,-109.56539,00.9,08,038,3,2022-10-17
045141,22,290,08,00,92,+16,+38.07423,-109.56459,01.3,06,038,3,2022-10-17
045141,22,290,10,00,90,+23,+38.07439,-109.56413,00.9,08,038,3,2022-10-17
045141,22,290,12,00,64,+25,+38.07456,-109.56453,01.2,09,039,3,2022-10-17
045141,22,290,14,00,44,+24,+38.07456,-109.56405,01.1,07,038,3,2022-10-17
045141,22,290,20,00,66,+13,+38.07434,-109.56501,00.8,09,038,3,2022-10-17
045141,22,290,22,00,40,+13,+38.07466,-109.56577,00.9,09,039,3,2022-10-17
045141,22,291,00,00,52,+09,+38.07464,-109.56581,01.0,08,040,3,2022-10-18
045141,22,291,02,00,32,+10,+38.07467,-109.56571,00.9,08,038,3,2022-10-18
045141,22,291,04,00,34,+10,+38.07460,-109.56626,01.3,07,039,3,2022-10-18
045141,22,291,06,00,54,+08,+38.07359,-109.56539,00.7,11,041,3,2022-10-18
045141,22,291,08,00,60,+16,+38.07315,-109.56377,00.9,09,038,3,2022-10-18
045141,22,291,12,00,94,+25,+38.07333,-109.56378,00.9,10,038,3,2022-10-18
045141,22,291,14,00,96,+25,+38.07520,-109.56344,01.1,07,038,3,2022-10-18
045141,22,291,16,00,58,+24,+38.07359,-109.56224,01.3,07,038,3,2022-10-18
045141,22,291,18,00,86,+16,+38.07346,-109.56385,01.0,08,038,3,2022-10-18
045141,22,291,20,00,66,+16,+38.07447,-109.56394,00.8,09,037,3,2022-10-18
045141,22,291,22,00,46,+11,+38.07447,-109.56394,00.9,09,038,3,2022-10-18
045141,22,292,00,00,46,+11,+38.07453,-109.56396,00.9,09,038,3,2022-10-19
045141,22,292,02,00,50,+07,+38.07535,-109.56504,01.1,08,038,3,2022-10-19
045141,22,292,04,00,32,+08,+38.07548,-109.56520,01.2,07,041,3,2022-10-19
045141,22,292,06,00,20,+10,+38.07544,-109.56528,00.7,11,040,3,2022-10-19
045141,22,292,08,00,54,+17,+38.07323,-109.56466,00.9,09,039,3,2022-10-19
045141,22,292,10,00,62,+25,+38.07398,-109.56439,01.1,07,038,3,2022-10-19
045141,22,292,14,00,68,+25,+38.07490,-109.56350,00.9,08,038,3,2022-10-19
045141,22,292,16,00,92,+25,+38.07373,-109.56262,01.2,07,038,3,2022-10-19
045141,22,292,18,00,92,+15,+38.07453,-109.56299,00.9,09,038,3,2022-10-19
045141,22,292,20,00,74,+14,+38.07499,-109.56402,00.8,09,039,3,2022-10-19
045141,22,292,22,00,40,+10,+38.07502,-109.56423,00.9,09,038,3,2022-10-19
045141,22,293,00,00,54,+11,+38.07512,-109.56414,00.9,08,038,3,2022-10-20
045141,22,293,02,00,36,+12,+38.07503,-109.56419,00.9,09,038,3,2022-10-20
045141,22,293,04,00,48,+07,+38.07501,-109.56413,01.1,08,040,3,2022-10-20
045141,22,293,06,00,44,+08,+38.07533,-109.56436,00.7,11,038,3,2022-10-20
045141,22,293,08,00,82,+15,+38.07418,-109.56362,01.0,07,038,3,2022-10-20
045141,22,293,10,00,40,+35,+38.07458,-109.56413,01.0,08,038,3,2022-10-20
045141,22,293,12,00,46,+24,+38.07465,-109.56465,01.2,09,039,3,2022-10-20
045141,22,293,14,00,76,+28,+38.07439,-109.56367,00.9,09,038,3,2022-10-20
045141,22,293,16,00,82,+29,+38.07359,-109.56360,01.1,07,038,3,2022-10-20
045141,22,293,20,00,36,+14,+38.07480,-109.56322,00.8,09,038,3,2022-10-20
045141,22,293,22,00,54,+12,+38.07455,-109.56375,00.9,09,038,3,2022-10-20
045141,22,294,00,00,64,+09,+38.07570,-109.56499,00.9,09,038,3,2022-10-21
045141,22,294,02,00,44,+09,+38.07563,-109.56501,00.8,10,040,3,2022-10-21
045141,22,294,04,00,34,+12,+38.07567,-109.56495,01.5,07,038,3,2022-10-21
045141,22,294,06,00,26,+10,+38.07570,-109.56499,00.9,08,040,3,2022-10-21
045141,22,294,08,00,76,+15,+38.07367,-109.56468,00.9,08,039,3,2022-10-21
045141,22,294,10,00,80,+29,+38.07408,-109.56466,00.9,07,038,3,2022-10-21
045141,22,294,12,00,72,+26,+38.07330,-109.56419,01.4,07,038,3,2022-10-21
045141,22,294,14,00,40,+27,+38.07329,-109.56354,01.0,06,038,3,2022-10-21
045141,22,294,18,00,88,+18,+38.07516,-109.56497,01.0,06,038,3,2022-10-21
045141,22,294,22,00,52,+16,+38.07527,-109.56536,01.0,08,038,3,2022-10-21
045141,22,295,00,00,34,+17,+38.07527,-109.56527,01.0,07,040,3,2022-10-22
045141,22,295,02,00,40,+15,+38.07523,-109.56532,00.8,10,038,3,2022-10-22
045141,22,295,04,00,44,+15,+38.07522,-109.56528,01.1,08,038,3,2022-10-22
045141,22,295,06,00,38,+16,+38.07443,-109.56297,00.9,08,038,3,2022-10-22
045141,22,295,08,00,72,+18,+38.07361,-109.56378,00.8,10,039,3,2022-10-22
045141,22,295,10,00,92,+23,+38.07477,-109.56404,01.1,07,038,3,2022-10-22
045141,22,295,12,00,56,+25,+38.07343,-109.56356,01.3,08,041,3,2022-10-22
045141,22,295,14,00,40,+26,+38.07326,-109.56341,01.0,07,039,3,2022-10-22
045141,22,295,16,00,80,+24,+38.07433,-109.56333,01.4,06,038,3,2022-10-22
045141,22,295,20,00,90,+20,+38.07968,-109.57032,00.8,09,038,3,2022-10-22
045141,22,295,22,00,50,+18,+38.07963,-109.57012,00.9,09,038,3,2022-10-22
045141,22,296,00,00,84,+10,+38.07737,-109.56940,01.0,07,040,3,2022-10-23
045141,22,296,02,00,56,+12,+38.07813,-109.56713,00.9,08,039,3,2022-10-23
045141,22,296,04,00,34,+04,+38.07823,-109.56713,01.0,09,038,3,2022-10-23
045141,22,296,06,00,48,+04,+38.07827,-109.56714,00.9,09,039,3,2022-10-23
045141,22,296,08,00,66,+04,+38.07472,-109.56359,00.7,11,038,3,2022-10-23
045141,22,296,10,00,50,+10,+38.07399,-109.56695,00.9,09,038,3,2022-10-23
045141,22,296,12,00,52,+03,+38.07342,-109.56365,01.2,08,057,3,2022-10-23
045141,22,296,16,00,92,+05,+38.07434,-109.56363,01.6,06,038,3,2022-10-23
045141,22,296,18,00,96,+04,+38.07483,-109.56398,01.4,06,038,3,2022-10-23
045141,22,296,20,00,44,+07,+38.07476,-109.56375,01.0,08,040,3,2022-10-23
045141,22,297,02,00,36,+03,+38.07538,-109.56713,00.9,09,049,3,2022-10-24
045141,22,297,04,00,32,+07,+38.07545,-109.56713,01.1,08,040,3,2022-10-24
045141,22,297,06,00,34,+04,+38.07540,-109.56713,00.9,09,039,3,2022-10-24
045141,22,297,08,00,66,+08,+38.07476,-109.56421,01.0,08,038,3,2022-10-24
045141,22,297,10,00,94,+09,+38.07777,-109.57248,01.0,08,038,3,2022-10-24
045141,22,297,12,00,44,+09,+38.07550,-109.56533,01.2,09,039,3,2022-10-24
045141,22,297,14,00,28,+14,+38.07504,-109.56427,00.9,08,038,3,2022-10-24
045141,22,297,16,00,44,+14,+38.07450,-109.56253,01.4,06,039,3,2022-10-24
045141,22,297,18,00,94,+07,+38.07626,-109.56505,01.0,08,038,3,2022-10-24
045141,22,297,20,00,38,+06,+38.07586,-109.56509,01.0,07,040,3,2022-10-24
045141,22,297,22,00,52,+06,+38.07596,-109.56510,00.8,10,038,3,2022-10-24
045141,22,298,00,00,40,+09,+38.07589,-109.56508,01.4,06,038,3,2022-10-25
045141,22,298,02,00,40,+02,+38.07590,-109.56504,00.9,09,038,3,2022-10-25
045141,22,298,04,00,38,+02,+38.07584,-109.56507,01.0,09,038,3,2022-10-25
045141,22,298,06,00,30,+04,+38.07584,-109.56501,00.9,10,038,3,2022-10-25
045141,22,298,08,00,94,+08,+38.07387,-109.56453,00.9,09,038,3,2022-10-25
045141,22,298,12,00,42,+14,+38.07321,-109.56345,01.3,08,038,3,2022-10-25
045141,22,298,14,00,70,+18,+38.07334,-109.56401,01.2,07,038,3,2022-10-25
045141,22,298,18,00,84,+12,+38.07340,-109.56372,01.1,08,038,3,2022-10-25
045141,22,298,20,00,32,+12,+38.07376,-109.56539,00.9,09,038,3,2022-10-25
045141,22,298,22,00,40,+10,+38.07425,-109.56593,00.7,11,038,3,2022-10-25
045141,22,299,00,00,56,+13,+38.07462,-109.56635,01.0,07,039,3,2022-10-26
045141,22,299,02,00,24,+15,+38.07426,-109.56627,00.9,09,038,3,2022-10-26
045141,22,299,04,00,50,+09,+38.07471,-109.56642,01.1,08,038,3,2022-10-26
045141,22,299,06,00,36,+07,+38.07470,-109.56636,00.9,09,038,3,2022-10-26
045141,22,299,08,00,78,+10,+38.07425,-109.56436,00.9,10,038,3,2022-10-26
045141,22,299,12,00,40,+17,+38.07319,-109.56352,01.4,06,038,3,2022-10-26
045141,22,299,14,00,34,+20,+38.07334,-109.56341,01.3,06,041,3,2022-10-26
045141,22,299,16,00,36,+19,+38.07336,-109.56433,01.2,06,039,3,2022-10-26
045141,22,299,18,00,90,+13,+38.07394,-109.56485,01.1,07,038,3,2022-10-26
045141,22,299,20,00,36,+13,+38.07350,-109.56457,00.9,09,058,3,2022-10-26
045141,22,299,22,00,42,+09,+38.07477,-109.56574,00.8,10,038,3,2022-10-26
045141,22,300,00,00,24,+06,+38.07432,-109.56518,01.0,07,040,3,2022-10-27
045141,22,300,02,00,36,+06,+38.07453,-109.56562,00.9,09,038,3,2022-10-27
045141,22,300,04,00,32,+05,+38.07443,-109.56558,00.9,09,038,3,2022-10-27
045141,22,300,06,00,26,+07,+38.07352,-109.56448,00.9,10,040,3,2022-10-27
045141,22,300,08,00,80,+04,+38.07436,-109.56368,00.9,09,038,3,2022-10-27
045141,22,300,10,00,44,+06,+38.07456,-109.56569,00.8,09,038,3,2022-10-27
045141,22,300,12,00,28,+14,+38.07413,-109.56356,01.3,07,038,3,2022-10-27
045141,22,300,14,00,24,+14,+38.07362,-109.56508,01.0,06,038,3,2022-10-27
045141,22,300,16,00,32,+11,+38.07345,-109.56308,01.5,06,038,3,2022-10-27
045141,22,300,20,00,40,+08,+38.07423,-109.56594,00.8,10,038,3,2022-10-27
045141,22,300,22,00,26,+04,+38.07423,-109.56589,00.8,10,039,3,2022-10-27
045141,22,301,00,00,30,+03,+38.07426,-109.56591,01.0,07,038,3,2022-10-28
045141,22,301,02,00,20,+05,+38.07424,-109.56593,01.0,09,038,3,2022-10-28
045141,22,301,04,00,30,+03,+38.07424,-109.56593,00.9,10,038,3,2022-10-28
045141,22,301,06,00,28,+02,+38.07427,-109.56575,00.9,09,038,3,2022-10-28
045141,22,301,08,00,64,+08,+38.07365,-109.56448,01.1,07,038,3,2022-10-28
045141,22,301,10,00,38,+17,+38.07493,-109.56387,00.9,10,038,3,2022-10-28
045141,22,301,14,00,24,+18,+38.07346,-109.56394,01.3,06,038,3,2022-10-28
045141,22,301,16,00,30,+17,+38.07542,-109.56528,01.2,07,040,3,2022-10-28
045141,22,301,18,00,88,+08,+38.07349,-109.56424,01.1,07,040,3,2022-10-28
045141,22,301,20,00,40,+08,+38.07435,-109.56494,00.8,10,039,3,2022-10-28
045141,22,301,22,00,26,+07,+38.07435,-109.56578,00.8,10,040,3,2022-10-28
045141,22,302,00,00,32,+04,+38.07440,-109.56583,01.0,07,038,3,2022-10-29
045141,22,302,02,00,28,+03,+38.07439,-109.56573,00.8,10,038,3,2022-10-29
045141,22,302,04,00,36,+04,+38.07442,-109.56574,00.9,10,038,3,2022-10-29
045141,22,302,06,00,26,+03,+38.07447,-109.56509,01.0,07,038,3,2022-10-29
045141,22,302,08,00,78,+08,+38.07373,-109.56465,01.0,08,038,3,2022-10-29
045141,22,302,12,00,42,+14,+38.07289,-109.56427,01.3,07,038,3,2022-10-29
045141,22,302,14,00,02,+17,+38.07303,-109.56428,01.0,07,040,3,2022-10-29
045141,22,302,16,00,28,+10,+38.19726,-109.37593,01.2,06,039,3,2022-10-29
045141,22,302,18,00,88,+07,+39.46529,-110.49232,00.9,08,038,3,2022-10-29
045141,22,302,20,00,82,+07,+40.35078,-111.76993,00.8,10,039,3,2022-10-29
045141,22,302,22,00,76,+04,+41.74116,-111.82859,00.8,10,038,3,2022-10-29
045141,22,303,00,00,00,+03,+41.74113,-111.82862,01.0,07,038,3,2022-10-30
