CollarSerialNumber,Year,Julianday,Hour,Minute,Activity,Temperature,Latitude,Longitude,HDOP,NumSats,FixTime,2D/3D,Date
040098,22,165,00,00,00,+32,+38.07020,-109.56547,00.8,09,038,3,2022-06-14
040098,22,165,02,00,00,+29,+38.07022,-109.56555,00.8,09,039,3,2022-06-14
040098,22,165,04,00,00,+28,+38.07004,-109.56578,01.2,06,038,3,2022-06-14
040098,22,165,06,00,00,+25,+38.07029,-109.56542,01.1,08,038,3,2022-06-14
040098,22,165,08,00,02,+40,+38.07298,-109.56428,00.9,08,038,3,2022-06-14
040098,22,165,10,00,36,+35,+38.07326,-109.56394,01.0,08,038,3,2022-06-14
040098,22,165,12,00,88,+35,+38.07320,-109.56629,01.2,07,038,3,2022-06-14
040098,22,165,14,00,72,+43,+38.07324,-109.56751,00.7,10,038,3,2022-06-14
040098,22,165,16,00,42,+41,+38.07416,-109.56852,01.0,08,040,3,2022-06-14
040098,22,165,18,00,92,+40,+38.07590,-109.56993,01.1,07,038,3,2022-06-14
040098,22,165,20,00,88,+30,+38.07376,-109.56932,00.9,08,038,3,2022-06-14
040098,22,165,22,00,24,+22,+38.07351,-109.56959,01.0,08,038,3,2022-06-14
040098,22,166,00,00,18,+23,+38.07376,-109.56919,01.0,07,038,3,2022-06-15
040098,22,166,02,00,18,+25,+38.07359,-109.56925,00.9,08,044,3,2022-06-15
040098,22,166,04,00,20,+20,+38.07391,-109.56890,00.8,09,039,3,2022-06-15
040098,22,166,06,00,96,+26,+38.05220,-109.58496,01.0,09,038,3,2022-06-15
040098,22,166,12,00,38,+44,+37.97476,-109.61781,01.4,07,049,3,2022-06-15
040098,22,166,14,00,72,+46,+37.97439,-109.61586,01.1,10,038,3,2022-06-15
040098,22,166,18,00,74,+38,+37.97537,-109.61396,00.9,08,038,3,2022-06-15
040098,22,166,20,00,92,+29,+37.97674,-109.61325,01.0,07,038,3,2022-06-15
040098,22,166,22,00,30,+28,+37.97677,-109.61340,01.0,08,040,3,2022-06-15
040098,22,167,00,00,78,+24,+37.97609,-109.61462,01.1,07,038,3,2022-06-16
040098,22,167,04,00,18,+23,+37.97649,-109.61453,01.1,07,038,3,2022-06-16
040098,22,167,06,00,86,+30,+37.94966,-109.63523,01.0,08,038,3,2022-06-16
040098,22,167,08,00,92,+40,+37.93334,-109.66688,00.9,08,038,3,2022-06-16
040098,22,167,12,00,78,+43,+37.86973,-109.70327,01.1,08,053,3,2022-06-16
040098,22,167,14,00,60,+46,+37.86970,-109.70346,00.8,10,038,3,2022-06-16
040098,22,167,16,00,18,+50,+37.86978,-109.70352,01.7,06,038,3,2022-06-16
040098,22,167,18,00,94,+42,+37.87260,-109.70299,01.1,07,038,3,2022-06-16
040098,22,167,22,00,38,+24,+37.86911,-109.70112,00.9,08,038,3,2022-06-16
040098,22,168,00,00,22,+24,+37.86917,-109.70175,01.3,06,038,3,2022-06-17
040098,22,168,02,00,32,+29,+37.86902,-109.70129,00.9,08,040,3,2022-06-17
040098,22,168,04,00,10,+29,+37.86899,-109.70139,00.8,10,038,3,2022-06-17
040098,22,168,06,00,86,+29,+37.87084,-109.70119,01.2,07,038,3,2022-06-17
040098,22,168,08,00,56,+35,+37.87099,-109.70152,00.8,10,038,3,2022-06-17
040098,22,168,10,00,18,+37,+37.87089,-109.70075,01.2,07,038,3,2022-06-17
040098,22,168,12,00,74,+44,+37.87113,-109.70150,01.0,09,040,3,2022-06-17
040098,22,168,14,00,32,+42,+37.86933,-109.70158,00.7,10,038,3,2022-06-17
040098,22,168,16,00,34,+44,+37.86924,-109.70176,01.0,08,038,3,2022-06-17
040098,22,168,18,00,96,+35,+37.86697,-109.70375,01.1,06,039,3,2022-06-17
040098,22,168,22,00,50,+31,+37.86882,-109.70108,01.1,07,038,3,2022-06-17
040098,22,169,00,00,14,+28,+37.86888,-109.70101,01.3,07,039,3,2022-06-18
040098,22,169,02,00,38,+26,+37.86877,-109.70111,00.9,08,038,3,2022-06-18
040098,22,169,04,00,12,+26,+37.86880,-109.70100,00.8,10,038,3,2022-06-18
040098,22,169,08,00,52,+36,+37.86973,-109.70207,01.1,07,038,3,2022-06-18
040098,22,169,12,00,86,+35,+37.87015,-109.70524,01.3,07,038,3,2022-06-18
040098,22,169,14,00,58,+37,+37.86980,-109.70532,00.8,09,040,3,2022-06-18
040098,22,169,16,00,62,+27,+37.87179,-109.70453,01.0,08,038,3,2022-06-18
040098,22,169,18,00,72,+25,+37.87287,-109.70358,01.1,06,038,3,2022-06-18
040098,22,169,22,00,54,+25,+37.86173,-109.70432,00.9,09,038,3,2022-06-18
040098,22,170,02,00,56,+23,+37.86135,-109.70461,01.1,08,041,3,2022-06-19
040098,22,170,04,00,16,+24,+37.86133,-109.70458,00.8,09,039,3,2022-06-19
040098,22,170,06,00,82,+23,+37.86134,-109.70508,01.1,08,038,3,2022-06-19
040098,22,170,08,00,54,+26,+37.86287,-109.70466,00.9,08,038,3,2022-06-19
040098,22,170,14,00,72,+33,+37.87130,-109.70382,01.1,08,038,3,2022-06-19
040098,22,170,18,00,78,+32,+37.86739,-109.70472,01.0,07,038,3,2022-06-19
040098,22,170,22,00,60,+29,+37.85934,-109.70539,01.3,08,038,3,2022-06-19
040098,22,171,00,00,68,+16,+37.85873,-109.70526,01.3,06,038,3,2022-06-20
040098,22,171,04,00,12,+19,+37.85914,-109.70547,01.2,07,038,3,2022-06-20
040098,22,171,06,00,68,+14,+37.85886,-109.70695,01.1,08,038,3,2022-06-20
040098,22,171,12,01,14,+37,+37.86966,-109.70200,01.3,06,055,3,2022-06-20
040098,22,171,20,00,86,+28,+37.85634,-109.73318,01.1,08,038,3,2022-06-20
040098,22,171,22,00,20,+16,+37.85684,-109.73287,00.8,10,039,3,2022-06-20
040098,22,172,00,00,50,+17,+37.85686,-109.73272,01.3,06,040,3,2022-06-21
040098,22,172,02,00,18,+18,+37.85713,-109.73228,00.8,09,040,3,2022-06-21
040098,22,172,04,00,30,+17,+37.85702,-109.73285,00.9,08,038,3,2022-06-21
040098,22,172,06,00,68,+15,+37.85871,-109.73139,01.1,08,038,3,2022-06-21
040098,22,172,08,00,76,+27,+37.85736,-109.72874,00.7,11,038,3,2022-06-21
040098,22,172,12,00,66,+37,+37.84765,-109.74993,01.0,09,038,3,2022-06-21
040098,22,172,14,00,38,+38,+37.84777,-109.74980,01.0,09,038,3,2022-06-21
040098,22,172,16,00,80,+38,+37.85075,-109.74639,00.8,10,038,3,2022-06-21
040098,22,172,18,00,66,+41,+37.85147,-109.74794,00.9,08,038,3,2022-06-21
040098,22,172,20,00,98,+25,+37.85015,-109.74964,01.0,09,038,3,2022-06-21
040098,22,172,22,00,36,+29,+37.85015,-109.74895,00.9,08,038,3,2022-06-21
040098,22,173,00,00,24,+28,+37.85039,-109.74956,01.3,06,038,3,2022-06-22
040098,22,173,02,00,62,+25,+37.85112,-109.74901,00.9,08,038,3,2022-06-22
040098,22,173,04,00,30,+26,+37.85116,-109.74886,01.1,07,057,3,2022-06-22
040098,22,173,06,00,74,+25,+37.85197,-109.75038,01.3,07,038,3,2022-06-22
040098,22,173,12,00,90,+37,+37.85573,-109.74752,01.4,07,038,3,2022-06-22
040098,22,173,14,00,20,+36,+37.85553,-109.74762,00.8,10,038,3,2022-06-22
040098,22,173,16,00,74,+27,+37.85770,-109.74822,00.9,08,040,3,2022-06-22
040098,22,173,18,00,66,+26,+37.85573,-109.74446,00.9,09,038,3,2022-06-22
040098,22,173,20,00,86,+25,+37.85737,-109.74501,01.2,08,039,3,2022-06-22
040098,22,173,22,00,26,+25,+37.85752,-109.74466,00.9,09,040,3,2022-06-22
040098,22,174,00,00,10,+26,+37.85763,-109.74479,01.1,08,040,3,2022-06-23
040098,22,174,02,00,62,+25,+37.85690,-109.74488,01.2,07,041,3,2022-06-23
040098,22,174,04,00,10,+25,+37.85746,-109.74465,00.9,08,040,3,2022-06-23
040098,22,174,06,00,86,+23,+37.85690,-109.74723,01.1,08,038,3,2022-06-23
040098,22,174,08,00,52,+30,+37.85783,-109.74987,00.8,09,042,3,2022-06-23
040098,22,174,10,00,12,+36,+37.85761,-109.75042,01.1,09,041,3,2022-06-23
040098,22,174,14,00,28,+34,+37.85148,-109.74440,00.7,11,038,3,2022-06-23
040098,22,174,16,00,70,+38,+37.85397,-109.74762,00.8,09,038,3,2022-06-23
040098,22,174,18,00,70,+31,+37.86118,-109.74911,01.0,08,038,3,2022-06-23
040098,22,174,20,00,88,+27,+37.86339,-109.74901,01.4,07,038,3,2022-06-23
040098,22,174,22,00,44,+21,+37.86246,-109.74994,00.8,10,038,3,2022-06-23
040098,22,175,00,00,54,+21,+37.86233,-109.75008,01.1,08,038,3,2022-06-24
040098,22,175,04,00,18,+20,+37.86301,-109.75032,00.9,08,038,3,2022-06-24
040098,22,175,06,00,56,+21,+37.86437,-109.75160,01.1,08,038,3,2022-06-24
040098,22,175,08,00,54,+34,+37.86733,-109.75073,00.8,10,040,3,2022-06-24
040098,22,175,12,00,54,+32,+37.86163,-109.75046,01.0,09,038,3,2022-06-24
040098,22,175,14,00,30,+40,+37.86131,-109.75113,00.9,09,039,3,2022-06-24
040098,22,175,16,00,54,+37,+37.86144,-109.75174,00.8,09,038,3,2022-06-24
040098,22,175,18,00,80,+37,+37.86245,-109.75071,01.1,07,038,3,2022-06-24
040098,22,175,22,00,58,+23,+37.86243,-109.75151,00.9,09,038,3,2022-06-24
040098,22,176,00,00,08,+23,+37.86238,-109.75160,01.0,08,040,3,2022-06-25
040098,22,176,02,00,18,+24,+37.86251,-109.75168,01.2,07,039,3,2022-06-25
040098,22,176,04,00,06,+25,+37.86251,-109.75178,00.8,09,038,3,2022-06-25
040098,22,176,06,00,88,+29,+37.86748,-109.75109,01.2,07,039,3,2022-06-25
040098,22,176,08,00,94,+33,+37.86315,-109.76179,01.0,08,038,3,2022-06-25
040098,22,176,10,00,40,+35,+37.86272,-109.76213,00.8,10,038,3,2022-06-25
040098,22,176,12,00,64,+28,+37.86401,-109.76021,01.0,09,038,3,2022-06-25
040098,22,176,14,00,62,+37,+37.86215,-109.76181,00.9,09,040,3,2022-06-25
040098,22,176,16,00,18,+37,+37.86233,-109.76197,00.8,09,038,3,2022-06-25
040098,22,176,18,00,98,+33,+37.86489,-109.76015,01.0,08,038,3,2022-06-25
040098,22,176,20,00,92,+30,+37.86581,-109.75608,01.0,09,040,3,2022-06-25
040098,22,176,22,00,58,+25,+37.86465,-109.75174,00.9,09,040,3,2022-06-25
040098,22,177,00,00,34,+27,+37.86341,-109.75148,01.0,07,038,3,2022-06-26
040098,22,177,02,00,14,+26,+37.86347,-109.75149,00.8,09,040,3,2022-06-26
040098,22,177,04,00,14,+25,+37.86346,-109.75153,00.8,09,038,3,2022-06-26
040098,22,177,06,00,58,+25,+37.86251,-109.74956,01.1,08,038,3,2022-06-26
040098,22,177,10,00,24,+30,+37.86302,-109.74794,01.0,08,038,3,2022-06-26
040098,22,177,12,00,66,+27,+37.86268,-109.74896,01.1,08,038,3,2022-06-26
040098,22,177,16,00,56,+33,+37.86390,-109.74878,00.9,08,038,3,2022-06-26
040098,22,177,18,00,66,+32,+37.86165,-109.75176,00.9,08,038,3,2022-06-26
040098,22,177,20,00,94,+23,+37.86431,-109.74880,01.4,08,038,3,2022-06-26
040098,22,177,22,00,44,+22,+37.86377,-109.74932,00.8,09,038,3,2022-06-26
040098,22,178,00,00,14,+20,+37.86325,-109.74873,01.1,08,038,3,2022-06-27
040098,22,178,02,00,38,+23,+37.86456,-109.75019,01.1,07,038,3,2022-06-27
040098,22,178,04,00,12,+20,+37.86464,-109.75006,00.8,10,040,3,2022-06-27
040098,22,178,06,00,70,+24,+37.87008,-109.74954,01.0,09,038,3,2022-06-27
040098,22,178,12,00,66,+38,+37.86461,-109.74913,01.1,08,038,3,2022-06-27
040098,22,178,14,00,30,+41,+37.86392,-109.74907,00.7,11,038,3,2022-06-27
040098,22,178,16,00,10,+38,+37.86392,-109.74907,00.8,09,038,3,2022-06-27
040098,22,178,18,00,96,+39,+37.86774,-109.75302,00.9,08,038,3,2022-06-27
040098,22,178,22,00,54,+24,+37.87205,-109.75206,00.8,08,038,3,2022-06-27
040098,22,179,00,00,30,+27,+37.87232,-109.75241,01.0,08,038,3,2022-06-28
040098,22,179,02,00,32,+25,+37.87208,-109.75228,00.9,09,038,3,2022-06-28
040098,22,179,04,00,42,+26,+37.87233,-109.75252,00.9,09,039,3,2022-06-28
040098,22,179,06,00,62,+25,+37.87426,-109.75106,01.0,09,038,3,2022-06-28
040098,22,179,08,00,64,+30,+37.87317,-109.75145,00.8,09,040,3,2022-06-28
040098,22,179,10,00,26,+40,+37.87321,-109.75193,00.9,10,038,3,2022-06-28
040098,22,179,12,00,62,+34,+37.87445,-109.75392,01.4,06,038,3,2022-06-28
040098,22,179,14,00,34,+44,+37.87559,-109.75372,00.9,08,038,3,2022-06-28
040098,22,179,18,00,82,+33,+37.87315,-109.75673,00.9,07,038,3,2022-06-28
040098,22,179,22,00,28,+30,+37.87153,-109.75178,00.8,09,038,3,2022-06-28
040098,22,180,00,00,36,+26,+37.87193,-109.75283,01.6,06,038,3,2022-06-29
040098,22,180,02,00,38,+30,+37.87216,-109.75270,00.9,08,038,3,2022-06-29
040098,22,180,04,00,12,+29,+37.87209,-109.75277,00.9,09,040,3,2022-06-29
040098,22,180,06,00,92,+25,+37.87326,-109.75626,01.1,08,038,3,2022-06-29
040098,22,180,10,00,42,+35,+37.86096,-109.74859,01.3,06,038,3,2022-06-29
040098,22,180,14,00,26,+39,+37.86346,-109.74864,00.9,09,038,3,2022-06-29
040098,22,180,16,00,10,+43,+37.86353,-109.74872,01.0,07,040,3,2022-06-29
040098,22,180,18,00,88,+39,+37.86325,-109.75035,01.2,06,038,3,2022-06-29
040098,22,180,22,00,54,+28,+37.86244,-109.75162,00.9,08,038,3,2022-06-29
040098,22,181,00,00,34,+26,+37.86207,-109.75160,01.3,06,038,3,2022-06-30
040098,22,181,02,00,16,+31,+37.86236,-109.75159,01.0,07,040,3,2022-06-30
040098,22,181,04,00,08,+28,+37.86240,-109.75186,01.0,08,040,3,2022-06-30
040098,22,181,10,00,72,+32,+37.86849,-109.75971,01.2,09,039,3,2022-06-30
040098,22,181,14,00,86,+35,+37.86233,-109.75851,00.8,10,038,3,2022-06-30
040098,22,181,16,00,34,+39,+37.86174,-109.75852,01.1,07,038,3,2022-06-30
040098,22,181,18,00,74,+33,+37.86238,-109.75868,01.1,07,038,3,2022-06-30
040098,22,181,20,00,86,+28,+37.86676,-109.75994,01.3,07,038,3,2022-06-30
040098,22,181,22,00,68,+29,+37.86775,-109.75765,00.9,09,038,3,2022-06-30
040098,22,182,02,00,36,+27,+37.86806,-109.75839,01.1,07,038,3,2022-07-01
040098,22,182,04,00,12,+30,+37.86802,-109.75832,01.0,08,039,3,2022-07-01
040098,22,182,06,00,70,+26,+37.87109,-109.75473,01.0,09,038,3,2022-07-01
040098,22,182,08,00,90,+33,+37.86483,-109.74854,00.8,09,038,3,2022-07-01
040098,22,182,14,00,74,+29,+37.86344,-109.74850,00.9,08,038,3,2022-07-01
040098,22,182,16,00,20,+44,+37.86352,-109.74874,00.8,09,040,3,2022-07-01
040098,22,182,18,00,80,+32,+37.86950,-109.75008,00.8,09,038,3,2022-07-01
040098,22,182,20,00,94,+25,+37.87378,-109.74722,01.3,07,038,3,2022-07-01
040098,22,183,00,00,12,+25,+37.87451,-109.74849,01.5,05,038,3,2022-07-02
040098,22,183,02,00,44,+25,+37.87397,-109.74745,01.1,06,038,3,2022-07-02
040098,22,183,04,00,12,+28,+37.87403,-109.74765,01.2,07,040,3,2022-07-02
040098,22,183,06,00,60,+26,+37.87443,-109.75105,01.1,07,038,3,2022-07-02
040098,22,183,08,00,48,+36,+37.87578,-109.75368,00.8,09,040,3,2022-07-02
040098,22,183,10,00,30,+37,+37.87781,-109.75163,00.9,09,038,3,2022-07-02
040098,22,183,12,00,80,+30,+37.87897,-109.74602,02.4,04,038,3,2022-07-02
040098,22,183,14,00,56,+36,+37.87947,-109.74981,00.9,08,038,3,2022-07-02
040098,22,183,18,00,54,+39,+37.87722,-109.75140,00.9,07,038,3,2022-07-02
040098,22,183,22,00,62,+27,+37.87939,-109.74812,01.0,07,038,3,2022-07-02
040098,22,184,00,00,34,+26,+37.87950,-109.74859,01.2,05,038,3,2022-07-03
040098,22,184,02,00,24,+27,+37.87933,-109.74845,00.9,07,040,3,2022-07-03
040098,22,184,06,00,74,+24,+37.87980,-109.75080,01.0,09,038,3,2022-07-03
040098,22,184,08,00,48,+32,+37.87942,-109.75102,00.9,09,038,3,2022-07-03
040098,22,184,10,00,54,+36,+37.87609,-109.75420,01.2,08,038,3,2022-07-03
040098,22,184,12,00,62,+40,+37.87785,-109.75086,00.9,08,038,3,2022-07-03
040098,22,184,14,00,52,+36,+37.87887,-109.75189,00.8,09,039,3,2022-07-03
040098,22,184,16,00,40,+35,+37.87956,-109.75294,01.4,06,038,3,2022-07-03
040098,22,184,18,00,86,+35,+37.88189,-109.75154,00.9,08,038,3,2022-07-03
040098,22,184,22,00,24,+26,+37.87940,-109.75010,00.9,08,038,3,2022-07-03
040098,22,185,00,00,36,+24,+37.87936,-109.74966,01.2,06,038,3,2022-07-04
040098,22,185,02,00,22,+25,+37.87932,-109.75002,01.0,07,039,3,2022-07-04
040098,22,185,04,00,12,+24,+37.87929,-109.75000,00.9,09,040,3,2022-07-04
040098,22,185,06,00,64,+25,+37.87713,-109.75166,01.0,09,038,3,2022-07-04
040098,22,185,08,00,72,+33,+37.87447,-109.75383,01.1,07,038,3,2022-07-04
040098,22,185,12,00,84,+37,+37.87383,-109.75315,00.9,09,038,3,2022-07-04
040098,22,185,14,00,22,+41,+37.87478,-109.75364,01.1,08,038,3,2022-07-04
040098,22,185,18,00,76,+34,+37.87344,-109.75106,00.9,08,038,3,2022-07-04
040098,22,185,20,00,90,+29,+37.87310,-109.75289,01.0,07,038,3,2022-07-04
040098,22,185,22,00,28,+28,+37.87384,-109.75252,00.8,10,038,3,2022-07-04
040098,22,186,00,00,22,+28,+37.87418,-109.75120,01.0,06,038,3,2022-07-05
040098,22,186,02,00,16,+27,+37.87414,-109.75121,00.9,08,040,3,2022-07-05
040098,22,186,04,00,08,+25,+37.87420,-109.75128,00.9,09,040,3,2022-07-05
040098,22,186,06,00,80,+24,+37.87265,-109.74831,00.8,10,038,3,2022-07-05
040098,22,186,08,00,70,+31,+37.87409,-109.74765,01.1,08,039,3,2022-07-05
040098,22,186,10,00,36,+33,+37.87310,-109.74762,01.0,09,038,3,2022-07-05
040098,22,186,14,00,76,+36,+37.87213,-109.74953,01.0,08,038,3,2022-07-05
040098,22,186,16,00,28,+34,+37.87080,-109.75090,01.1,07,039,3,2022-07-05
040098,22,186,18,00,88,+30,+37.87312,-109.75178,00.8,09,038,3,2022-07-05
040098,22,186,22,01,54,+28,+37.88193,-109.74925,00.8,10,059,3,2022-07-05
040098,22,187,00,00,56,+27,+37.88153,-109.74926,01.0,07,040,3,2022-07-06
040098,22,187,02,00,12,+29,+37.88136,-109.74916,00.8,09,038,3,2022-07-06
040098,22,187,04,00,46,+25,+37.88160,-109.74939,00.9,09,040,3,2022-07-06
040098,22,187,06,00,72,+25,+37.88166,-109.74697,01.0,08,038,3,2022-07-06
040098,22,187,08,00,58,+33,+37.88360,-109.74697,00.9,09,038,3,2022-07-06
040098,22,187,12,00,42,+21,+37.88270,-109.74411,00.9,08,038,3,2022-07-06
040098,22,187,18,00,88,+32,+37.87778,-109.74607,00.8,09,038,3,2022-07-06
040098,22,187,20,00,86,+25,+37.87985,-109.74441,01.4,08,041,3,2022-07-06
040098,22,187,22,00,44,+26,+37.87933,-109.74596,01.0,07,039,3,2022-07-06
040098,22,188,00,00,16,+25,+37.87919,-109.74582,01.0,07,038,3,2022-07-07
040098,22,188,04,00,10,+23,+37.87919,-109.74598,00.9,09,038,3,2022-07-07
040098,22,188,08,00,76,+33,+37.88315,-109.74819,01.0,08,038,3,2022-07-07
040098,22,188,10,00,12,+36,+37.88312,-109.74811,01.0,09,038,3,2022-07-07
040098,22,188,12,00,58,+40,+37.87666,-109.75336,01.4,07,038,3,2022-07-07
040098,22,188,14,00,66,+42,+37.88244,-109.74952,01.3,06,060,2,2022-07-07
040098,22,188,18,00,94,+38,+37.88824,-109.75659,00.8,08,038,3,2022-07-07
040098,22,188,20,00,94,+28,+37.88537,-109.75364,01.0,07,038,3,2022-07-07
040098,22,188,22,00,52,+27,+37.87959,-109.74880,00.9,08,038,3,2022-07-07
040098,22,189,00,00,22,+25,+37.87989,-109.74886,01.3,06,039,3,2022-07-08
040098,22,189,02,00,12,+25,+37.87983,-109.74884,00.8,08,038,3,2022-07-08
040098,22,189,04,00,28,+24,+37.87985,-109.74901,01.2,06,058,3,2022-07-08
040098,22,189,06,00,64,+25,+37.87950,-109.74530,01.2,07,038,3,2022-07-08
040098,22,189,08,00,82,+36,+37.87765,-109.74455,01.0,09,038,3,2022-07-08
040098,22,189,10,00,62,+41,+37.87575,-109.75354,01.0,09,040,3,2022-07-08
040098,22,189,12,00,20,+41,+37.87610,-109.75380,01.5,07,040,3,2022-07-08
040098,22,189,14,00,60,+44,+37.87585,-109.75205,01.3,05,052,3,2022-07-08
040098,22,189,20,00,98,+26,+37.87087,-109.75212,00.9,08,038,3,2022-07-08
040098,22,189,22,00,48,+26,+37.87176,-109.75201,00.9,08,038,3,2022-07-08
040098,22,190,00,00,36,+25,+37.87162,-109.75244,01.0,07,038,3,2022-07-09
040098,22,190,04,00,08,+30,+37.87165,-109.75212,01.0,08,038,3,2022-07-09
040098,22,190,06,00,66,+30,+37.86993,-109.75294,00.9,08,038,3,2022-07-09
040098,22,190,08,00,80,+34,+37.86705,-109.75481,00.8,10,038,3,2022-07-09
040098,22,190,10,00,24,+40,+37.86721,-109.75491,01.0,10,039,3,2022-07-09
040098,22,190,12,00,60,+42,+37.86390,-109.74953,00.9,08,038,3,2022-07-09
040098,22,190,16,00,36,+42,+37.86260,-109.75000,01.3,05,038,3,2022-07-09
040098,22,190,20,00,92,+31,+37.86676,-109.75159,00.8,10,038,3,2022-07-09
040098,22,190,22,00,78,+30,+37.86980,-109.75199,00.9,08,039,3,2022-07-09
040098,22,191,00,00,10,+30,+37.86987,-109.75201,01.0,07,038,3,2022-07-10
040098,22,191,02,00,72,+27,+37.86980,-109.75199,00.9,07,039,3,2022-07-10
040098,22,191,04,00,12,+30,+37.86980,-109.75191,01.0,08,040,3,2022-07-10
040098,22,191,06,00,54,+27,+37.87139,-109.75445,01.2,07,038,3,2022-07-10
040098,22,191,08,00,42,+35,+37.87118,-109.75406,00.9,09,038,3,2022-07-10
040098,22,191,12,00,54,+43,+37.86403,-109.74880,00.8,10,038,3,2022-07-10
040098,22,191,20,00,92,+29,+37.87084,-109.75017,01.0,08,038,3,2022-07-10
040098,22,191,22,00,48,+26,+37.87581,-109.75334,01.2,07,038,3,2022-07-10
040098,22,192,00,00,72,+27,+37.87873,-109.75233,01.0,07,038,3,2022-07-11
040098,22,192,02,00,24,+30,+37.87870,-109.75229,01.1,06,038,3,2022-07-11
040098,22,192,04,00,14,+31,+37.87881,-109.75243,01.5,07,040,3,2022-07-11
040098,22,192,06,00,72,+29,+37.88038,-109.75235,01.0,07,038,3,2022-07-11
040098,22,192,08,00,72,+34,+37.88198,-109.74960,00.9,09,038,3,2022-07-11
040098,22,192,10,00,10,+41,+37.88190,-109.74934,01.0,09,038,3,2022-07-11
040098,22,192,12,00,54,+48,+37.88169,-109.74926,00.8,10,038,3,2022-07-11
040098,22,192,16,00,14,+46,+37.87601,-109.75374,01.1,07,038,3,2022-07-11
040098,22,192,18,00,58,+37,+37.87750,-109.75399,00.9,08,038,3,2022-07-11
040098,22,192,20,00,88,+30,+37.87877,-109.74968,00.8,10,038,3,2022-07-11
040098,22,192,22,00,66,+30,+37.88206,-109.74777,00.8,09,039,3,2022-07-11
040098,22,193,00,00,12,+31,+37.88210,-109.74771,01.0,07,038,3,2022-07-12
040098,22,193,02,00,50,+30,+37.88159,-109.74629,01.0,06,038,3,2022-07-12
040098,22,193,04,00,12,+29,+37.88169,-109.74694,01.3,07,039,3,2022-07-12
040098,22,193,06,00,64,+28,+37.88346,-109.74739,00.9,08,038,3,2022-07-12
040098,22,193,08,00,88,+37,+37.87598,-109.75364,00.9,09,039,3,2022-07-12
040098,22,193,12,00,10,+38,+37.86743,-109.74687,01.0,09,038,3,2022-07-12
040098,22,193,18,01,96,+33,+37.87612,-109.75368,00.9,08,055,3,2022-07-12
040098,22,193,20,00,86,+30,+37.87201,-109.75166,00.8,10,039,3,2022-07-12
040098,22,193,22,00,40,+30,+37.87317,-109.75128,00.8,09,040,3,2022-07-12
040098,22,194,00,00,64,+28,+37.87306,-109.75176,01.5,06,040,3,2022-07-13
040098,22,194,02,00,34,+28,+37.87179,-109.75147,00.9,07,039,3,2022-07-13
040098,22,194,04,00,08,+28,+37.87174,-109.75145,01.3,07,040,3,2022-07-13
040098,22,194,06,00,70,+26,+37.87467,-109.75303,01.0,07,038,3,2022-07-13
040098,22,194,08,00,84,+31,+37.87351,-109.74617,01.1,07,040,3,2022-07-13
040098,22,194,10,00,18,+33,+37.87399,-109.74743,01.3,07,040,3,2022-07-13
040098,22,194,12,00,60,+44,+37.87552,-109.75317,00.9,10,038,3,2022-07-13
040098,22,194,14,00,82,+43,+37.87897,-109.75238,01.0,07,038,3,2022-07-13
040098,22,194,16,00,36,+40,+37.87918,-109.75312,01.1,07,038,3,2022-07-13
040098,22,194,18,00,70,+35,+37.88117,-109.75145,00.8,09,038,3,2022-07-13
040098,22,194,20,00,94,+29,+37.88023,-109.74859,00.9,09,038,3,2022-07-13
040098,22,194,22,00,42,+29,+37.88145,-109.74905,00.8,09,039,3,2022-07-13
040098,22,195,00,00,16,+31,+37.88175,-109.74880,01.1,07,058,3,2022-07-14
040098,22,195,02,00,64,+30,+37.88330,-109.74827,00.9,08,038,3,2022-07-14
040098,22,195,04,00,10,+33,+37.88307,-109.74830,01.0,08,039,3,2022-07-14
040098,22,195,08,00,72,+32,+37.88361,-109.75200,00.8,09,038,3,2022-07-14
040098,22,195,10,00,52,+41,+37.88120,-109.74594,01.4,07,038,3,2022-07-14
040098,22,195,14,00,52,+41,+37.88164,-109.74466,01.0,08,038,3,2022-07-14
040098,22,195,16,00,70,+36,+37.87996,-109.75117,01.1,07,038,3,2022-07-14
040098,22,195,22,00,30,+30,+37.88175,-109.74932,01.3,07,038,3,2022-07-14
040098,22,196,00,00,50,+28,+37.88086,-109.74919,01.2,06,038,3,2022-07-15
040098,22,196,04,00,12,+30,+37.87889,-109.74905,01.1,08,038,3,2022-07-15
040098,22,196,06,00,56,+28,+37.87968,-109.74690,00.9,09,038,3,2022-07-15
040098,22,196,10,00,28,+40,+37.87769,-109.75229,01.0,09,038,3,2022-07-15
040098,22,196,12,00,72,+37,+37.87678,-109.75254,01.0,09,040,3,2022-07-15
040098,22,196,14,00,40,+44,+37.87833,-109.75155,00.9,09,039,3,2022-07-15
040098,22,196,16,00,38,+40,+37.87940,-109.75067,01.1,07,038,3,2022-07-15
040098,22,196,18,00,56,+36,+37.88070,-109.75040,00.9,08,039,3,2022-07-15
040098,22,196,20,00,92,+30,+37.88292,-109.74693,01.2,08,042,3,2022-07-15
040098,22,196,22,00,40,+31,+37.88254,-109.74560,00.8,09,040,3,2022-07-15
040098,22,197,02,00,64,+28,+37.87764,-109.74971,01.1,06,038,3,2022-07-16
040098,22,197,04,00,08,+30,+37.87768,-109.74979,01.1,07,038,3,2022-07-16
040098,22,197,06,00,48,+26,+37.87877,-109.74926,00.8,11,038,3,2022-07-16
040098,22,197,08,00,58,+33,+37.87918,-109.74626,00.9,09,041,3,2022-07-16
040098,22,197,10,00,24,+37,+37.87939,-109.74655,01.1,08,038,3,2022-07-16
040098,22,197,12,00,90,+42,+37.87961,-109.74981,00.7,11,038,3,2022-07-16
040098,22,197,14,00,56,+46,+37.87647,-109.75369,00.9,08,038,3,2022-07-16
040098,22,197,16,00,44,+42,+37.87635,-109.75382,01.3,06,038,3,2022-07-16
040098,22,197,18,00,72,+42,+37.88001,-109.74861,01.1,06,038,3,2022-07-16
040098,22,197,20,00,90,+30,+37.88230,-109.74853,00.9,09,038,3,2022-07-16
040098,22,197,22,00,56,+29,+37.88216,-109.74981,01.0,07,038,3,2022-07-16
040098,22,198,00,00,24,+28,+37.88204,-109.74906,01.0,07,040,3,2022-07-17
040098,22,198,02,00,08,+30,+37.88208,-109.74899,01.0,07,039,3,2022-07-17
040098,22,198,04,00,60,+26,+37.88215,-109.74913,01.1,08,040,3,2022-07-17
040098,22,198,06,00,46,+28,+37.88415,-109.74817,00.8,10,038,3,2022-07-17
040098,22,198,08,00,72,+37,+37.88357,-109.74682,00.9,09,039,3,2022-07-17
040098,22,198,10,00,12,+43,+37.88339,-109.74682,01.0,09,040,3,2022-07-17
040098,22,198,12,00,86,+45,+37.87706,-109.75235,00.7,10,038,3,2022-07-17
040098,22,198,14,00,86,+40,+37.87977,-109.74800,00.9,08,038,3,2022-07-17
040098,22,198,16,00,20,+40,+37.87984,-109.74793,01.1,07,041,3,2022-07-17
040098,22,198,18,00,66,+40,+37.87881,-109.75008,00.9,08,038,3,2022-07-17
040098,22,198,20,00,90,+34,+37.88038,-109.74939,00.7,11,038,3,2022-07-17
040098,22,198,22,00,60,+33,+37.88031,-109.74985,01.5,06,038,3,2022-07-17
040098,22,199,00,00,18,+31,+37.88037,-109.75040,01.2,08,040,3,2022-07-18
040098,22,199,02,00,34,+30,+37.88140,-109.75079,00.8,09,038,3,2022-07-18
040098,22,199,04,00,50,+27,+37.88083,-109.74998,01.1,08,038,3,2022-07-18
040098,22,199,06,00,52,+30,+37.88200,-109.75025,00.7,10,038,3,2022-07-18
040098,22,199,10,00,56,+39,+37.87963,-109.74539,01.1,08,038,3,2022-07-18
040098,22,199,12,00,36,+45,+37.87607,-109.75383,00.8,10,038,3,2022-07-18
040098,22,199,14,00,78,+47,+37.87710,-109.75468,01.1,08,040,3,2022-07-18
040098,22,199,16,00,78,+42,+37.87993,-109.75273,01.5,05,039,3,2022-07-18
040098,22,199,18,00,40,+37,+37.88041,-109.75299,00.9,07,038,3,2022-07-18
040098,22,199,20,00,90,+32,+37.88186,-109.75027,00.9,07,038,3,2022-07-18
040098,22,199,22,00,64,+28,+37.88208,-109.74887,01.3,08,038,3,2022-07-18
040098,22,200,02,00,76,+28,+37.88221,-109.74817,00.8,09,039,3,2022-07-19
040098,22,200,04,00,08,+25,+37.88248,-109.74878,01.1,08,038,3,2022-07-19
040098,22,200,06,00,64,+27,+37.88483,-109.74732,01.0,09,038,3,2022-07-19
040098,22,200,08,00,42,+36,+37.88427,-109.74644,00.9,09,041,3,2022-07-19
040098,22,200,12,00,84,+40,+37.88209,-109.74611,00.9,07,038,3,2022-07-19
040098,22,200,14,00,64,+44,+37.88357,-109.74491,00.9,07,038,3,2022-07-19
040098,22,200,16,00,14,+41,+37.88317,-109.74494,01.2,06,038,3,2022-07-19
040098,22,200,18,00,90,+39,+37.88162,-109.74525,01.3,07,038,3,2022-07-19
040098,22,200,20,00,96,+31,+37.87802,-109.74868,01.1,06,038,3,2022-07-19
040098,22,200,22,00,48,+33,+37.87919,-109.75012,01.0,08,038,3,2022-07-19
040098,22,201,00,00,08,+33,+37.87926,-109.75008,00.9,08,039,3,2022-07-20
040098,22,201,02,00,46,+31,+37.87919,-109.74994,00.8,09,038,3,2022-07-20
040098,22,201,04,00,08,+32,+37.87918,-109.75000,01.1,07,040,3,2022-07-20
040098,22,201,06,00,50,+25,+37.88024,-109.74880,00.7,11,038,3,2022-07-20
040098,22,201,12,00,52,+42,+37.88050,-109.74880,00.8,10,038,3,2022-07-20
040098,22,201,14,00,76,+45,+37.88121,-109.74942,00.9,09,038,3,2022-07-20
040098,22,201,16,00,20,+42,+37.88031,-109.74939,01.2,06,038,3,2022-07-20
040098,22,201,18,00,84,+40,+37.88129,-109.74941,01.3,07,038,3,2022-07-20
040098,22,201,20,00,90,+43,+37.88006,-109.74966,01.0,07,038,3,2022-07-20
040098,22,201,22,00,36,+33,+37.88038,-109.74874,01.2,07,038,3,2022-07-20
040098,22,202,00,00,14,+31,+37.88068,-109.74859,01.9,07,038,3,2022-07-21
040098,22,202,02,00,54,+28,+37.88130,-109.74907,00.8,08,038,3,2022-07-21
040098,22,202,04,00,06,+31,+37.88125,-109.74911,01.1,08,038,3,2022-07-21
040098,22,202,06,00,48,+33,+37.88345,-109.74621,00.9,09,038,3,2022-07-21
040098,22,202,10,00,64,+37,+37.87706,-109.74526,03.7,04,038,3,2022-07-21
040098,22,202,14,00,48,+40,+37.87939,-109.74651,02.9,04,038,3,2022-07-21
040098,22,202,16,00,34,+47,+37.88001,-109.74741,01.8,04,050,3,2022-07-21
040098,22,203,00,00,48,+31,+37.88390,-109.74732,01.1,06,038,3,2022-07-22
040098,22,203,02,00,32,+36,+37.88371,-109.74737,00.8,08,039,3,2022-07-22
040098,22,203,04,00,08,+33,+37.88383,-109.74741,01.2,06,038,3,2022-07-22
040098,22,203,06,00,52,+27,+37.88491,-109.74449,00.9,08,038,3,2022-07-22
040098,22,203,10,00,10,+40,+37.87750,-109.74708,01.2,07,039,3,2022-07-22
040098,22,203,12,00,48,+41,+37.87767,-109.74816,00.7,09,038,3,2022-07-22
040098,22,203,14,00,74,+42,+37.87584,-109.75372,00.8,08,038,3,2022-07-22
040098,22,203,16,00,70,+41,+37.87187,-109.75243,01.0,06,039,3,2022-07-22
040098,22,203,18,00,72,+38,+37.86872,-109.75212,01.2,06,038,3,2022-07-22
040098,22,203,20,00,96,+32,+37.86722,-109.74971,01.1,07,038,3,2022-07-22
040098,22,204,00,00,20,+30,+37.86744,-109.74915,01.2,06,038,3,2022-07-23
040098,22,204,02,00,16,+32,+37.86748,-109.74880,00.9,08,038,3,2022-07-23
040098,22,204,04,00,40,+34,+37.86679,-109.74933,01.1,07,038,3,2022-07-23
040098,22,204,06,00,56,+30,+37.86703,-109.75172,00.7,10,038,3,2022-07-23
040098,22,204,10,00,50,+42,+37.86247,-109.74934,01.2,07,038,3,2022-07-23
040098,22,204,12,00,68,+38,+37.86154,-109.75111,00.8,09,038,3,2022-07-23
040098,22,204,14,00,56,+43,+37.86168,-109.75201,00.8,08,057,3,2022-07-23
040098,22,204,16,00,60,+38,+37.86193,-109.75121,01.0,07,038,3,2022-07-23
040098,22,204,18,00,86,+37,+37.86498,-109.74909,01.1,07,038,3,2022-07-23
040098,22,204,20,00,94,+33,+37.87034,-109.75399,00.9,07,038,3,2022-07-23
040098,22,204,22,00,54,+31,+37.87122,-109.75379,01.1,07,038,3,2022-07-23
040098,22,205,00,00,18,+30,+37.87111,-109.75376,01.2,07,040,3,2022-07-24
040098,22,205,02,00,42,+29,+37.87080,-109.75342,00.9,09,038,3,2022-07-24
040098,22,205,04,00,14,+31,+37.87060,-109.75323,00.9,09,038,3,2022-07-24
040098,22,205,10,00,28,+35,+37.86286,-109.74806,01.3,06,038,3,2022-07-24
040098,22,205,12,00,46,+35,+37.86251,-109.75032,00.7,11,038,3,2022-07-24
040098,22,205,16,00,68,+26,+37.86923,-109.75040,01.0,07,039,3,2022-07-24
040098,22,205,18,00,88,+30,+37.87176,-109.74941,01.9,06,038,3,2022-07-24
040098,22,205,20,00,82,+25,+37.86972,-109.74999,01.1,06,038,3,2022-07-24
040098,22,206,00,00,22,+29,+37.87406,-109.74957,00.9,08,038,3,2022-07-25
040098,22,206,02,00,12,+29,+37.87389,-109.74926,01.0,08,038,3,2022-07-25
040098,22,206,04,00,56,+27,+37.87413,-109.74972,00.9,09,039,3,2022-07-25
040098,22,206,12,00,24,+30,+37.85800,-109.73693,00.8,10,046,3,2022-07-25
040098,22,206,14,00,72,+27,+37.85910,-109.74127,00.9,08,038,3,2022-07-25
040098,22,206,16,00,96,+31,+37.86755,-109.75126,01.5,06,038,3,2022-07-25
040098,22,206,22,00,50,+28,+37.86973,-109.75212,01.0,08,038,3,2022-07-25
040098,22,207,00,00,22,+26,+37.86990,-109.75212,00.8,09,038,3,2022-07-26
040098,22,207,02,00,14,+27,+37.86996,-109.75209,00.9,08,038,3,2022-07-26
040098,22,207,04,00,12,+29,+37.86989,-109.75216,00.8,09,040,3,2022-07-26
040098,22,207,12,00,08,+36,+37.86631,-109.74460,00.9,08,045,3,2022-07-26
040098,22,207,16,00,82,+33,+37.86278,-109.75048,01.5,06,038,3,2022-07-26
040098,22,207,18,00,80,+30,+37.86245,-109.75345,01.5,06,041,3,2022-07-26
040098,22,207,20,00,88,+26,+37.86034,-109.75257,00.9,07,038,3,2022-07-26
040098,22,207,22,00,66,+29,+37.86234,-109.75832,01.0,08,041,3,2022-07-26
040098,22,208,00,00,46,+25,+37.86236,-109.75878,01.1,08,039,3,2022-07-27
040098,22,208,04,00,14,+25,+37.86223,-109.75914,00.9,09,038,3,2022-07-27
040098,22,208,08,00,98,+28,+37.86523,-109.75969,00.8,10,038,3,2022-07-27
040098,22,208,12,00,10,+29,+37.86439,-109.76158,00.9,09,038,3,2022-07-27
040098,22,208,16,00,46,+37,+37.86476,-109.75990,01.4,06,038,3,2022-07-27
040098,22,208,18,00,94,+28,+37.86715,-109.75814,01.6,06,038,3,2022-07-27
040098,22,208,20,00,76,+23,+37.86503,-109.75561,00.8,09,038,3,2022-07-27
040098,22,208,22,00,50,+26,+37.86683,-109.75580,01.0,08,038,3,2022-07-27
040098,22,209,00,00,46,+26,+37.86709,-109.75586,01.3,06,038,3,2022-07-28
040098,22,209,02,00,20,+27,+37.86699,-109.75578,00.9,09,038,3,2022-07-28
040098,22,209,04,00,18,+28,+37.86699,-109.75589,00.8,10,038,3,2022-07-28
040098,22,209,10,00,66,+30,+37.86863,-109.75828,01.2,07,050,3,2022-07-28
040098,22,209,12,00,28,+30,+37.86881,-109.75798,00.7,10,040,3,2022-07-28
040098,22,209,16,00,64,+30,+37.86741,-109.75151,00.9,08,038,3,2022-07-28
040098,22,209,18,00,76,+36,+37.86324,-109.75054,01.3,08,039,3,2022-07-28
040098,22,209,20,00,90,+30,+37.86257,-109.75693,01.1,07,038,3,2022-07-28
040098,22,209,22,00,32,+25,+37.86230,-109.75401,01.0,07,038,3,2022-07-28
040098,22,210,02,00,50,+25,+37.86230,-109.75405,01.0,08,038,3,2022-07-29
040098,22,210,04,00,16,+28,+37.86232,-109.75388,00.8,10,038,3,2022-07-29
040098,22,210,06,00,20,+27,+37.86212,-109.75380,01.1,07,038,3,2022-07-29
040098,22,210,08,00,80,+25,+37.86247,-109.75196,00.9,09,038,3,2022-07-29
040098,22,210,14,00,60,+41,+37.86956,-109.75267,00.8,09,038,3,2022-07-29
040098,22,210,16,00,50,+24,+37.87056,-109.75327,00.8,09,040,3,2022-07-29
040098,22,210,18,00,76,+26,+37.87350,-109.75506,01.3,07,038,3,2022-07-29
040098,22,210,20,00,84,+25,+37.88019,-109.74853,01.0,08,038,3,2022-07-29
040098,22,210,22,00,64,+25,+37.87872,-109.74829,01.0,07,038,3,2022-07-29
040098,22,211,00,00,26,+25,+37.87862,-109.74845,01.3,06,038,3,2022-07-30
040098,22,211,02,00,30,+24,+37.88019,-109.74708,00.9,08,040,3,2022-07-30
040098,22,211,04,00,10,+24,+37.88017,-109.74701,00.7,11,038,3,2022-07-30
040098,22,211,06,00,60,+24,+37.88168,-109.74584,01.0,08,038,3,2022-07-30
040098,22,211,08,00,70,+27,+37.88346,-109.74620,01.1,07,040,3,2022-07-30
040098,22,211,10,00,24,+34,+37.88297,-109.74678,01.6,07,038,3,2022-07-30
040098,22,211,12,00,44,+33,+37.87666,-109.75292,00.9,09,038,3,2022-07-30
040098,22,211,14,00,66,+39,+37.88364,-109.74760,00.8,09,040,3,2022-07-30
040098,22,211,16,00,50,+28,+37.88400,-109.74878,00.8,10,038,3,2022-07-30
040098,22,211,18,00,90,+30,+37.88330,-109.74815,01.2,08,038,3,2022-07-30
040098,22,211,20,00,76,+27,+37.88108,-109.75017,01.1,08,039,3,2022-07-30
040098,22,211,22,00,24,+28,+37.88011,-109.74933,01.1,06,038,3,2022-07-30
040098,22,212,02,00,16,+28,+37.88063,-109.75028,01.4,07,038,3,2022-07-31
040098,22,212,04,00,06,+31,+37.88064,-109.75032,00.7,11,038,3,2022-07-31
040098,22,212,06,00,46,+25,+37.87873,-109.74813,00.8,09,040,3,2022-07-31
040098,22,212,12,00,52,+30,+37.87261,-109.74999,00.9,09,039,3,2022-07-31
040098,22,212,14,00,26,+37,+37.87289,-109.74981,01.0,07,038,3,2022-07-31
040098,22,212,18,00,90,+31,+37.86892,-109.75233,02.0,06,038,3,2022-07-31
040098,22,212,20,00,74,+28,+37.86704,-109.75288,10.9,05,051,3,2022-07-31
040098,22,212,22,00,30,+27,+37.86766,-109.75251,01.1,06,038,3,2022-07-31
040098,22,213,00,00,14,+27,+37.86767,-109.75246,01.0,08,038,3,2022-08-01
040098,22,213,02,00,14,+28,+37.86754,-109.75252,00.8,10,038,3,2022-08-01
040098,22,213,04,00,08,+26,+37.86768,-109.75258,00.8,10,038,3,2022-08-01
040098,22,213,06,00,42,+25,+37.86837,-109.75260,00.8,09,038,3,2022-08-01
040098,22,213,08,00,98,+30,+37.86918,-109.74832,01.1,08,038,3,2022-08-01
040098,22,213,12,00,42,+35,+37.87207,-109.74396,01.4,07,038,3,2022-08-01
040098,22,213,16,00,80,+32,+37.87454,-109.75017,00.8,07,038,3,2022-08-01
040098,22,213,22,00,54,+30,+37.87194,-109.75302,01.1,06,038,3,2022-08-01
040098,22,214,00,00,12,+28,+37.87220,-109.75330,01.0,08,038,3,2022-08-02
040098,22,214,02,00,30,+25,+37.87215,-109.75315,00.9,10,038,3,2022-08-02
040098,22,214,04,00,18,+25,+37.87222,-109.75338,00.8,10,038,3,2022-08-02
040098,22,214,06,00,42,+25,+37.87372,-109.75303,01.0,07,040,3,2022-08-02
040098,22,214,16,00,38,+40,+37.87856,-109.75149,00.8,07,038,3,2022-08-02
040098,22,214,18,00,96,+36,+37.88049,-109.74886,01.1,06,038,3,2022-08-02
040098,22,215,00,00,08,+30,+37.88204,-109.74900,01.1,07,038,3,2022-08-03
040098,22,215,02,00,38,+30,+37.88268,-109.74844,00.9,07,038,3,2022-08-03
040098,22,215,04,00,08,+30,+37.88270,-109.74840,00.8,10,038,3,2022-08-03
040098,22,215,06,00,54,+27,+37.88431,-109.74724,01.4,06,038,3,2022-08-03
040098,22,215,08,00,90,+36,+37.88285,-109.74386,01.1,07,038,3,2022-08-03
040098,22,215,10,00,24,+39,+37.88286,-109.74455,00.8,10,039,3,2022-08-03
040098,22,215,12,00,60,+42,+37.88120,-109.74769,00.9,10,038,3,2022-08-03
040098,22,215,14,00,64,+41,+37.87616,-109.75384,01.7,06,038,3,2022-08-03
040098,22,215,16,00,48,+42,+37.87827,-109.75462,01.0,08,040,3,2022-08-03
040098,22,215,18,00,98,+33,+37.88132,-109.75416,01.0,08,038,3,2022-08-03
040098,22,215,22,00,42,+29,+37.88214,-109.74995,01.0,06,038,3,2022-08-03
040098,22,216,00,00,14,+33,+37.88206,-109.75000,01.0,08,040,3,2022-08-04
040098,22,216,02,00,24,+27,+37.88212,-109.74981,00.8,10,038,3,2022-08-04
040098,22,216,04,00,26,+29,+37.88207,-109.75014,00.7,11,038,3,2022-08-04
040098,22,216,08,00,92,+37,+37.88211,-109.74682,00.9,09,038,3,2022-08-04
040098,22,216,10,00,62,+36,+37.87790,-109.74788,00.7,11,039,3,2022-08-04
040098,22,216,12,00,18,+38,+37.87693,-109.74971,00.9,10,038,3,2022-08-04
040098,22,216,14,00,62,+43,+37.87778,-109.75144,00.9,09,038,3,2022-08-04
040098,22,216,16,00,84,+41,+37.87776,-109.75299,00.8,10,038,3,2022-08-04
040098,22,216,18,00,54,+36,+37.87955,-109.75379,00.9,09,038,3,2022-08-04
040098,22,216,20,00,90,+30,+37.87960,-109.75308,01.5,06,038,3,2022-08-04
040098,22,216,22,00,42,+30,+37.87963,-109.75006,00.9,07,040,3,2022-08-04
040098,22,217,00,00,26,+30,+37.88005,-109.75022,00.9,09,040,3,2022-08-05
040098,22,217,02,00,46,+26,+37.88042,-109.75105,00.7,11,039,3,2022-08-05
040098,22,217,04,00,12,+27,+37.88031,-109.75102,00.8,09,038,3,2022-08-05
040098,22,217,06,00,42,+26,+37.87963,-109.75132,00.8,10,038,3,2022-08-05
040098,22,217,08,00,92,+30,+37.87466,-109.75067,00.9,09,038,3,2022-08-05
040098,22,217,10,00,92,+37,+37.87443,-109.74826,00.8,09,038,3,2022-08-05
040098,22,217,12,00,32,+36,+37.87452,-109.75048,01.5,06,039,3,2022-08-05
040098,22,217,16,00,70,+41,+37.87287,-109.75360,00.8,09,038,3,2022-08-05
040098,22,217,20,00,92,+28,+37.86764,-109.75071,01.0,06,038,3,2022-08-05
040098,22,217,22,00,50,+28,+37.86742,-109.75426,01.1,06,038,3,2022-08-05
040098,22,218,00,00,78,+27,+37.86734,-109.75798,01.1,07,038,3,2022-08-06
040098,22,218,02,00,14,+26,+37.86722,-109.75827,00.8,10,058,3,2022-08-06
040098,22,218,04,00,10,+29,+37.86750,-109.75811,00.9,10,038,3,2022-08-06
040098,22,218,06,00,34,+27,+37.86828,-109.75819,01.1,08,040,3,2022-08-06
040098,22,218,08,00,96,+31,+37.86549,-109.75624,01.0,09,040,3,2022-08-06
040098,22,218,10,00,08,+34,+37.86556,-109.75627,01.0,10,038,3,2022-08-06
040098,22,218,12,00,66,+40,+37.86563,-109.75998,01.0,09,038,3,2022-08-06
040098,22,218,14,00,70,+40,+37.86828,-109.75807,00.8,09,038,3,2022-08-06
040098,22,218,16,00,42,+43,+37.86845,-109.75775,00.8,10,038,3,2022-08-06
040098,22,218,18,00,92,+35,+37.86692,-109.75467,01.2,07,042,3,2022-08-06
040098,22,218,20,00,84,+28,+37.86689,-109.74845,01.0,06,038,3,2022-08-06
040098,22,219,04,01,10,+25,+37.86198,-109.75346,01.0,06,038,3,2022-08-07
040098,22,219,06,00,34,+23,+37.86119,-109.75186,01.2,06,038,3,2022-08-07
040098,22,219,08,00,74,+31,+37.86133,-109.74793,01.1,08,058,3,2022-08-07
040098,22,219,10,00,08,+36,+37.86158,-109.74798,00.9,08,040,3,2022-08-07
040098,22,219,12,00,48,+43,+37.86413,-109.74691,00.9,09,038,3,2022-08-07
040098,22,219,16,01,26,+40,+37.86740,-109.74533,00.9,09,057,3,2022-08-07
040098,22,219,18,00,98,+39,+37.86387,-109.74873,01.2,07,038,3,2022-08-07
040098,22,219,20,00,92,+27,+37.86163,-109.75153,01.3,06,038,3,2022-08-07
040098,22,219,22,00,40,+27,+37.86193,-109.75193,00.9,07,039,3,2022-08-07
040098,22,220,00,00,30,+30,+37.86220,-109.75334,01.1,07,058,3,2022-08-08
040098,22,220,02,00,42,+25,+37.86179,-109.75357,01.0,08,038,3,2022-08-08
040098,22,220,04,00,42,+26,+37.86212,-109.75346,00.9,08,040,3,2022-08-08
040098,22,220,06,00,38,+23,+37.86172,-109.75430,00.8,10,038,3,2022-08-08
040098,22,220,10,00,86,+37,+37.86350,-109.75805,00.9,08,038,3,2022-08-08
040098,22,220,14,00,88,+35,+37.86217,-109.76105,00.9,08,054,3,2022-08-08
040098,22,220,16,00,62,+34,+37.86184,-109.75823,00.8,10,038,3,2022-08-08
040098,22,220,18,00,70,+31,+37.86146,-109.75464,00.9,09,038,3,2022-08-08
040098,22,220,20,00,92,+30,+37.86793,-109.75227,01.0,06,038,3,2022-08-08
040098,22,220,22,00,46,+28,+37.86960,-109.75168,00.9,07,038,3,2022-08-08
040098,22,221,00,00,28,+26,+37.86940,-109.75088,01.2,06,038,3,2022-08-09
040098,22,221,02,00,70,+25,+37.86903,-109.75094,00.8,09,038,3,2022-08-09
040098,22,221,04,00,18,+27,+37.86970,-109.75170,00.9,08,039,3,2022-08-09
040098,22,221,06,00,38,+25,+37.86776,-109.75028,01.1,08,038,3,2022-08-09
040098,22,221,08,00,78,+32,+37.86915,-109.74840,00.9,09,040,3,2022-08-09
040098,22,221,10,00,16,+39,+37.86941,-109.74880,00.8,10,038,3,2022-08-09
040098,22,221,12,00,48,+42,+37.86355,-109.74861,01.0,09,039,3,2022-08-09
040098,22,221,14,00,92,+42,+37.86579,-109.74886,00.9,08,038,3,2022-08-09
040098,22,221,16,00,16,+38,+37.86606,-109.74878,00.8,09,038,3,2022-08-09
040098,22,221,18,00,90,+38,+37.86703,-109.75117,01.0,08,038,3,2022-08-09
040098,22,221,20,00,92,+31,+37.86801,-109.75247,01.5,06,038,3,2022-08-09
040098,22,221,22,00,50,+33,+37.86910,-109.75354,01.1,07,038,3,2022-08-09
040098,22,222,00,00,64,+29,+37.86915,-109.75340,01.2,06,038,3,2022-08-10
040098,22,222,02,00,52,+27,+37.87106,-109.75388,00.8,09,041,3,2022-08-10
040098,22,222,04,00,16,+30,+37.87102,-109.75412,00.8,09,040,3,2022-08-10
040098,22,222,10,00,74,+36,+37.86544,-109.76204,01.1,09,039,3,2022-08-10
040098,22,222,12,00,58,+37,+37.86533,-109.76119,01.1,08,038,3,2022-08-10
040098,22,222,14,00,68,+40,+37.86745,-109.75778,00.9,08,040,3,2022-08-10
040098,22,222,16,00,14,+37,+37.86738,-109.75791,01.0,08,039,3,2022-08-10
040098,22,222,18,00,88,+36,+37.86909,-109.75865,01.0,07,045,3,2022-08-10
040098,22,222,20,00,92,+30,+37.86917,-109.75303,01.2,06,053,3,2022-08-10
040098,22,222,22,00,56,+31,+37.86769,-109.75244,01.5,05,057,3,2022-08-10
040098,22,223,00,00,12,+30,+37.86766,-109.75273,02.2,04,040,3,2022-08-11
040098,22,223,02,00,64,+27,+37.86729,-109.75476,01.3,07,038,3,2022-08-11
040098,22,223,04,00,12,+26,+37.86727,-109.75464,01.0,07,039,3,2022-08-11
040098,22,223,06,00,32,+26,+37.86600,-109.75420,01.1,07,038,3,2022-08-11
040098,22,223,12,00,68,+43,+37.86169,-109.75090,01.6,07,038,3,2022-08-11
040098,22,223,16,00,32,+40,+37.86754,-109.74478,00.9,09,038,3,2022-08-11
040098,22,223,18,00,62,+36,+37.87429,-109.74579,01.0,07,038,3,2022-08-11
040098,22,223,20,00,98,+25,+37.87130,-109.75036,01.3,05,038,3,2022-08-11
040098,22,223,22,00,60,+26,+37.87213,-109.75086,01.2,06,040,3,2022-08-11
040098,22,224,00,00,56,+25,+37.87199,-109.75073,01.1,07,038,3,2022-08-12
040098,22,224,02,00,16,+25,+37.87213,-109.75082,00.8,10,038,3,2022-08-12
040098,22,224,04,00,14,+28,+37.87219,-109.75088,01.1,08,040,3,2022-08-12
040098,22,224,10,00,08,+37,+37.87002,-109.74747,00.8,10,049,3,2022-08-12
040098,22,224,12,00,82,+40,+37.86323,-109.74756,01.2,09,038,3,2022-08-12
040098,22,224,14,00,46,+37,+37.86210,-109.74770,00.9,08,040,3,2022-08-12
040098,22,224,16,00,14,+40,+37.86228,-109.74760,00.9,09,039,3,2022-08-12
040098,22,224,18,00,92,+34,+37.86491,-109.74840,01.0,07,038,3,2022-08-12
040098,22,224,20,00,94,+29,+37.86731,-109.75075,01.2,05,038,3,2022-08-12
040098,22,224,22,00,74,+27,+37.86912,-109.75234,01.0,07,039,3,2022-08-12
040098,22,225,00,00,38,+27,+37.86893,-109.75280,01.0,07,038,3,2022-08-13
040098,22,225,02,00,62,+26,+37.87055,-109.75326,00.8,10,038,3,2022-08-13
040098,22,225,04,00,12,+26,+37.87041,-109.75330,01.2,06,038,3,2022-08-13
040098,22,225,06,00,34,+26,+37.87027,-109.75346,01.1,08,038,3,2022-08-13
040098,22,225,08,00,90,+33,+37.86980,-109.75668,01.0,09,038,3,2022-08-13
040098,22,225,10,00,18,+37,+37.87010,-109.75704,01.2,08,038,3,2022-08-13
040098,22,225,14,00,84,+44,+37.87560,-109.75363,00.9,08,038,3,2022-08-13
040098,22,225,18,00,98,+32,+37.86930,-109.75032,01.0,07,038,3,2022-08-13
040098,22,225,20,00,90,+30,+37.86722,-109.75060,01.1,06,038,3,2022-08-13
040098,22,225,22,00,22,+31,+37.86807,-109.74900,00.8,08,058,3,2022-08-13
040098,22,226,00,00,14,+31,+37.86779,-109.74886,01.0,07,040,3,2022-08-14
040098,22,226,02,00,66,+29,+37.86779,-109.74896,01.0,09,038,3,2022-08-14
040098,22,226,04,00,12,+27,+37.86793,-109.74880,00.9,09,040,3,2022-08-14
040098,22,226,06,00,30,+26,+37.86918,-109.74754,01.0,07,038,3,2022-08-14
040098,22,226,10,00,72,+34,+37.87115,-109.74258,00.9,10,039,3,2022-08-14
040098,22,226,16,00,88,+32,+37.84609,-109.76854,02.8,07,038,3,2022-08-14
040098,22,226,18,00,62,+31,+37.86915,-109.75294,01.1,07,038,3,2022-08-14
040098,22,226,20,00,82,+28,+37.87158,-109.75241,01.2,06,039,3,2022-08-14
040098,22,226,22,00,42,+30,+37.87397,-109.75140,01.0,07,039,3,2022-08-14
040098,22,227,00,00,18,+28,+37.87396,-109.75155,01.0,08,039,3,2022-08-15
040098,22,227,02,00,30,+27,+37.87408,-109.75159,00.8,10,038,3,2022-08-15
040098,22,227,04,00,06,+26,+37.87405,-109.75160,00.7,11,038,3,2022-08-15
040098,22,227,10,00,84,+29,+37.86581,-109.74779,00.8,09,038,3,2022-08-15
040098,22,227,12,00,28,+32,+37.86613,-109.74723,00.9,09,038,3,2022-08-15
040098,22,227,14,00,40,+26,+37.86550,-109.74873,01.4,06,038,3,2022-08-15
040098,22,227,16,00,84,+28,+37.86611,-109.75174,01.0,07,038,3,2022-08-15
040098,22,227,18,00,92,+26,+37.86746,-109.75336,01.1,06,038,3,2022-08-15
040098,22,227,20,00,68,+25,+37.86862,-109.75204,01.8,05,060,2,2022-08-15
040098,22,227,22,00,28,+29,+37.86901,-109.75210,01.2,06,039,3,2022-08-15
040098,22,228,00,00,62,+25,+37.87050,-109.75241,01.0,08,038,3,2022-08-16
040098,22,228,02,00,12,+27,+37.87041,-109.75238,00.9,10,039,3,2022-08-16
040098,22,228,04,00,08,+25,+37.87044,-109.75234,00.8,10,038,3,2022-08-16
040098,22,228,06,00,30,+24,+37.87052,-109.75215,01.0,07,038,3,2022-08-16
040098,22,228,08,00,94,+27,+37.87153,-109.74919,01.4,07,038,3,2022-08-16
040098,22,228,10,00,56,+32,+37.87140,-109.74987,00.8,08,039,3,2022-08-16
040098,22,228,12,00,48,+29,+37.87294,-109.75000,00.9,09,038,3,2022-08-16
040098,22,228,14,00,50,+30,+37.87139,-109.74994,01.6,06,038,3,2022-08-16
040098,22,228,16,00,60,+40,+37.87624,-109.75373,01.0,09,040,3,2022-08-16
040098,22,228,18,00,72,+30,+37.88005,-109.75254,00.8,09,038,3,2022-08-16
040098,22,228,20,00,72,+27,+37.88179,-109.75017,01.1,07,038,3,2022-08-16
040098,22,228,22,00,38,+26,+37.88360,-109.74766,00.8,08,040,3,2022-08-16
040098,22,229,00,00,16,+27,+37.88367,-109.74766,00.8,09,039,3,2022-08-17
040098,22,229,02,00,82,+25,+37.88396,-109.74707,01.0,08,038,3,2022-08-17
040098,22,229,04,00,10,+26,+37.88377,-109.74708,00.7,10,040,3,2022-08-17
040098,22,229,12,01,72,+26,+37.88163,-109.74428,03.3,04,054,3,2022-08-17
040098,22,229,14,00,20,+37,+37.88143,-109.74418,01.8,04,040,3,2022-08-17
040098,22,229,18,00,90,+33,+37.87866,-109.74877,01.3,05,038,3,2022-08-17
040098,22,229,20,00,90,+25,+37.88034,-109.74375,01.8,04,047,3,2022-08-17
040098,22,229,22,00,38,+26,+37.88013,-109.74442,01.2,06,039,3,2022-08-17
040098,22,230,00,00,42,+26,+37.87919,-109.74438,00.8,09,038,3,2022-08-18
040098,22,230,02,00,54,+24,+37.88015,-109.74539,01.1,08,038,3,2022-08-18
040098,22,230,04,00,28,+26,+37.87960,-109.74601,00.8,09,039,3,2022-08-18
040098,22,230,06,00,14,+25,+37.87977,-109.74592,01.3,06,038,3,2022-08-18
040098,22,230,08,00,96,+31,+37.88511,-109.74478,01.3,06,038,3,2022-08-18
040098,22,230,10,00,24,+34,+37.88426,-109.74411,00.9,08,059,3,2022-08-18
040098,22,230,12,00,42,+31,+37.88351,-109.74365,00.8,10,038,3,2022-08-18
040098,22,230,14,00,82,+31,+37.87799,-109.75090,01.1,08,039,3,2022-08-18
040098,22,230,16,00,48,+36,+37.87622,-109.74967,01.2,07,038,3,2022-08-18
040098,22,230,18,00,96,+32,+37.87630,-109.75032,01.0,08,038,3,2022-08-18
040098,22,230,22,00,40,+29,+37.87717,-109.74575,01.2,07,038,3,2022-08-18
040098,22,231,02,00,24,+28,+37.87719,-109.74575,00.9,09,038,3,2022-08-19
040098,22,231,04,00,12,+27,+37.87697,-109.74568,01.0,08,038,3,2022-08-19
040098,22,231,06,00,26,+26,+37.87802,-109.74539,00.9,09,038,3,2022-08-19
040098,22,231,16,01,48,+32,+37.87983,-109.74935,01.1,07,039,3,2022-08-19
040098,22,231,18,00,70,+28,+37.87818,-109.75185,01.5,07,039,3,2022-08-19
040098,22,231,20,00,90,+25,+37.88034,-109.74953,01.2,07,038,3,2022-08-19
040098,22,231,22,00,24,+28,+37.88164,-109.74941,01.0,09,040,3,2022-08-19
040098,22,232,00,00,24,+25,+37.88200,-109.74842,01.0,08,038,3,2022-08-20
040098,22,232,02,00,48,+30,+37.88191,-109.74834,01.0,08,038,3,2022-08-20
040098,22,232,08,00,96,+27,+37.88539,-109.74517,01.0,09,049,3,2022-08-20
040098,22,232,10,00,50,+30,+37.88364,-109.74424,00.8,10,038,3,2022-08-20
040098,22,232,12,00,24,+28,+37.88346,-109.74348,00.9,08,039,3,2022-08-20
040098,22,232,16,00,20,+33,+37.88091,-109.74367,01.0,09,038,3,2022-08-20
040098,22,232,18,00,68,+30,+37.88068,-109.74592,01.0,08,038,3,2022-08-20
040098,22,232,20,00,96,+23,+37.88105,-109.75063,01.2,07,038,3,2022-08-20
040098,22,233,00,00,24,+25,+37.87919,-109.75009,00.8,09,038,3,2022-08-21
040098,22,233,02,00,10,+25,+37.87925,-109.75006,01.1,08,038,3,2022-08-21
040098,22,233,04,00,44,+23,+37.87923,-109.74981,00.9,09,038,3,2022-08-21
040098,22,233,06,00,26,+24,+37.87870,-109.74938,01.1,07,038,3,2022-08-21
040098,22,233,10,00,58,+38,+37.87853,-109.74864,00.7,10,037,3,2022-08-21
040098,22,233,14,00,84,+36,+37.87920,-109.75393,01.1,07,038,3,2022-08-21
040098,22,233,16,00,42,+42,+37.87780,-109.75509,02.2,07,038,3,2022-08-21
040098,22,233,18,00,70,+30,+37.87933,-109.75434,01.2,06,038,3,2022-08-21
040098,22,233,22,00,34,+27,+37.88225,-109.74864,00.9,08,038,3,2022-08-21
040098,22,234,00,00,10,+25,+37.88225,-109.74874,00.8,09,038,3,2022-08-22
040098,22,234,02,00,42,+26,+37.88238,-109.74925,00.9,09,038,3,2022-08-22
040098,22,234,04,00,18,+26,+37.88217,-109.74869,00.8,09,038,3,2022-08-22
040098,22,234,08,00,90,+32,+37.88273,-109.74298,01.0,09,038,3,2022-08-22
040098,22,234,10,00,24,+32,+37.88271,-109.74315,00.9,10,038,3,2022-08-22
040098,22,234,12,00,62,+40,+37.88083,-109.74632,00.9,08,058,3,2022-08-22
040098,22,234,14,00,68,+36,+37.87588,-109.75365,01.0,08,038,3,2022-08-22
040098,22,234,16,00,46,+37,+37.87596,-109.75540,02.0,07,038,3,2022-08-22
040098,22,234,18,00,96,+32,+37.87596,-109.75403,01.0,08,038,3,2022-08-22
040098,22,234,22,00,36,+27,+37.88160,-109.75080,01.1,08,038,3,2022-08-22
040098,22,235,00,00,12,+26,+37.88106,-109.75099,00.8,08,038,3,2022-08-23
040098,22,235,02,00,68,+26,+37.87899,-109.75019,00.9,09,039,3,2022-08-23
040098,22,235,04,00,10,+30,+37.87908,-109.75033,00.9,09,040,3,2022-08-23
040098,22,235,06,00,38,+24,+37.87796,-109.75045,01.2,07,038,3,2022-08-23
040098,22,235,10,00,94,+37,+37.88293,-109.74308,02.5,06,038,3,2022-08-23
040098,22,235,12,00,36,+37,+37.87815,-109.74401,00.8,08,038,3,2022-08-23
040098,22,235,14,00,18,+36,+37.87776,-109.74478,00.9,08,037,3,2022-08-23
040098,22,235,18,00,96,+32,+37.88000,-109.75033,00.9,09,038,3,2022-08-23
040098,22,235,22,00,42,+27,+37.88467,-109.74726,01.2,07,038,3,2022-08-23
040098,22,236,00,00,12,+26,+37.88474,-109.74723,00.8,10,040,3,2022-08-24
040098,22,236,02,00,62,+26,+37.88508,-109.74705,00.9,09,038,3,2022-08-24
040098,22,236,04,00,24,+26,+37.88467,-109.74552,00.8,09,038,3,2022-08-24
040098,22,236,06,00,28,+25,+37.88359,-109.74587,01.2,07,038,3,2022-08-24
040098,22,236,10,00,28,+32,+37.87705,-109.74620,00.7,11,038,3,2022-08-24
040098,22,236,12,00,36,+37,+37.87793,-109.74831,00.8,09,039,3,2022-08-24
040098,22,236,14,00,76,+32,+37.87884,-109.75212,00.9,08,038,3,2022-08-24
040098,22,236,18,00,84,+31,+37.87118,-109.75107,00.9,09,038,3,2022-08-24
040098,22,236,20,00,88,+29,+37.86772,-109.75119,01.2,06,038,3,2022-08-24
040098,22,236,22,00,54,+29,+37.86755,-109.74964,01.0,06,038,3,2022-08-24
040098,22,237,00,00,46,+27,+37.86744,-109.74961,00.9,08,038,3,2022-08-25
040098,22,237,02,00,10,+31,+37.86746,-109.74961,00.9,09,040,3,2022-08-25
040098,22,237,04,00,08,+28,+37.86734,-109.74961,00.9,08,038,3,2022-08-25
040098,22,237,06,00,32,+25,+37.86785,-109.75064,00.9,09,038,3,2022-08-25
040098,22,237,10,00,98,+30,+37.86149,-109.75376,00.8,10,039,3,2022-08-25
040098,22,237,12,00,24,+34,+37.86252,-109.75426,01.1,07,038,3,2022-08-25
040098,22,237,14,00,84,+30,+37.86228,-109.75746,01.1,06,038,3,2022-08-25
040098,22,237,18,00,80,+30,+37.86636,-109.75640,01.3,08,038,3,2022-08-25
040098,22,237,20,00,82,+27,+37.86743,-109.75045,01.5,04,038,3,2022-08-25
040098,22,237,22,00,62,+28,+37.87185,-109.75235,00.9,08,038,3,2022-08-25
040098,22,238,00,00,22,+27,+37.87179,-109.75244,00.8,09,038,3,2022-08-26
040098,22,238,02,00,40,+26,+37.87223,-109.75238,00.9,09,038,3,2022-08-26
040098,22,238,04,00,10,+25,+37.87203,-109.75225,00.9,08,039,3,2022-08-26
040098,22,238,06,00,22,+27,+37.87166,-109.75134,01.0,09,038,3,2022-08-26
040098,22,238,12,00,16,+25,+37.86549,-109.74540,01.0,07,038,3,2022-08-26
040098,22,238,14,00,72,+27,+37.86909,-109.75048,00.9,07,038,3,2022-08-26
040098,22,238,16,00,68,+32,+37.87104,-109.75119,01.1,08,038,3,2022-08-26
040098,22,238,20,00,88,+25,+37.87163,-109.75341,01.3,05,038,3,2022-08-26
040098,22,238,22,00,54,+23,+37.87126,-109.75424,01.0,08,038,3,2022-08-26
040098,22,239,00,00,12,+25,+37.87109,-109.75412,01.0,08,038,3,2022-08-27
040098,22,239,02,00,12,+24,+37.87130,-109.75428,00.8,10,038,3,2022-08-27
040098,22,239,04,00,06,+23,+37.87115,-109.75426,01.1,07,040,3,2022-08-27
040098,22,239,08,00,70,+36,+37.86636,-109.75666,01.9,06,038,3,2022-08-27
040098,22,239,12,00,74,+34,+37.87376,-109.74701,00.9,07,038,3,2022-08-27
040098,22,239,14,00,24,+30,+37.87244,-109.74686,00.9,07,040,3,2022-08-27
040098,22,239,16,00,54,+32,+37.87174,-109.74891,02.3,06,038,3,2022-08-27
040098,22,239,18,00,98,+30,+37.87439,-109.75269,01.7,06,038,3,2022-08-27
040098,22,239,20,00,86,+25,+37.88320,-109.74854,01.4,06,041,3,2022-08-27
040098,22,239,22,00,22,+31,+37.87855,-109.74775,01.4,06,038,3,2022-08-27
040098,22,240,02,00,46,+26,+37.87889,-109.74732,00.8,09,038,3,2022-08-28
040098,22,240,04,00,10,+25,+37.87882,-109.74732,01.0,08,039,3,2022-08-28
040098,22,240,06,00,28,+26,+37.88163,-109.74613,00.9,08,038,3,2022-08-28
040098,22,240,10,00,62,+37,+37.88434,-109.74449,00.8,09,038,3,2022-08-28
040098,22,240,14,00,64,+34,+37.87944,-109.74592,01.0,07,039,3,2022-08-28
040098,22,240,16,00,82,+34,+37.87496,-109.75421,01.4,06,038,3,2022-08-28
040098,22,240,18,00,88,+30,+37.87376,-109.75805,00.9,09,038,3,2022-08-28
040098,22,240,20,00,80,+26,+37.87269,-109.75444,01.2,07,038,3,2022-08-28
040098,22,240,22,00,46,+25,+37.87398,-109.75160,00.9,08,038,3,2022-08-28
040098,22,241,00,00,18,+27,+37.87403,-109.75158,00.9,09,040,3,2022-08-29
040098,22,241,02,00,14,+27,+37.87394,-109.75143,00.8,10,038,3,2022-08-29
040098,22,241,04,00,08,+23,+37.87397,-109.75153,00.9,08,038,3,2022-08-29
040098,22,241,06,00,54,+20,+37.87291,-109.75086,01.0,08,038,3,2022-08-29
040098,22,241,10,00,30,+33,+37.87325,-109.74785,00.9,08,038,3,2022-08-29
040098,22,241,14,00,86,+40,+37.87587,-109.75369,01.0,07,038,3,2022-08-29
040098,22,241,16,00,82,+40,+37.88213,-109.75151,01.5,06,038,3,2022-08-29
040098,22,241,18,00,96,+32,+37.88192,-109.74842,01.1,08,038,3,2022-08-29
040098,22,241,20,00,92,+31,+37.87771,-109.74411,01.1,06,038,3,2022-08-29
040098,22,241,22,00,22,+25,+37.87720,-109.74526,00.8,09,038,3,2022-08-29
040098,22,242,00,00,08,+29,+37.87760,-109.74525,00.9,09,038,3,2022-08-30
040098,22,242,02,00,60,+23,+37.87802,-109.74615,00.8,10,038,3,2022-08-30
040098,22,242,04,00,30,+24,+37.87794,-109.74605,00.8,09,038,3,2022-08-30
040098,22,242,06,00,36,+23,+37.87717,-109.74658,01.2,07,038,3,2022-08-30
040098,22,242,08,00,90,+32,+37.87727,-109.74623,00.9,08,041,3,2022-08-30
040098,22,242,10,00,08,+33,+37.87692,-109.74613,00.9,09,039,3,2022-08-30
040098,22,242,12,00,06,+36,+37.87713,-109.74597,00.9,08,038,3,2022-08-30
040098,22,242,14,00,86,+41,+37.87261,-109.75135,00.9,07,038,3,2022-08-30
040098,22,242,18,00,98,+37,+37.86685,-109.75032,01.0,07,038,3,2022-08-30
040098,22,242,20,00,84,+25,+37.86200,-109.75132,01.0,07,057,3,2022-08-30
040098,22,242,22,00,36,+26,+37.86233,-109.75372,00.8,09,038,3,2022-08-30
040098,22,243,02,00,30,+25,+37.86199,-109.75337,00.7,10,038,3,2022-08-31
040098,22,243,04,00,08,+30,+37.86199,-109.75338,01.0,07,038,3,2022-08-31
040098,22,243,08,00,98,+31,+37.86211,-109.75765,01.0,08,038,3,2022-08-31
040098,22,243,10,00,98,+37,+37.86151,-109.75696,01.3,08,038,3,2022-08-31
040098,22,243,12,00,12,+35,+37.86180,-109.75685,00.9,08,038,3,2022-08-31
040098,22,243,14,00,82,+42,+37.86266,-109.74995,00.9,07,038,3,2022-08-31
040098,22,243,16,00,94,+43,+37.86351,-109.74903,01.4,06,045,3,2022-08-31
040098,22,243,20,00,90,+25,+37.86305,-109.74861,01.0,07,038,3,2022-08-31
040098,22,243,22,00,34,+28,+37.86355,-109.74794,01.0,08,040,3,2022-08-31
040098,22,244,00,00,60,+23,+37.86346,-109.74851,00.9,09,038,3,2022-09-01
040098,22,244,02,00,20,+20,+37.86348,-109.74800,01.0,08,039,3,2022-09-01
040098,22,244,04,00,06,+21,+37.86342,-109.74797,01.1,07,038,3,2022-09-01
040098,22,244,10,00,68,+36,+37.86736,-109.74512,01.4,07,038,3,2022-09-01
040098,22,244,12,00,28,+37,+37.86650,-109.74405,01.2,06,038,3,2022-09-01
040098,22,244,14,00,96,+44,+37.86253,-109.75021,00.8,08,038,3,2022-09-01
040098,22,244,16,00,66,+42,+37.86225,-109.75107,01.4,06,038,3,2022-09-01
040098,22,244,18,00,96,+30,+37.86338,-109.75565,00.9,08,038,3,2022-09-01
040098,22,244,20,00,84,+35,+37.86385,-109.74926,04.7,04,038,3,2022-09-01
040098,22,244,22,00,14,+25,+37.86350,-109.74954,01.0,08,038,3,2022-09-01
040098,22,245,00,00,08,+25,+37.86343,-109.74956,00.9,09,038,3,2022-09-02
040098,22,245,02,00,90,+21,+37.86673,-109.75054,00.8,09,038,3,2022-09-02
040098,22,245,04,00,44,+25,+37.86744,-109.75022,00.9,07,038,3,2022-09-02
040098,22,245,06,00,24,+30,+37.86762,-109.75025,01.1,08,038,3,2022-09-02
040098,22,245,08,00,96,+33,+37.87200,-109.74919,01.0,10,038,3,2022-09-02
040098,22,245,10,00,40,+37,+37.87452,-109.74983,01.2,08,053,3,2022-09-02
040098,22,245,14,00,52,+37,+37.87487,-109.75814,00.9,08,038,3,2022-09-02
040098,22,245,16,00,60,+40,+37.87409,-109.75914,01.4,07,038,3,2022-09-02
040098,22,245,18,00,98,+30,+37.87449,-109.76013,01.0,08,038,3,2022-09-02
040098,22,245,20,00,92,+28,+37.87288,-109.75614,00.9,08,038,3,2022-09-02
040098,22,245,22,00,28,+37,+37.87347,-109.75679,00.8,09,039,3,2022-09-02
040098,22,246,00,00,14,+29,+37.87372,-109.75630,01.2,07,038,3,2022-09-03
040098,22,246,02,00,66,+26,+37.87364,-109.75689,00.7,10,038,3,2022-09-03
040098,22,246,04,00,14,+25,+37.87367,-109.75689,00.9,07,039,3,2022-09-03
040098,22,246,06,00,38,+36,+37.87304,-109.75567,01.1,08,038,3,2022-09-03
040098,22,246,08,00,92,+34,+37.86713,-109.75464,01.3,08,038,3,2022-09-03
040098,22,246,12,00,28,+41,+37.86570,-109.75639,01.1,06,038,3,2022-09-03
040098,22,246,14,00,76,+43,+37.86535,-109.75162,00.9,08,038,3,2022-09-03
040098,22,246,18,00,86,+37,+37.86194,-109.75074,00.9,07,038,3,2022-09-03
040098,22,247,20,36,58,+27,+37.86215,-109.75094,01.3,07,038,3,2022-09-04
040098,22,247,22,00,46,+24,+37.86233,-109.75218,01.2,08,038,3,2022-09-04
040098,22,248,00,00,10,+24,+37.86240,-109.75219,00.8,10,038,3,2022-09-05
040098,22,248,02,00,26,+25,+37.86226,-109.75212,00.8,09,038,3,2022-09-05
040098,22,248,04,00,16,+23,+37.86233,-109.75218,00.9,07,039,3,2022-09-05
040098,22,248,06,00,22,+23,+37.86227,-109.75099,01.2,08,038,3,2022-09-05
040098,22,248,14,00,72,+40,+37.86736,-109.75748,00.9,07,038,3,2022-09-05
040098,22,248,16,00,42,+45,+37.86791,-109.75721,01.5,06,038,3,2022-09-05
040098,22,248,18,00,92,+34,+37.86372,-109.75756,01.4,06,038,3,2022-09-05
040098,22,248,20,00,80,+40,+37.86212,-109.75307,01.0,07,039,3,2022-09-05
040098,22,248,22,00,12,+27,+37.86214,-109.75299,01.0,07,040,3,2022-09-05
040098,22,249,00,00,56,+26,+37.86216,-109.75341,00.9,09,039,3,2022-09-06
040098,22,249,04,00,14,+23,+37.86226,-109.75361,00.8,09,038,3,2022-09-06
040098,22,249,06,00,32,+29,+37.86230,-109.75239,01.1,07,038,3,2022-09-06
040098,22,249,08,00,84,+27,+37.86417,-109.74634,00.8,09,041,3,2022-09-06
040098,22,249,10,00,66,+38,+37.86650,-109.74507,01.1,08,038,3,2022-09-06
040098,22,249,12,00,38,+46,+37.86570,-109.74481,00.9,07,038,3,2022-09-06
040098,22,249,14,00,66,+42,+37.86483,-109.74546,00.9,07,038,3,2022-09-06
040098,22,249,16,00,80,+41,+37.86399,-109.74761,01.0,07,038,3,2022-09-06
040098,22,249,18,00,88,+36,+37.86661,-109.75051,01.1,07,038,3,2022-09-06
040098,22,249,20,00,70,+28,+37.86709,-109.75012,00.9,08,038,3,2022-09-06
040098,22,249,22,00,42,+30,+37.86709,-109.75027,01.0,08,039,3,2022-09-06
040098,22,250,00,00,80,+28,+37.86931,-109.75273,00.8,10,038,3,2022-09-07
040098,22,250,02,00,64,+25,+37.87022,-109.75593,00.8,09,038,3,2022-09-07
040098,22,250,04,00,12,+30,+37.87027,-109.75578,00.9,09,038,3,2022-09-07
040098,22,250,06,00,24,+25,+37.87050,-109.75395,01.0,09,039,3,2022-09-07
040098,22,250,08,00,96,+34,+37.87239,-109.75296,00.8,11,038,3,2022-09-07
040098,22,250,10,00,32,+37,+37.87147,-109.74893,01.0,09,038,3,2022-09-07
040098,22,250,12,00,12,+39,+37.87173,-109.74827,01.0,06,040,3,2022-09-07
040098,22,250,14,00,76,+40,+37.86221,-109.75004,01.1,06,038,3,2022-09-07
040098,22,250,16,00,72,+40,+37.86201,-109.75109,01.7,06,038,3,2022-09-07
040098,22,250,20,00,90,+27,+37.86714,-109.75166,00.9,07,038,3,2022-09-07
040098,22,251,18,01,76,+30,+37.83627,-109.69740,01.3,06,038,3,2022-09-08
040098,22,252,00,00,78,+30,+37.89427,-109.68098,00.9,08,038,3,2022-09-09
040098,22,252,04,00,30,+25,+37.89421,-109.68148,00.8,09,038,3,2022-09-09
040098,22,252,06,00,40,+24,+37.89456,-109.68096,00.9,09,038,3,2022-09-09
040098,22,252,08,00,40,+32,+37.89297,-109.68054,00.9,09,040,3,2022-09-09
040098,22,252,10,00,06,+35,+37.89306,-109.68006,01.0,08,038,3,2022-09-09
040098,22,252,12,00,14,+37,+37.89339,-109.68038,01.4,05,052,3,2022-09-09
040098,22,252,14,00,54,+39,+37.87972,-109.68791,01.1,06,038,3,2022-09-09
040098,22,252,18,00,84,+30,+37.84074,-109.69586,01.2,07,038,3,2022-09-09
040098,22,252,20,00,78,+30,+37.82644,-109.70331,01.1,07,038,3,2022-09-09
040098,22,252,22,00,68,+27,+37.82842,-109.72107,01.2,06,038,3,2022-09-09
040098,22,253,00,00,72,+27,+37.83493,-109.72582,01.0,09,039,3,2022-09-10
040098,22,253,02,00,56,+27,+37.84458,-109.72261,00.8,10,040,3,2022-09-10
040098,22,253,04,00,12,+24,+37.84464,-109.72264,00.9,09,038,3,2022-09-10
040098,22,253,06,00,20,+25,+37.84471,-109.72241,01.2,08,038,3,2022-09-10
040098,22,253,08,00,42,+30,+37.84772,-109.72026,00.9,10,038,3,2022-09-10
040098,22,253,10,00,06,+31,+37.84784,-109.72058,01.7,06,038,3,2022-09-10
040098,22,253,12,00,08,+32,+37.84807,-109.72003,00.9,07,038,3,2022-09-10
040098,22,253,20,00,62,+25,+37.85932,-109.70387,01.3,07,045,3,2022-09-10
040098,22,253,22,00,12,+27,+37.85932,-109.70394,01.2,06,046,3,2022-09-10
040098,22,254,00,00,82,+20,+37.85884,-109.70497,01.0,09,038,3,2022-09-11
040098,22,254,02,00,10,+26,+37.85877,-109.70491,00.9,08,039,3,2022-09-11
040098,22,254,08,00,88,+35,+37.85844,-109.70593,01.1,08,038,3,2022-09-11
040098,22,254,12,00,38,+38,+37.85852,-109.70631,00.9,07,038,3,2022-09-11
040098,22,254,14,00,38,+42,+37.85859,-109.70552,01.8,06,039,3,2022-09-11
040098,22,254,16,00,58,+35,+37.85833,-109.70818,01.4,08,038,3,2022-09-11
040098,22,254,18,00,68,+37,+37.86053,-109.70546,01.4,06,038,3,2022-09-11
040098,22,254,22,00,40,+30,+37.85946,-109.70578,01.2,06,054,3,2022-09-11
040098,22,255,00,00,48,+28,+37.85992,-109.70467,01.1,08,038,3,2022-09-12
040098,22,255,02,00,54,+25,+37.86002,-109.70417,00.8,09,038,3,2022-09-12
040098,22,255,04,00,12,+25,+37.86005,-109.70398,00.8,09,040,3,2022-09-12
040098,22,255,08,00,84,+33,+37.86101,-109.70407,00.8,09,038,3,2022-09-12
040098,22,255,10,00,12,+35,+37.86077,-109.70432,00.9,09,038,3,2022-09-12
040098,22,255,12,00,70,+37,+37.85903,-109.70680,01.0,06,038,3,2022-09-12
040098,22,255,14,00,24,+28,+37.85905,-109.70587,01.5,06,041,3,2022-09-12
040098,22,255,16,00,82,+30,+37.86270,-109.70458,01.4,08,038,3,2022-09-12
040098,22,255,18,00,64,+31,+37.86135,-109.70436,01.4,06,038,3,2022-09-12
040098,22,255,22,00,30,+23,+37.86054,-109.70514,01.0,07,038,3,2022-09-12
040098,22,256,00,00,62,+26,+37.85980,-109.70719,01.0,09,040,3,2022-09-13
040098,22,256,02,00,68,+25,+37.86062,-109.70673,01.0,07,040,3,2022-09-13
040098,22,256,04,00,12,+26,+37.86050,-109.70678,01.0,08,039,3,2022-09-13
040098,22,256,08,00,90,+26,+37.86383,-109.70449,00.8,10,038,3,2022-09-13
040098,22,256,10,00,10,+30,+37.86397,-109.70444,00.9,08,038,3,2022-09-13
040098,22,256,12,00,48,+31,+37.86429,-109.70472,03.5,06,038,3,2022-09-13
040098,22,256,16,00,30,+33,+37.86870,-109.70203,01.4,08,038,3,2022-09-13
040098,22,256,18,00,70,+26,+37.86834,-109.70224,01.3,06,038,3,2022-09-13
040098,22,256,20,00,56,+23,+37.86643,-109.70304,00.7,10,039,3,2022-09-13
040098,22,256,22,00,20,+23,+37.86669,-109.70283,00.8,09,038,3,2022-09-13
040098,22,257,00,00,80,+23,+37.86638,-109.70368,00.9,09,038,3,2022-09-14
040098,22,257,02,00,10,+23,+37.86646,-109.70373,00.8,09,038,3,2022-09-14
040098,22,257,04,00,18,+22,+37.86641,-109.70368,00.8,09,040,3,2022-09-14
040098,22,257,06,00,16,+24,+37.86680,-109.70352,01.0,09,038,3,2022-09-14
040098,22,257,08,00,92,+24,+37.87126,-109.70475,00.8,10,041,3,2022-09-14
040098,22,257,10,00,38,+28,+37.87120,-109.70539,01.1,08,039,3,2022-09-14
040098,22,257,12,00,36,+25,+37.87200,-109.70354,01.1,06,038,3,2022-09-14
040098,22,257,14,00,46,+30,+37.87242,-109.70407,01.4,06,040,3,2022-09-14
040098,22,257,16,00,66,+30,+37.87163,-109.70238,00.9,09,039,3,2022-09-14
040098,22,257,18,00,82,+26,+37.86848,-109.70182,01.4,05,038,3,2022-09-14
040098,22,257,20,00,38,+25,+37.86679,-109.69913,01.2,07,038,3,2022-09-14
040098,22,257,22,00,10,+29,+37.86661,-109.69915,00.9,08,038,3,2022-09-14
040098,22,258,00,00,68,+23,+37.86753,-109.69994,00.9,09,038,3,2022-09-15
040098,22,258,02,00,26,+24,+37.86720,-109.69937,01.6,07,040,3,2022-09-15
040098,22,258,10,00,68,+31,+37.86727,-109.70387,01.0,07,044,3,2022-09-15
040098,22,258,12,00,08,+31,+37.86808,-109.70372,01.1,06,038,3,2022-09-15
040098,22,258,16,00,72,+30,+37.86804,-109.70514,01.1,07,038,3,2022-09-15
040098,22,258,22,00,16,+25,+37.86667,-109.69929,01.0,08,038,3,2022-09-15
040098,22,259,00,00,14,+23,+37.86676,-109.69908,01.1,08,038,3,2022-09-16
040098,22,259,02,00,22,+21,+37.86650,-109.70078,01.0,08,038,3,2022-09-16
040098,22,259,06,00,10,+23,+37.86854,-109.70234,01.1,08,038,3,2022-09-16
040098,22,259,08,00,68,+27,+37.86796,-109.70348,00.8,09,038,3,2022-09-16
040098,22,259,12,00,62,+40,+37.87139,-109.70341,01.3,05,045,3,2022-09-16
040098,22,259,16,00,46,+34,+37.86980,-109.70327,00.8,09,038,3,2022-09-16
040098,22,259,18,00,84,+29,+37.87165,-109.70661,01.2,07,038,3,2022-09-16
040098,22,259,20,00,68,+25,+37.87200,-109.70518,01.0,09,058,3,2022-09-16
040098,22,259,22,00,50,+25,+37.87220,-109.70497,00.9,08,039,3,2022-09-16
040098,22,260,00,00,62,+19,+37.87477,-109.70375,01.5,06,038,3,2022-09-17
040098,22,260,02,00,52,+20,+37.87161,-109.70407,00.7,10,040,3,2022-09-17
040098,22,260,04,00,22,+21,+37.87211,-109.70426,00.9,09,038,3,2022-09-17
040098,22,260,06,00,18,+21,+37.87310,-109.70288,01.4,07,038,3,2022-09-17
040098,22,260,08,00,56,+25,+37.87553,-109.70161,00.9,09,038,3,2022-09-17
040098,22,260,10,00,04,+30,+37.87576,-109.70157,01.2,06,038,3,2022-09-17
040098,22,260,12,00,32,+34,+37.87504,-109.70226,01.2,06,038,3,2022-09-17
040098,22,260,16,00,92,+32,+37.86697,-109.70301,01.1,06,038,3,2022-09-17
040098,22,260,18,00,68,+28,+37.86639,-109.70326,02.2,06,038,3,2022-09-17
040098,22,260,20,00,56,+25,+37.86893,-109.70142,01.1,08,040,3,2022-09-17
040098,22,260,22,00,16,+20,+37.86880,-109.70154,01.1,08,040,3,2022-09-17
040098,22,261,00,00,64,+23,+37.86954,-109.70185,00.9,09,038,3,2022-09-18
040098,22,261,02,00,40,+21,+37.86940,-109.70169,00.9,09,038,3,2022-09-18
040098,22,261,04,00,12,+20,+37.86920,-109.70139,01.0,08,039,3,2022-09-18
040098,22,261,06,00,16,+23,+37.87109,-109.70166,01.2,07,038,3,2022-09-18
040098,22,261,08,00,88,+27,+37.87237,-109.70339,01.4,07,040,3,2022-09-18
040098,22,261,10,00,34,+30,+37.87272,-109.70541,00.9,06,039,3,2022-09-18
040098,22,261,12,00,26,+34,+37.87307,-109.70387,01.1,06,038,3,2022-09-18
040098,22,261,16,00,56,+39,+37.87075,-109.70346,01.4,07,038,3,2022-09-18
040098,22,261,18,00,98,+30,+37.87156,-109.70489,01.2,07,038,3,2022-09-18
040098,22,261,20,00,58,+37,+37.87121,-109.70541,01.1,08,040,3,2022-09-18
040098,22,261,22,00,14,+25,+37.87120,-109.70546,01.0,08,039,3,2022-09-18
040098,22,262,00,00,78,+22,+37.86883,-109.70384,00.9,09,038,3,2022-09-19
040098,22,262,04,00,12,+23,+37.86915,-109.70394,01.0,07,038,3,2022-09-19
040098,22,262,06,00,32,+20,+37.86830,-109.70320,01.0,09,038,3,2022-09-19
040098,22,262,10,01,24,+32,+37.86683,-109.69906,01.1,06,059,3,2022-09-19
040098,22,262,12,00,24,+39,+37.86745,-109.69992,01.3,04,038,3,2022-09-19
040098,22,262,14,00,68,+39,+37.86972,-109.70333,01.6,06,040,3,2022-09-19
040098,22,262,16,00,88,+34,+37.86270,-109.70440,00.9,09,038,3,2022-09-19
040098,22,262,18,00,78,+28,+37.86787,-109.70192,01.2,06,047,3,2022-09-19
040098,22,262,20,00,62,+24,+37.86887,-109.70146,01.2,07,040,3,2022-09-19
040098,22,262,22,00,12,+21,+37.86884,-109.70153,01.0,08,040,3,2022-09-19
040098,22,263,00,00,62,+21,+37.86832,-109.70191,00.9,09,039,3,2022-09-20
040098,22,263,02,00,56,+30,+37.86857,-109.70120,01.0,08,038,3,2022-09-20
040098,22,263,04,00,12,+29,+37.86860,-109.70119,01.0,07,039,3,2022-09-20
040098,22,263,06,00,12,+25,+37.86858,-109.70111,01.4,07,040,3,2022-09-20
040098,22,263,10,00,22,+25,+37.86652,-109.69997,00.9,07,038,3,2022-09-20
040098,22,263,12,00,22,+30,+37.86624,-109.70104,01.1,06,038,3,2022-09-20
040098,22,263,16,00,80,+26,+37.87101,-109.70388,01.0,07,038,3,2022-09-20
040098,22,263,18,00,96,+26,+37.87227,-109.70621,01.2,06,038,3,2022-09-20
040098,22,263,20,00,76,+24,+37.87329,-109.70207,01.3,07,039,3,2022-09-20
040098,22,263,22,00,30,+23,+37.87234,-109.70165,01.0,07,040,3,2022-09-20
040098,22,264,00,00,34,+23,+37.87239,-109.70268,01.1,08,038,3,2022-09-21
040098,22,264,04,00,20,+25,+37.87187,-109.70251,01.4,06,038,3,2022-09-21
040098,22,264,06,00,44,+24,+37.87289,-109.70316,03.9,05,038,3,2022-09-21
040098,22,264,08,00,90,+24,+37.87396,-109.70181,00.8,09,052,3,2022-09-21
040098,22,264,12,00,50,+29,+37.87098,-109.70269,01.2,06,039,3,2022-09-21
040098,22,264,16,00,44,+31,+37.86145,-109.70707,00.9,08,038,3,2022-09-21
040098,22,264,18,00,76,+25,+37.85967,-109.70653,01.3,06,038,3,2022-09-21
040098,22,264,20,00,46,+26,+37.86072,-109.70593,01.4,06,040,3,2022-09-21
040098,22,264,22,00,44,+25,+37.86061,-109.70518,00.8,08,040,3,2022-09-21
040098,22,265,00,00,22,+25,+37.86087,-109.70593,00.9,09,038,3,2022-09-22
040098,22,265,04,00,24,+23,+37.86083,-109.70565,01.0,08,038,3,2022-09-22
040098,22,265,06,00,62,+25,+37.86104,-109.70578,01.2,07,040,3,2022-09-22
040098,22,265,08,00,90,+25,+37.86320,-109.70430,00.9,08,038,3,2022-09-22
040098,22,265,12,00,30,+34,+37.86865,-109.70333,01.0,06,042,3,2022-09-22
040098,22,265,18,00,96,+27,+37.87179,-109.70213,01.2,07,038,3,2022-09-22
040098,22,265,20,00,54,+23,+37.87096,-109.70066,00.9,09,040,3,2022-09-22
040098,22,266,00,00,66,+21,+37.87034,-109.70060,01.0,08,038,3,2022-09-23
040098,22,266,02,00,36,+20,+37.86857,-109.70115,01.0,07,039,3,2022-09-23
040098,22,266,04,00,06,+18,+37.86856,-109.70114,01.0,08,038,3,2022-09-23
040098,22,266,10,00,28,+31,+37.87521,-109.70036,01.0,06,038,3,2022-09-23
040098,22,266,12,00,10,+33,+37.87562,-109.70059,01.0,07,038,3,2022-09-23
040098,22,266,16,00,90,+37,+37.87448,-109.70639,00.9,08,038,3,2022-09-23
040098,22,266,18,00,70,+27,+37.87363,-109.70238,01.3,06,038,3,2022-09-23
040098,22,266,20,00,74,+21,+37.87252,-109.70106,01.5,07,038,3,2022-09-23
040098,22,266,22,00,12,+18,+37.87208,-109.70125,01.8,05,052,3,2022-09-23
040098,22,267,00,00,74,+17,+37.87235,-109.70111,00.9,08,038,3,2022-09-24
040098,22,267,02,00,06,+19,+37.87246,-109.70112,01.0,07,040,3,2022-09-24
040098,22,267,04,00,50,+15,+37.87162,-109.70169,01.3,07,039,3,2022-09-24
040098,22,267,06,00,26,+14,+37.87209,-109.70249,01.3,07,038,3,2022-09-24
040098,22,267,08,00,90,+18,+37.87275,-109.70247,01.3,08,039,3,2022-09-24
040098,22,267,10,00,48,+30,+37.87263,-109.69986,01.3,06,038,3,2022-09-24
040098,22,267,12,00,06,+42,+37.87236,-109.70035,01.0,07,038,3,2022-09-24
040098,22,267,20,00,62,+20,+37.87043,-109.70472,01.2,07,041,3,2022-09-24
040098,22,267,22,00,12,+24,+37.87036,-109.70476,01.0,07,040,3,2022-09-24
040098,22,268,00,00,62,+15,+37.87142,-109.70692,00.9,08,038,3,2022-09-25
040098,22,268,02,00,52,+16,+37.87213,-109.70688,00.9,08,040,3,2022-09-25
040098,22,268,04,00,08,+15,+37.87200,-109.70686,01.1,08,038,3,2022-09-25
040098,22,268,08,00,76,+31,+37.87569,-109.70680,00.9,09,038,3,2022-09-25
040098,22,268,10,00,44,+30,+37.87702,-109.70771,00.9,07,039,3,2022-09-25
040098,22,268,12,00,08,+32,+37.87680,-109.70771,01.0,06,038,3,2022-09-25
040098,22,268,14,00,74,+40,+37.87294,-109.70462,02.4,05,059,3,2022-09-25
040098,22,268,16,00,66,+39,+37.87303,-109.70388,01.3,06,038,3,2022-09-25
040098,22,268,20,00,82,+19,+37.86919,-109.70146,00.9,09,038,3,2022-09-25
040098,22,268,22,00,10,+18,+37.86925,-109.70148,01.0,07,038,3,2022-09-25
040098,22,269,00,00,48,+17,+37.86858,-109.70153,01.0,09,038,3,2022-09-26
040098,22,269,08,00,94,+24,+37.87294,-109.70035,02.5,06,038,3,2022-09-26
040098,22,269,10,00,50,+31,+37.87401,-109.70041,01.0,06,056,3,2022-09-26
040098,22,269,12,00,10,+35,+37.87363,-109.70063,01.1,06,038,3,2022-09-26
040098,22,269,16,00,48,+36,+37.87137,-109.70612,01.0,07,038,3,2022-09-26
040098,22,270,00,00,44,+20,+37.87150,-109.70178,00.8,07,045,3,2022-09-27
040098,22,270,04,00,26,+20,+37.87124,-109.70186,00.8,10,038,3,2022-09-27
040098,22,270,06,00,24,+19,+37.87181,-109.70232,01.3,07,038,3,2022-09-27
040098,22,270,08,00,98,+27,+37.87496,-109.70367,01.4,07,038,3,2022-09-27
040098,22,270,14,00,78,+34,+37.87551,-109.70331,01.5,06,038,3,2022-09-27
040098,22,270,16,00,40,+35,+37.87592,-109.70352,01.4,06,038,3,2022-09-27
040098,22,270,22,00,36,+27,+37.87491,-109.70627,01.1,06,038,3,2022-09-27
040098,22,271,00,00,30,+27,+37.87500,-109.70661,00.8,09,040,3,2022-09-28
040098,22,271,02,00,58,+27,+37.87492,-109.70658,01.5,06,040,3,2022-09-28
040098,22,271,04,00,10,+25,+37.87484,-109.70659,00.9,08,038,3,2022-09-28
040098,22,271,06,00,20,+25,+37.87549,-109.70734,01.6,06,038,3,2022-09-28
040098,22,271,08,00,90,+29,+37.87359,-109.70398,01.3,08,057,3,2022-09-28
040098,22,271,10,00,58,+29,+37.86981,-109.70312,00.9,07,038,3,2022-09-28
040098,22,271,12,00,56,+36,+37.86968,-109.70312,00.9,08,038,3,2022-09-28
040098,22,271,16,00,64,+34,+37.86310,-109.70507,01.2,07,038,3,2022-09-28
040098,22,271,18,00,90,+26,+37.86056,-109.70764,01.2,06,038,3,2022-09-28
040098,22,271,20,00,70,+23,+37.86043,-109.70802,00.9,08,040,3,2022-09-28
040098,22,271,22,00,16,+23,+37.86039,-109.70814,01.0,08,039,3,2022-09-28
040098,22,272,00,00,50,+25,+37.86046,-109.70799,01.2,07,038,3,2022-09-29
040098,22,272,02,00,26,+20,+37.86073,-109.70838,01.3,06,058,3,2022-09-29
040098,22,272,06,00,24,+24,+37.86130,-109.70719,01.2,06,038,3,2022-09-29
040098,22,272,12,00,28,+35,+37.86056,-109.71020,00.9,07,038,3,2022-09-29
040098,22,272,14,00,62,+38,+37.85789,-109.70738,01.5,06,057,3,2022-09-29
040098,22,272,16,00,20,+34,+37.85761,-109.70705,01.2,07,038,3,2022-09-29
040098,22,272,20,00,64,+25,+37.86016,-109.70687,01.2,06,038,3,2022-09-29
040098,22,273,00,00,10,+20,+37.86157,-109.70764,00.9,09,038,3,2022-09-30
040098,22,273,02,00,74,+23,+37.86194,-109.70664,01.1,07,038,3,2022-09-30
040098,22,273,06,00,28,+23,+37.86165,-109.70625,01.4,06,038,3,2022-09-30
040098,22,273,10,00,20,+33,+37.85887,-109.71310,01.1,05,038,3,2022-09-30
040098,22,273,16,00,94,+20,+37.85663,-109.70907,01.3,06,038,3,2022-09-30
040098,22,273,22,00,58,+19,+37.86145,-109.70602,01.0,08,038,3,2022-09-30
040098,22,274,02,00,74,+22,+37.86149,-109.70547,01.2,06,038,3,2022-10-01
040098,22,274,04,00,10,+25,+37.86147,-109.70550,00.8,10,039,3,2022-10-01
040098,22,274,06,00,12,+23,+37.86176,-109.70566,01.1,09,038,3,2022-10-01
040098,22,274,14,00,70,+30,+37.86022,-109.70973,01.9,06,038,3,2022-10-01
040098,22,274,16,00,86,+31,+37.85596,-109.70890,01.2,06,038,3,2022-10-01
040098,22,274,20,00,38,+25,+37.85654,-109.70989,01.0,06,038,3,2022-10-01
040098,22,275,04,00,14,+21,+37.85588,-109.70993,01.6,06,038,3,2022-10-02
040098,22,275,06,00,08,+20,+37.85421,-109.70959,09.7,04,043,3,2022-10-02
040098,22,275,12,00,10,+31,+37.85547,-109.71073,01.4,06,046,3,2022-10-02
040098,22,275,14,00,76,+30,+37.85758,-109.70813,01.8,06,055,3,2022-10-02
040098,22,275,20,00,22,+19,+37.86106,-109.70986,01.0,07,047,3,2022-10-02
040098,22,275,22,00,46,+23,+37.86095,-109.71038,01.1,08,038,3,2022-10-02
040098,22,276,00,00,20,+21,+37.86093,-109.71031,01.1,08,038,3,2022-10-03
040098,22,276,02,00,60,+23,+37.86097,-109.71102,00.9,08,038,3,2022-10-03
040098,22,276,04,00,10,+19,+37.86092,-109.71108,01.0,08,040,3,2022-10-03
040098,22,276,06,00,16,+20,+37.86074,-109.71113,00.9,10,038,3,2022-10-03
040098,22,276,10,00,44,+28,+37.86046,-109.71260,01.2,05,038,3,2022-10-03
040098,22,276,12,00,32,+21,+37.86146,-109.70898,01.5,06,038,3,2022-10-03
040098,22,276,14,00,66,+31,+37.86081,-109.70925,02.0,06,039,3,2022-10-03
040098,22,276,16,00,70,+27,+37.87069,-109.70251,01.3,06,038,3,2022-10-03
040098,22,276,18,00,88,+24,+37.87584,-109.70722,01.6,06,038,3,2022-10-03
040098,22,276,20,00,40,+21,+37.87717,-109.70808,00.8,09,038,3,2022-10-03
040098,22,276,22,00,12,+26,+37.87712,-109.70799,01.0,08,039,3,2022-10-03
040098,22,277,00,00,50,+17,+37.87544,-109.70903,00.8,08,058,3,2022-10-04
040098,22,277,02,00,40,+18,+37.87527,-109.70714,01.0,08,039,3,2022-10-04
040098,22,277,04,00,10,+21,+37.87519,-109.70703,01.0,08,038,3,2022-10-04
040098,22,277,12,00,30,+29,+37.87752,-109.71027,01.0,07,044,3,2022-10-04
040098,22,277,14,00,66,+29,+37.87353,-109.70360,00.9,09,038,3,2022-10-04
040098,22,277,16,00,72,+32,+37.87240,-109.70690,00.9,08,041,3,2022-10-04
040098,22,277,18,00,94,+25,+37.87475,-109.70627,01.2,07,038,3,2022-10-04
040098,22,277,20,00,44,+20,+37.87530,-109.70686,00.8,10,038,3,2022-10-04
040098,22,277,22,00,12,+18,+37.87523,-109.70684,00.8,09,038,3,2022-10-04
040098,22,278,00,00,12,+20,+37.87535,-109.70733,00.8,09,038,3,2022-10-05
040098,22,278,02,00,78,+18,+37.87662,-109.70794,00.9,08,038,3,2022-10-05
040098,22,278,04,00,06,+23,+37.87654,-109.70781,01.0,09,038,3,2022-10-05
040098,22,278,06,00,08,+16,+37.87660,-109.70794,00.9,08,038,3,2022-10-05
040098,22,278,08,00,74,+30,+37.87356,-109.70700,01.6,07,038,3,2022-10-05
040098,22,278,14,00,26,+30,+37.87340,-109.70368,01.0,08,049,3,2022-10-05
040098,22,278,16,00,88,+36,+37.87487,-109.70184,01.1,07,038,3,2022-10-05
040098,22,278,18,00,98,+23,+37.87603,-109.70345,01.0,07,038,3,2022-10-05
040098,22,278,20,00,84,+18,+37.87569,-109.70378,01.0,08,038,3,2022-10-05
040098,22,279,00,00,12,+19,+37.87549,-109.70321,00.8,09,038,3,2022-10-06
040098,22,279,06,00,06,+22,+37.87523,-109.70348,00.9,08,038,3,2022-10-06
040098,22,279,08,00,78,+19,+37.89297,-109.69535,01.1,07,038,3,2022-10-06
040098,22,279,10,00,96,+26,+37.91286,-109.69178,01.0,06,038,3,2022-10-06
040098,22,279,12,00,64,+30,+37.92383,-109.68626,00.9,08,040,3,2022-10-06
040098,22,279,14,00,34,+31,+37.93203,-109.66806,02.4,06,038,3,2022-10-06
040098,22,279,18,00,80,+25,+37.94636,-109.63020,02.7,06,042,3,2022-10-06
040098,22,279,20,00,44,+25,+37.94784,-109.63034,01.0,07,040,3,2022-10-06
040098,22,279,22,00,18,+21,+37.94776,-109.63040,00.8,10,039,3,2022-10-06
040098,22,280,00,00,76,+19,+37.94755,-109.63053,00.8,09,038,3,2022-10-07
040098,22,280,02,00,18,+23,+37.94786,-109.63043,01.7,05,039,3,2022-10-07
040098,22,280,04,00,06,+23,+37.94811,-109.63076,01.1,07,038,3,2022-10-07
040098,22,280,06,00,10,+23,+37.94866,-109.63098,00.9,08,058,3,2022-10-07
040098,22,280,08,00,86,+31,+37.95560,-109.63026,01.9,05,038,3,2022-10-07
040098,22,280,12,00,68,+39,+37.95327,-109.63166,01.2,06,039,3,2022-10-07
040098,22,280,18,00,92,+26,+37.95370,-109.62887,01.0,05,038,3,2022-10-07
040098,22,280,20,00,14,+23,+37.95366,-109.62904,01.0,07,040,3,2022-10-07
040098,22,280,22,00,34,+24,+37.95358,-109.62899,00.9,09,040,3,2022-10-07
040098,22,281,00,00,34,+20,+37.95363,-109.62899,00.9,08,038,3,2022-10-08
040098,22,281,04,00,08,+21,+37.95360,-109.62899,00.9,09,038,3,2022-10-08
040098,22,281,06,00,14,+21,+37.95366,-109.62900,00.9,10,038,3,2022-10-08
040098,22,281,08,00,82,+25,+37.95464,-109.62960,01.7,05,038,3,2022-10-08
040098,22,281,12,00,52,+31,+37.95624,-109.62853,01.0,07,038,3,2022-10-08
040098,22,281,14,00,60,+37,+37.95669,-109.62837,01.0,08,039,3,2022-10-08
040098,22,281,16,00,68,+35,+37.95983,-109.62826,01.6,06,038,3,2022-10-08
040098,22,281,20,00,34,+25,+37.96200,-109.63088,01.1,07,038,3,2022-10-08
040098,22,281,22,00,12,+20,+37.96189,-109.63096,00.9,09,040,3,2022-10-08
040098,22,282,00,00,76,+21,+37.96139,-109.63066,01.0,08,038,3,2022-10-09
040098,22,282,02,00,24,+24,+37.96221,-109.63095,01.3,06,038,3,2022-10-09
040098,22,282,04,00,12,+24,+37.96190,-109.63047,01.0,08,038,3,2022-10-09
040098,22,282,06,00,08,+25,+37.96200,-109.63066,01.5,07,040,3,2022-10-09
040098,22,282,08,00,80,+25,+37.96209,-109.62826,01.1,08,038,3,2022-10-09
040098,22,282,12,00,48,+37,+37.96856,-109.61695,00.9,07,038,3,2022-10-09
040098,22,282,16,00,90,+28,+37.96307,-109.62332,01.3,06,038,3,2022-10-09
040098,22,282,18,00,86,+25,+37.96813,-109.62166,00.9,08,038,3,2022-10-09
040098,22,282,20,00,56,+25,+37.96838,-109.62181,01.2,06,040,3,2022-10-09
040098,22,282,22,00,12,+25,+37.96833,-109.62185,00.9,09,039,3,2022-10-09
040098,22,283,02,00,68,+19,+37.98120,-109.61106,01.0,07,038,3,2022-10-10
040098,22,283,04,00,08,+20,+37.98133,-109.61109,01.2,07,043,3,2022-10-10
040098,22,283,06,00,06,+20,+37.98107,-109.61105,00.9,09,040,3,2022-10-10
040098,22,283,08,00,82,+21,+37.98418,-109.60518,00.9,09,038,3,2022-10-10
040098,22,283,10,00,72,+32,+37.99423,-109.59799,01.1,06,038,3,2022-10-10
040098,22,283,12,00,10,+35,+37.99356,-109.59842,01.4,07,059,3,2022-10-10
040098,22,283,14,00,90,+35,+37.99883,-109.59528,01.0,08,042,3,2022-10-10
040098,22,283,16,00,66,+38,+38.02037,-109.58870,01.1,06,041,3,2022-10-10
040098,22,283,20,00,32,+25,+38.03189,-109.58245,01.9,06,038,3,2022-10-10
040098,22,283,22,00,44,+23,+38.03469,-109.58080,01.2,06,038,3,2022-10-10
040098,22,284,00,00,58,+23,+38.04502,-109.57862,01.0,08,038,3,2022-10-11
040098,22,284,02,00,08,+20,+38.04507,-109.57852,01.1,07,040,3,2022-10-11
040098,22,284,04,00,06,+20,+38.04487,-109.57871,01.1,08,039,3,2022-10-11
040098,22,284,06,00,06,+23,+38.04487,-109.57846,01.3,07,048,3,2022-10-11
040098,22,284,10,00,86,+36,+38.06366,-109.57329,01.4,05,038,3,2022-10-11
040098,22,284,14,00,12,+45,+38.06695,-109.57153,00.9,09,038,3,2022-10-11
040098,22,284,16,00,38,+35,+38.06183,-109.57493,01.1,07,038,3,2022-10-11
040098,22,284,18,00,92,+28,+38.05368,-109.58385,00.8,09,038,3,2022-10-11
040098,22,284,20,00,58,+25,+38.05273,-109.58621,01.0,08,058,3,2022-10-11
040098,22,284,22,00,50,+22,+38.05265,-109.58699,01.0,09,038,3,2022-10-11
040098,22,285,00,00,46,+22,+38.05305,-109.58859,00.9,08,039,3,2022-10-12
040098,22,285,02,00,58,+26,+38.05383,-109.58580,01.1,07,039,3,2022-10-12
040098,22,285,04,00,20,+21,+38.05253,-109.58653,02.1,05,042,3,2022-10-12
040098,22,285,06,00,08,+17,+38.05253,-109.58626,01.0,08,038,3,2022-10-12
040098,22,285,08,00,72,+25,+38.05433,-109.58420,01.0,08,038,3,2022-10-12
040098,22,285,10,00,80,+35,+38.06431,-109.57260,01.1,06,038,3,2022-10-12
040098,22,285,14,00,08,+45,+38.06696,-109.57138,00.9,09,038,3,2022-10-12
040098,22,285,16,00,70,+38,+38.06089,-109.57775,01.2,07,040,3,2022-10-12
040098,22,285,18,00,94,+27,+38.05284,-109.58828,00.8,08,038,3,2022-10-12
040098,22,285,20,00,42,+23,+38.05327,-109.58906,01.1,07,040,3,2022-10-12
040098,22,285,22,00,36,+21,+38.05313,-109.58895,00.8,10,038,3,2022-10-12
040098,22,286,02,00,48,+19,+38.05294,-109.58740,01.1,06,038,3,2022-10-13
040098,22,286,04,00,10,+16,+38.05868,-109.58778,01.2,06,045,3,2022-10-13
040098,22,286,06,00,18,+21,+38.05265,-109.58736,01.3,08,040,3,2022-10-13
040098,22,286,10,00,34,+32,+38.06173,-109.57531,01.1,06,038,3,2022-10-13
040098,22,286,16,00,90,+39,+38.07996,-109.57315,00.9,09,038,3,2022-10-13
040098,22,286,20,00,96,+24,+38.07614,-109.56745,00.7,11,038,3,2022-10-13
040098,22,286,22,00,34,+20,+38.07580,-109.56791,00.9,09,040,3,2022-10-13
040098,22,287,02,01,64,+18,+38.07474,-109.56652,00.8,09,059,3,2022-10-14
040098,22,287,04,00,62,+16,+38.07555,-109.56764,01.2,08,040,3,2022-10-14
040098,22,287,06,00,32,+17,+38.07641,-109.56768,00.9,09,038,3,2022-10-14
040098,22,287,08,00,98,+26,+38.07820,-109.56705,01.1,07,038,3,2022-10-14
040098,22,287,10,00,68,+34,+38.07472,-109.56419,01.1,05,038,3,2022-10-14
040098,22,287,12,00,30,+36,+38.07452,-109.56321,01.7,06,040,3,2022-10-14
040098,22,287,16,00,66,+38,+38.07346,-109.56381,01.4,07,038,3,2022-10-14
040098,22,287,20,00,28,+27,+38.07489,-109.56343,00.8,10,038,3,2022-10-14
040098,22,287,22,00,20,+20,+38.07505,-109.56372,00.9,08,038,3,2022-10-14
040098,22,288,00,00,64,+19,+38.07662,-109.56658,00.9,09,038,3,2022-10-15
040098,22,288,02,00,52,+19,+38.07697,-109.56625,00.8,09,038,3,2022-10-15
040098,22,288,04,00,24,+17,+38.07575,-109.56539,01.0,09,038,3,2022-10-15
040098,22,288,06,00,10,+19,+38.07583,-109.56539,00.9,08,038,3,2022-10-15
040098,22,288,08,00,84,+28,+38.07411,-109.56192,00.9,08,038,3,2022-10-15
040098,22,288,14,00,54,+37,+38.07293,-109.56646,01.5,05,038,3,2022-10-15
040098,22,288,16,00,74,+37,+38.07263,-109.56543,01.2,06,039,3,2022-10-15
040098,22,288,20,00,60,+24,+38.07730,-109.56940,00.8,09,053,3,2022-10-15
040098,22,288,22,00,24,+23,+38.07579,-109.56793,01.0,07,038,3,2022-10-15
040098,22,289,00,00,38,+21,+38.07561,-109.56752,01.3,06,038,3,2022-10-16
040098,22,289,02,00,26,+16,+38.07556,-109.56755,00.9,08,040,3,2022-10-16
040098,22,289,04,00,38,+22,+38.07556,-109.56756,01.0,08,039,3,2022-10-16
040098,22,289,12,01,14,+31,+38.07543,-109.56906,01.4,06,051,3,2022-10-16
040098,22,289,14,00,44,+40,+38.07483,-109.56924,01.1,06,038,3,2022-10-16
040098,22,289,16,00,96,+30,+38.07470,-109.56356,01.1,08,038,3,2022-10-16
040098,22,289,18,00,92,+25,+38.07641,-109.56558,01.1,07,039,3,2022-10-16
040098,22,289,20,00,32,+25,+38.07543,-109.56513,00.8,08,038,3,2022-10-16
040098,22,289,22,00,22,+20,+38.07563,-109.56526,01.1,09,038,3,2022-10-16
040098,22,290,00,00,42,+25,+38.07604,-109.56523,00.9,09,038,3,2022-10-17
040098,22,290,04,00,26,+18,+38.07098,-109.56234,01.3,07,038,3,2022-10-17
040098,22,290,06,00,14,+18,+38.07456,-109.56333,00.9,08,040,3,2022-10-17
040098,22,290,14,00,62,+35,+38.07261,-109.56741,01.0,07,038,3,2022-10-17
040098,22,290,16,00,52,+33,+38.07371,-109.56449,01.2,07,038,3,2022-10-17
040098,22,290,20,00,40,+23,+38.07383,-109.56256,01.0,08,038,3,2022-10-17
040098,22,290,22,00,36,+20,+38.07324,-109.56621,00.9,09,038,3,2022-10-17
040098,22,291,00,00,78,+18,+38.07285,-109.56707,00.9,08,041,3,2022-10-18
040098,22,291,02,00,06,+29,+38.07319,-109.56687,00.9,08,039,3,2022-10-18
040098,22,291,04,00,48,+16,+38.07370,-109.56711,01.4,06,038,3,2022-10-18
040098,22,291,06,00,06,+15,+38.07368,-109.56705,00.8,10,038,3,2022-10-18
040098,22,291,08,00,50,+24,+38.07306,-109.56419,00.8,09,038,3,2022-10-18
040098,22,291,12,00,64,+37,+38.07289,-109.56352,01.1,08,038,3,2022-10-18
040098,22,291,14,00,66,+35,+38.07403,-109.56489,00.9,08,038,3,2022-10-18
040098,22,291,16,00,34,+35,+38.07328,-109.56363,01.2,07,039,3,2022-10-18
040098,22,291,20,00,28,+24,+38.07449,-109.56269,01.0,08,038,3,2022-10-18
040098,22,291,22,00,14,+21,+38.07413,-109.56272,01.0,08,038,3,2022-10-18
040098,22,292,00,00,14,+18,+38.07443,-109.56268,01.4,06,041,3,2022-10-19
040098,22,292,02,00,18,+15,+38.07447,-109.56266,01.0,07,039,3,2022-10-19
040098,22,292,06,00,14,+16,+38.07437,-109.56224,00.9,08,052,3,2022-10-19
040098,22,292,10,00,54,+40,+38.07386,-109.56466,01.4,06,038,3,2022-10-19
040098,22,292,12,00,64,+33,+38.07332,-109.56378,01.5,07,039,3,2022-10-19
040098,22,292,18,00,88,+21,+38.07243,-109.56735,01.2,05,038,3,2022-10-19
040098,22,292,20,00,26,+22,+38.07271,-109.56729,00.8,10,038,3,2022-10-19
040098,22,292,22,00,14,+19,+38.07288,-109.56715,01.1,08,038,3,2022-10-19
040098,22,293,00,00,12,+17,+38.07279,-109.56715,01.0,07,039,3,2022-10-20
040098,22,293,02,00,40,+17,+38.07258,-109.56687,00.9,09,038,3,2022-10-20
040098,22,293,04,00,12,+17,+38.07278,-109.56711,01.1,08,039,3,2022-10-20
040098,22,293,06,00,12,+16,+38.07283,-109.56713,00.8,10,038,3,2022-10-20
040098,22,293,08,00,78,+29,+38.07369,-109.56436,00.9,08,038,3,2022-10-20
040098,22,293,10,00,26,+36,+38.07380,-109.56569,01.0,07,038,3,2022-10-20
040098,22,293,12,00,32,+37,+38.07504,-109.56905,01.5,06,040,3,2022-10-20
040098,22,293,14,00,68,+34,+38.07451,-109.56741,01.0,07,038,3,2022-10-20
040098,22,293,16,00,92,+37,+38.07329,-109.56379,01.1,07,044,3,2022-10-20
040098,22,293,20,00,22,+24,+38.07458,-109.56494,00.9,08,038,3,2022-10-20
040098,22,293,22,00,18,+19,+38.07406,-109.56552,00.9,09,040,3,2022-10-20
040098,22,294,00,00,10,+21,+38.07408,-109.56545,01.4,06,038,3,2022-10-21
040098,22,294,02,00,50,+18,+38.07357,-109.56428,01.0,07,040,3,2022-10-21
040098,22,294,04,00,38,+23,+38.07357,-109.56417,01.4,07,041,3,2022-10-21
040098,22,294,06,00,18,+16,+38.07359,-109.56413,00.9,08,038,3,2022-10-21
040098,22,294,08,00,76,+27,+38.07359,-109.56385,01.0,07,038,3,2022-10-21
040098,22,294,10,00,52,+39,+38.07332,-109.56481,00.9,07,038,3,2022-10-21
040098,22,294,12,00,28,+37,+38.07493,-109.57016,01.9,06,038,3,2022-10-21
040098,22,294,14,00,60,+37,+38.07273,-109.56421,01.0,07,038,3,2022-10-21
040098,22,294,16,01,40,+36,+38.07393,-109.56394,01.3,06,060,2,2022-10-21
040098,22,294,20,00,66,+25,+38.07271,-109.56753,01.1,07,038,3,2022-10-21
040098,22,294,22,00,08,+25,+38.07277,-109.56756,01.3,07,039,3,2022-10-21
040098,22,295,00,00,10,+23,+38.07283,-109.56747,01.4,06,040,3,2022-10-22
040098,22,295,02,00,44,+23,+38.07333,-109.56764,01.0,08,038,3,2022-10-22
040098,22,295,04,00,08,+23,+38.07339,-109.56760,01.3,07,038,3,2022-10-22
040098,22,295,06,00,20,+23,+38.07330,-109.56354,01.0,08,038,3,2022-10-22
040098,22,295,08,00,66,+33,+38.07319,-109.56386,00.9,07,038,3,2022-10-22
040098,22,295,10,00,42,+32,+38.07429,-109.56711,01.0,06,038,3,2022-10-22
040098,22,295,16,00,76,+32,+38.07437,-109.56429,01.6,06,038,3,2022-10-22
040098,22,295,18,00,94,+28,+38.07397,-109.56484,00.9,08,039,3,2022-10-22
040098,22,295,20,00,54,+27,+38.07579,-109.57080,00.9,08,039,3,2022-10-22
040098,22,295,22,00,56,+25,+38.07543,-109.57071,01.0,08,038,3,2022-10-22
040098,22,296,00,00,24,+20,+38.07559,-109.57066,01.0,07,039,3,2022-10-23
040098,22,296,02,00,62,+20,+38.07580,-109.57000,01.1,07,038,3,2022-10-23
040098,22,296,04,00,28,+14,+38.07593,-109.56958,01.1,08,039,3,2022-10-23
040098,22,296,06,00,16,+13,+38.07589,-109.56964,00.9,09,040,3,2022-10-23
040098,22,296,08,00,82,+14,+38.07383,-109.56452,00.8,09,038,3,2022-10-23
040098,22,296,10,00,46,+26,+38.07432,-109.56764,01.0,06,043,3,2022-10-23
040098,22,296,12,00,26,+10,+38.07395,-109.56619,01.5,07,038,3,2022-10-23
040098,22,296,16,00,96,+16,+38.07479,-109.56362,01.7,05,038,3,2022-10-23
040098,22,296,20,00,44,+16,+38.07462,-109.56433,00.9,08,038,3,2022-10-23
040098,22,296,22,00,12,+16,+38.07473,-109.56440,00.9,09,038,3,2022-10-23
040098,22,297,00,00,14,+15,+38.07464,-109.56434,01.0,07,040,3,2022-10-24
040098,22,297,02,00,12,+12,+38.07470,-109.56436,00.9,09,038,3,2022-10-24
040098,22,297,04,00,06,+15,+38.07469,-109.56421,01.0,09,039,3,2022-10-24
040098,22,297,06,00,08,+10,+38.07463,-109.56424,00.9,10,038,3,2022-10-24
040098,22,297,08,00,72,+19,+38.07509,-109.56365,01.0,09,038,3,2022-10-24
040098,22,297,10,00,72,+16,+38.07521,-109.56378,01.0,06,058,3,2022-10-24
040098,22,297,16,00,96,+21,+38.07420,-109.56279,02.1,05,043,3,2022-10-24
040098,22,297,20,00,18,+17,+38.07415,-109.56266,00.8,09,038,3,2022-10-24
040098,22,297,22,00,12,+14,+38.07409,-109.56262,00.8,10,038,3,2022-10-24
040098,22,298,00,00,12,+10,+38.07415,-109.56265,01.0,07,041,3,2022-10-25
040098,22,298,02,00,08,+10,+38.07416,-109.56264,00.8,10,039,3,2022-10-25
040098,22,298,04,00,06,+14,+38.07420,-109.56260,01.0,09,038,3,2022-10-25
040098,22,298,06,00,08,+14,+38.07420,-109.56259,00.8,10,038,3,2022-10-25
040098,22,298,08,00,66,+23,+38.07464,-109.56360,00.9,10,038,3,2022-10-25
040098,22,298,10,00,58,+25,+38.07313,-109.56369,00.9,08,038,3,2022-10-25
040098,22,298,12,00,26,+30,+38.07362,-109.56438,01.5,07,038,3,2022-10-25
040098,22,298,14,00,32,+28,+38.07342,-109.56427,01.2,06,038,3,2022-10-25
040098,22,298,18,00,58,+20,+38.07341,-109.56386,01.1,07,038,3,2022-10-25
040098,22,298,20,00,24,+18,+38.07346,-109.56491,00.9,08,038,3,2022-10-25
040098,22,298,22,00,22,+20,+38.07366,-109.56428,01.0,09,038,3,2022-10-25
040098,22,299,00,00,08,+20,+38.07374,-109.56417,01.0,07,040,3,2022-10-26
040098,22,299,02,00,08,+18,+38.07351,-109.56417,00.9,10,039,3,2022-10-26
040098,22,299,04,00,22,+18,+38.07336,-109.56375,01.1,08,040,3,2022-10-26
040098,22,299,06,00,06,+17,+38.07332,-109.56369,01.0,09,038,3,2022-10-26
040098,22,299,08,00,52,+20,+38.07332,-109.56381,01.0,09,038,3,2022-10-26
040098,22,299,10,00,10,+33,+38.07365,-109.56373,00.9,07,038,3,2022-10-26
040098,22,299,12,00,80,+28,+38.07332,-109.56382,01.4,07,039,3,2022-10-26
040098,22,299,14,00,14,+29,+38.07329,-109.56367,01.3,06,038,3,2022-10-26
040098,22,299,18,00,86,+22,+38.07306,-109.56051,01.1,06,038,3,2022-10-26
040098,22,299,20,00,20,+21,+38.07403,-109.56233,01.1,07,038,3,2022-10-26
040098,22,299,22,00,12,+25,+38.07414,-109.56247,00.9,08,038,3,2022-10-26
040098,22,300,00,00,30,+13,+38.07448,-109.56251,01.2,06,038,3,2022-10-27
040098,22,300,02,00,22,+15,+38.07403,-109.56240,00.8,10,038,3,2022-10-27
040098,22,300,04,00,14,+12,+38.07403,-109.56249,01.1,08,038,3,2022-10-27
040098,22,300,06,00,08,+17,+38.07410,-109.56238,00.9,09,040,3,2022-10-27
040098,22,300,08,00,52,+13,+38.07432,-109.56234,01.3,08,038,3,2022-10-27
040098,22,300,10,00,66,+15,+38.07397,-109.56272,00.9,08,038,3,2022-10-27
040098,22,300,12,00,62,+23,+38.07456,-109.56363,01.7,06,038,3,2022-10-27
040098,22,300,20,01,40,+18,+38.07553,-109.56714,01.2,05,056,3,2022-10-27
040098,22,301,00,00,12,+10,+38.07501,-109.56623,02.0,04,039,3,2022-10-28
040098,22,301,02,00,38,+12,+38.07548,-109.56533,01.3,07,042,3,2022-10-28
040098,22,301,06,00,06,+15,+38.07563,-109.56520,00.8,09,038,3,2022-10-28
040098,22,301,08,00,70,+16,+38.07357,-109.56379,01.1,06,038,3,2022-10-28
040098,22,301,12,00,26,+25,+38.07350,-109.56509,01.5,06,038,3,2022-10-28
040098,22,301,14,00,40,+29,+38.07403,-109.56444,01.0,07,047,3,2022-10-28
040098,22,301,16,00,90,+27,+38.07485,-109.56346,01.2,05,038,3,2022-10-28
040098,22,301,20,00,12,+14,+38.07361,-109.56354,00.7,11,039,3,2022-10-28
040098,22,301,22,00,14,+18,+38.07353,-109.56356,00.9,09,038,3,2022-10-28
040098,22,302,00,00,20,+13,+38.07356,-109.56348,01.0,07,040,3,2022-10-29
