CollarSerialNumber,Year,Julianday,Hour,Minute,Activity,Temperature,Latitude,Longitude,HDOP,NumSats,FixTime,2D/3D,Date
040649,22,074,11,00,00,+18,+38.07065,-109.56568,01.2,05,038,3,2022-03-15
040649,22,074,12,00,00,+25,+38.07062,-109.56571,01.1,07,038,3,2022-03-15
040649,22,074,13,00,00,+47,+38.07067,-109.56568,01.0,08,038,3,2022-03-15
040649,22,074,14,00,22,+35,+38.16108,-109.61948,01.2,07,038,3,2022-03-15
040649,22,074,15,00,24,+31,+38.07070,-109.56560,01.1,07,038,3,2022-03-15
040649,22,074,16,00,00,+33,+38.07066,-109.56562,01.1,07,038,3,2022-03-15
040649,22,074,17,00,00,+33,+38.07065,-109.56565,00.8,09,038,3,2022-03-15
040649,22,074,17,30,00,+33,+38.07065,-109.56562,01.0,08,038,3,2022-03-15
040649,22,074,17,40,00,+33,+38.07063,-109.56564,00.8,09,038,3,2022-03-15
040649,22,074,17,50,00,+32,+38.07066,-109.56562,00.8,09,038,3,2022-03-15
040649,22,074,18,00,00,+31,+38.07063,-109.56565,01.0,08,038,3,2022-03-15
040649,22,074,18,10,00,+30,+38.07065,-109.56566,01.1,08,038,3,2022-03-15
040649,22,074,18,20,00,+30,+38.07073,-109.56565,01.1,08,038,3,2022-03-15
040649,22,074,18,30,00,+29,+38.07071,-109.56558,01.1,08,038,3,2022-03-15
040649,22,074,18,40,00,+29,+38.07069,-109.56562,01.1,08,038,3,2022-03-15
040649,22,074,18,50,00,+28,+38.07064,-109.56558,01.4,08,038,3,2022-03-15
040649,22,074,19,00,00,+27,+38.07067,-109.56558,01.1,08,038,3,2022-03-15
040649,22,074,19,10,00,+25,+38.07069,-109.56555,01.1,08,038,3,2022-03-15
040649,22,074,19,20,00,+25,+38.07067,-109.56558,01.2,07,038,3,2022-03-15
040649,22,074,19,30,00,+24,+38.07060,-109.56547,01.0,08,038,3,2022-03-15
040649,22,074,19,40,00,+24,+38.07070,-109.56555,01.0,08,038,3,2022-03-15
040649,22,074,19,50,00,+23,+38.07065,-109.56558,00.8,09,038,3,2022-03-15
040649,22,074,20,00,00,+22,+38.07065,-109.56558,00.8,10,038,3,2022-03-15
040649,22,074,20,10,00,+21,+38.07065,-109.56558,00.8,10,038,3,2022-03-15
040649,22,074,20,20,00,+21,+38.07069,-109.56562,00.8,10,038,3,2022-03-15
040649,22,074,20,30,00,+20,+38.07063,-109.56560,01.0,08,038,3,2022-03-15
040649,22,074,20,40,00,+20,+38.07067,-109.56556,00.8,09,038,3,2022-03-15
040649,22,074,20,50,00,+19,+38.07068,-109.56558,00.8,09,038,3,2022-03-15
040649,22,074,21,00,00,+19,+38.07067,-109.56558,00.7,11,038,3,2022-03-15
040649,22,074,21,10,00,+18,+38.07069,-109.56562,00.7,10,038,3,2022-03-15
040649,22,074,21,20,00,+18,+38.07069,-109.56562,00.7,10,038,3,2022-03-15
040649,22,074,21,30,00,+18,+38.07069,-109.56562,00.9,08,038,3,2022-03-15
040649,22,074,21,40,00,+17,+38.07077,-109.56562,01.1,08,038,3,2022-03-15
040649,22,074,21,50,00,+16,+38.07065,-109.56560,01.0,08,038,3,2022-03-15
040649,22,074,22,00,00,+16,+38.07064,-109.56558,00.9,09,038,3,2022-03-15
040649,22,074,22,10,00,+16,+38.07065,-109.56552,01.0,09,038,3,2022-03-15
040649,22,074,22,20,00,+15,+38.07063,-109.56558,00.9,09,038,3,2022-03-15
040649,22,074,22,30,00,+15,+38.07065,-109.56560,00.7,10,038,3,2022-03-15
040649,22,074,22,40,00,+15,+38.07069,-109.56560,00.8,09,038,3,2022-03-15
040649,22,074,22,50,00,+15,+38.07065,-109.56565,00.8,08,038,3,2022-03-15
040649,22,074,23,00,00,+14,+38.07069,-109.56564,00.7,09,038,3,2022-03-15
040649,22,074,23,10,00,+14,+38.07064,-109.56562,00.9,07,038,3,2022-03-15
040649,22,074,23,20,00,+14,+38.07067,-109.56558,00.9,07,038,3,2022-03-15
040649,22,074,23,30,00,+13,+38.07064,-109.56558,00.9,07,038,3,2022-03-15
040649,22,074,23,40,00,+13,+38.07067,-109.56560,00.9,07,037,3,2022-03-15
040649,22,074,23,50,00,+13,+38.07067,-109.56565,01.0,07,038,3,2022-03-15
040649,22,075,00,00,00,+13,+38.07068,-109.56562,01.0,07,038,3,2022-03-16
040649,22,075,00,10,00,+13,+38.07065,-109.56560,00.8,08,038,3,2022-03-16
040649,22,075,00,20,00,+13,+38.07067,-109.56562,00.9,08,038,3,2022-03-16
040649,22,075,00,30,00,+13,+38.07062,-109.56562,00.9,08,038,3,2022-03-16
040649,22,075,00,40,00,+13,+38.07059,-109.56562,00.9,08,038,3,2022-03-16
040649,22,075,00,50,00,+13,+38.07061,-109.56562,00.9,08,038,3,2022-03-16
040649,22,075,01,00,00,+13,+38.07062,-109.56565,00.9,08,038,3,2022-03-16
040649,22,075,01,10,00,+13,+38.07064,-109.56562,00.9,08,038,3,2022-03-16
040649,22,075,01,20,00,+13,+38.07067,-109.56565,00.9,08,038,3,2022-03-16
040649,22,075,01,30,00,+13,+38.07068,-109.56565,00.8,09,038,3,2022-03-16
040649,22,075,01,40,00,+13,+38.07069,-109.56568,00.9,09,038,3,2022-03-16
040649,22,075,01,50,00,+13,+38.07066,-109.56562,00.9,09,038,3,2022-03-16
040649,22,075,02,00,00,+12,+38.07067,-109.56565,00.9,08,038,3,2022-03-16
040649,22,075,02,10,00,+12,+38.07064,-109.56562,01.1,08,038,3,2022-03-16
040649,22,075,02,20,00,+12,+38.07062,-109.56568,01.1,08,038,3,2022-03-16
040649,22,075,02,30,00,+12,+38.07062,-109.56565,00.9,09,038,3,2022-03-16
040649,22,075,02,40,00,+12,+38.07066,-109.56562,01.2,06,038,3,2022-03-16
040649,22,075,02,50,00,+12,+38.07069,-109.56562,01.5,06,038,3,2022-03-16
040649,22,075,03,00,00,+13,+38.07064,-109.56568,01.5,06,038,3,2022-03-16
040649,22,075,03,10,00,+13,+38.07067,-109.56564,01.4,07,038,3,2022-03-16
040649,22,075,03,20,00,+13,+38.07059,-109.56564,01.4,07,038,3,2022-03-16
040649,22,075,03,30,00,+12,+38.07062,-109.56562,01.3,07,038,3,2022-03-16
040649,22,075,03,40,00,+13,+38.07069,-109.56564,01.3,07,038,3,2022-03-16
040649,22,075,03,50,00,+13,+38.07065,-109.56562,01.3,07,038,3,2022-03-16
040649,22,075,04,00,00,+13,+38.07065,-109.56560,01.0,08,038,3,2022-03-16
040649,22,075,04,10,00,+13,+38.07065,-109.56562,00.9,09,038,3,2022-03-16
040649,22,075,04,20,00,+13,+38.07066,-109.56565,00.9,09,038,3,2022-03-16
040649,22,075,04,30,00,+13,+38.07067,-109.56564,00.9,09,038,3,2022-03-16
040649,22,075,04,40,00,+13,+38.07064,-109.56564,01.0,08,038,3,2022-03-16
040649,22,075,04,50,00,+13,+38.07069,-109.56564,01.1,07,038,3,2022-03-16
040649,22,075,05,00,00,+13,+38.07068,-109.56562,01.1,07,038,3,2022-03-16
040649,22,075,05,10,00,+13,+38.07072,-109.56562,01.1,07,039,3,2022-03-16
040649,22,075,05,20,00,+13,+38.07072,-109.56565,01.0,07,038,3,2022-03-16
040649,22,075,05,30,00,+12,+38.07069,-109.56562,01.0,07,038,3,2022-03-16
040649,22,075,05,40,00,+13,+38.07073,-109.56566,00.7,09,038,3,2022-03-16
040649,22,075,05,50,00,+13,+38.07068,-109.56562,00.8,08,038,3,2022-03-16
040649,22,075,06,00,00,+13,+38.07067,-109.56564,00.8,08,038,3,2022-03-16
040649,22,075,06,10,00,+13,+38.07067,-109.56565,00.8,08,038,3,2022-03-16
040649,22,075,06,20,00,+13,+38.07067,-109.56566,00.9,08,038,3,2022-03-16
040649,22,075,06,30,00,+13,+38.07060,-109.56565,01.4,07,038,3,2022-03-16
040649,22,075,06,40,00,+12,+38.07064,-109.56566,01.2,07,038,3,2022-03-16
040649,22,075,06,50,00,+12,+38.07060,-109.56562,01.3,07,038,3,2022-03-16
040649,22,075,07,00,00,+12,+38.07058,-109.56562,01.0,08,038,3,2022-03-16
040649,22,075,07,10,00,+12,+38.07065,-109.56565,01.2,07,038,3,2022-03-16
040649,22,075,07,20,00,+12,+38.07067,-109.56558,01.0,07,038,3,2022-03-16
040649,22,075,07,30,00,+12,+38.07066,-109.56565,01.0,07,038,3,2022-03-16
040649,22,075,07,40,00,+12,+38.07069,-109.56566,01.0,07,038,3,2022-03-16
040649,22,075,07,50,00,+12,+38.07065,-109.56562,00.9,08,038,3,2022-03-16
040649,22,075,08,00,00,+12,+38.07065,-109.56564,00.9,08,038,3,2022-03-16
040649,22,075,08,10,62,+12,+38.10894,-109.59877,01.0,08,038,3,2022-03-16
040649,22,075,08,20,76,+12,+38.15950,-109.61988,00.8,09,038,3,2022-03-16
040649,22,075,08,30,24,+13,+38.15970,-109.62059,00.9,09,038,3,2022-03-16
040649,22,075,08,40,04,+14,+38.15960,-109.62059,00.9,09,038,3,2022-03-16
040649,22,075,08,50,00,+17,+38.15961,-109.62055,00.9,09,038,3,2022-03-16
040649,22,075,09,00,00,+18,+38.15962,-109.62055,00.9,09,038,3,2022-03-16
040649,22,075,09,10,00,+19,+38.15957,-109.62059,00.9,09,038,3,2022-03-16
040649,22,075,09,20,00,+20,+38.15962,-109.62055,00.8,09,038,3,2022-03-16
040649,22,075,09,30,00,+20,+38.15958,-109.62055,00.8,10,038,3,2022-03-16
040649,22,075,09,40,00,+22,+38.15960,-109.62057,00.8,10,038,3,2022-03-16
040649,22,075,09,50,00,+23,+38.15959,-109.62059,00.9,09,038,3,2022-03-16
040649,22,075,10,00,00,+25,+38.15959,-109.62059,00.9,09,038,3,2022-03-16
040649,22,075,10,10,00,+25,+38.15959,-109.62059,00.8,09,038,3,2022-03-16
040649,22,075,10,20,00,+26,+38.15960,-109.62059,01.0,09,038,3,2022-03-16
040649,22,075,10,30,00,+26,+38.15961,-109.62061,00.7,11,038,3,2022-03-16
040649,22,075,10,40,00,+27,+38.15960,-109.62061,00.7,11,038,3,2022-03-16
040649,22,075,10,50,00,+28,+38.15959,-109.62059,00.7,10,038,3,2022-03-16
040649,22,075,11,00,66,+25,+38.16104,-109.61895,00.8,10,038,3,2022-03-16
040649,22,075,11,10,96,+24,+38.16363,-109.61796,00.8,09,038,3,2022-03-16
040649,22,075,11,20,80,+25,+38.16441,-109.61692,00.8,10,038,3,2022-03-16
040649,22,075,11,30,40,+25,+38.16436,-109.61651,00.8,10,038,3,2022-03-16
040649,22,075,11,40,48,+25,+38.16427,-109.61598,00.7,11,038,3,2022-03-16
040649,22,075,11,50,26,+25,+38.16425,-109.61599,00.8,10,038,3,2022-03-16
040649,22,075,12,00,30,+25,+38.16421,-109.61601,00.8,10,038,3,2022-03-16
040649,22,075,12,10,30,+23,+38.16419,-109.61601,00.8,10,038,3,2022-03-16
040649,22,075,12,20,24,+22,+38.16419,-109.61601,00.9,09,038,3,2022-03-16
040649,22,075,12,30,02,+23,+38.16421,-109.61602,00.9,09,038,3,2022-03-16
040649,22,075,12,40,60,+23,+38.16482,-109.61521,00.9,09,038,3,2022-03-16
040649,22,075,12,50,88,+23,+38.16473,-109.61135,00.9,09,038,3,2022-03-16
040649,22,075,13,00,94,+23,+38.16280,-109.60886,00.8,10,038,3,2022-03-16
040649,22,075,13,10,40,+22,+38.16260,-109.60859,00.8,10,038,3,2022-03-16
040649,22,075,13,20,30,+21,+38.16263,-109.60859,00.8,10,038,3,2022-03-16
040649,22,075,13,30,20,+21,+38.16263,-109.60861,00.8,10,038,3,2022-03-16
040649,22,075,13,40,26,+20,+38.16262,-109.60861,01.0,09,038,3,2022-03-16
040649,22,075,13,50,24,+20,+38.16264,-109.60859,00.8,09,038,3,2022-03-16
040649,22,075,14,00,22,+20,+38.16263,-109.60861,00.8,09,038,3,2022-03-16
040649,22,075,14,10,14,+20,+38.16265,-109.60858,00.8,09,038,3,2022-03-16
040649,22,075,14,20,02,+20,+38.16268,-109.60859,00.8,10,038,3,2022-03-16
040649,22,075,14,30,46,+20,+38.16300,-109.60845,00.8,09,038,3,2022-03-16
040649,22,075,14,40,02,+21,+38.16303,-109.60842,00.9,09,038,3,2022-03-16
040649,22,075,14,50,00,+23,+38.16304,-109.60831,00.9,08,038,3,2022-03-16
040649,22,075,15,00,04,+24,+38.16300,-109.60844,01.0,07,038,3,2022-03-16
040649,22,075,15,10,30,+23,+38.16249,-109.60842,01.0,07,038,3,2022-03-16
040649,22,075,17,10,92,+19,+38.16502,-109.60525,00.8,10,038,3,2022-03-16
040649,22,076,11,11,86,+22,+38.16071,-109.60852,00.8,08,038,3,2022-03-17
040649,22,076,12,00,98,+23,+38.15850,-109.60632,00.8,09,040,3,2022-03-17
040649,22,076,13,00,98,+23,+38.15711,-109.60707,00.8,09,038,3,2022-03-17
040649,22,076,15,00,96,+25,+38.15307,-109.61220,01.0,06,051,3,2022-03-17
040649,22,076,16,00,88,+25,+38.15284,-109.61172,01.1,08,038,3,2022-03-17
040649,22,076,17,00,60,+25,+38.15160,-109.61098,01.5,07,038,3,2022-03-17
040649,22,076,18,00,98,+20,+38.15032,-109.60859,00.9,08,038,3,2022-03-17
040649,22,076,19,00,98,+15,+38.14891,-109.60941,01.1,08,038,3,2022-03-17
040649,22,076,20,00,40,+15,+38.14915,-109.60989,00.8,09,038,3,2022-03-17
040649,22,076,21,00,16,+14,+38.14916,-109.60993,00.7,10,038,3,2022-03-17
040649,22,076,22,00,20,+14,+38.14923,-109.60999,00.9,08,038,3,2022-03-17
040649,22,076,23,00,14,+13,+38.14913,-109.60994,00.7,09,038,3,2022-03-17
040649,22,077,00,00,96,+11,+38.14926,-109.61344,00.8,08,038,3,2022-03-18
040649,22,077,01,00,98,+12,+38.14956,-109.61201,01.0,07,038,3,2022-03-18
040649,22,077,02,00,38,+13,+38.14970,-109.61174,00.9,09,038,3,2022-03-18
040649,22,077,03,00,16,+12,+38.14963,-109.61174,01.3,08,038,3,2022-03-18
040649,22,077,04,00,20,+12,+38.14970,-109.61174,00.8,10,038,3,2022-03-18
040649,22,077,05,00,18,+11,+38.14973,-109.61174,00.8,10,038,3,2022-03-18
040649,22,077,06,00,24,+12,+38.14971,-109.61178,00.9,08,038,3,2022-03-18
040649,22,077,07,00,84,+09,+38.14443,-109.61186,01.0,08,038,3,2022-03-18
040649,22,077,08,00,98,+18,+38.13899,-109.60773,00.9,08,038,3,2022-03-18
040649,22,077,09,00,96,+21,+38.12781,-109.60859,00.9,08,038,3,2022-03-18
040649,22,077,10,00,22,+26,+38.12741,-109.60859,00.9,08,038,3,2022-03-18
040649,22,077,11,00,20,+31,+38.12740,-109.60854,00.9,07,038,3,2022-03-18
040649,22,077,12,00,32,+26,+38.13001,-109.60796,00.9,09,038,3,2022-03-18
040649,22,077,13,00,98,+27,+38.13507,-109.60493,00.8,08,038,3,2022-03-18
040649,22,077,14,00,98,+28,+38.13385,-109.60613,01.0,07,038,3,2022-03-18
040649,22,077,16,00,92,+28,+38.13655,-109.59861,01.2,07,038,3,2022-03-18
040649,22,077,17,00,38,+28,+38.13642,-109.59854,00.8,09,039,3,2022-03-18
040649,22,077,19,00,92,+16,+38.13656,-109.59848,01.4,07,039,3,2022-03-18
040649,22,077,20,00,24,+19,+38.13655,-109.59860,00.8,09,038,3,2022-03-18
040649,22,077,21,00,18,+19,+38.13657,-109.59860,00.8,09,038,3,2022-03-18
040649,22,077,22,00,14,+19,+38.13655,-109.59861,01.0,08,038,3,2022-03-18
040649,22,077,23,00,54,+16,+38.13685,-109.59871,00.9,08,038,3,2022-03-18
040649,22,078,00,00,98,+14,+38.13862,-109.59867,01.0,07,038,3,2022-03-19
040649,22,078,01,00,96,+12,+38.13959,-109.59965,00.9,08,038,3,2022-03-19
040649,22,078,03,00,80,+10,+38.14379,-109.60140,01.4,07,038,3,2022-03-19
040649,22,078,04,00,18,+13,+38.14389,-109.60150,00.8,10,038,3,2022-03-19
040649,22,078,05,00,14,+13,+38.14396,-109.60148,00.9,09,038,3,2022-03-19
040649,22,078,06,00,06,+13,+38.14393,-109.60146,00.8,09,038,3,2022-03-19
040649,22,078,07,00,92,+10,+38.14393,-109.60132,01.0,08,038,3,2022-03-19
040649,22,078,08,00,98,+16,+38.14383,-109.60285,00.9,08,038,3,2022-03-19
040649,22,078,09,00,96,+23,+38.14456,-109.60266,00.9,08,038,3,2022-03-19
040649,22,078,17,00,96,+25,+38.15194,-109.61527,00.8,09,039,3,2022-03-19
040649,22,078,19,00,98,+22,+38.14789,-109.60895,01.8,05,037,3,2022-03-19
040649,22,078,20,00,50,+23,+38.14588,-109.60422,00.8,10,041,3,2022-03-19
040649,22,078,21,00,12,+23,+38.14591,-109.60424,00.8,09,038,3,2022-03-19
040649,22,078,22,00,40,+21,+38.14586,-109.60411,01.0,08,038,3,2022-03-19
040649,22,078,23,00,16,+21,+38.14583,-109.60408,00.9,08,038,3,2022-03-19
040649,22,079,00,00,86,+19,+38.14393,-109.59970,01.0,07,038,3,2022-03-20
040649,22,079,01,00,98,+20,+38.14447,-109.59961,00.8,09,038,3,2022-03-20
040649,22,079,02,00,92,+20,+38.14436,-109.60170,01.1,08,040,3,2022-03-20
040649,22,079,03,00,16,+23,+38.14428,-109.60174,01.3,08,040,3,2022-03-20
040649,22,079,04,00,16,+21,+38.14435,-109.60167,00.8,10,038,3,2022-03-20
040649,22,079,05,00,14,+21,+38.14440,-109.60170,01.0,09,038,3,2022-03-20
040649,22,079,06,00,30,+20,+38.14447,-109.60108,00.9,08,038,3,2022-03-20
040649,22,079,07,00,98,+20,+38.14471,-109.59786,01.3,06,038,3,2022-03-20
040649,22,079,09,00,96,+24,+38.14003,-109.59986,01.1,07,038,3,2022-03-20
040649,22,079,11,00,78,+28,+38.13733,-109.59812,00.9,08,038,3,2022-03-20
040649,22,079,12,00,16,+30,+38.13733,-109.59805,00.9,08,038,3,2022-03-20
040649,22,079,13,00,14,+31,+38.13734,-109.59808,01.0,08,038,3,2022-03-20
040649,22,079,14,00,18,+30,+38.13734,-109.59805,00.9,08,038,3,2022-03-20
040649,22,079,15,00,78,+29,+38.13703,-109.59636,01.2,06,038,3,2022-03-20
040649,22,079,16,00,98,+25,+38.13658,-109.59720,00.9,08,038,3,2022-03-20
040649,22,079,17,00,98,+23,+38.13650,-109.59854,00.8,09,038,3,2022-03-20
040649,22,079,18,00,58,+23,+38.13658,-109.59871,01.2,08,038,3,2022-03-20
040649,22,079,20,00,58,+18,+38.14052,-109.59640,00.9,08,038,3,2022-03-20
040649,22,079,21,00,24,+18,+38.14052,-109.59640,00.8,09,038,3,2022-03-20
040649,22,079,22,00,24,+18,+38.14053,-109.59638,00.9,08,038,3,2022-03-20
040649,22,079,23,00,16,+14,+38.14056,-109.59638,00.9,08,038,3,2022-03-20
040649,22,080,00,00,14,+16,+38.14051,-109.59640,01.2,06,037,3,2022-03-21
040649,22,080,01,00,12,+15,+38.14054,-109.59641,00.9,08,038,3,2022-03-21
040649,22,080,02,00,90,+11,+38.14072,-109.59776,01.1,08,038,3,2022-03-21
040649,22,080,03,00,92,+10,+38.13998,-109.59690,01.4,07,040,3,2022-03-21
040649,22,080,04,00,44,+12,+38.13908,-109.59770,00.9,09,038,3,2022-03-21
040649,22,080,05,00,14,+17,+38.13931,-109.59786,00.9,08,038,3,2022-03-21
040649,22,080,06,00,28,+13,+38.13926,-109.59786,01.1,07,038,3,2022-03-21
040649,22,080,07,00,10,+13,+38.13924,-109.59793,01.0,08,038,3,2022-03-21
040649,22,080,08,00,84,+13,+38.13933,-109.59537,01.1,07,039,3,2022-03-21
040649,22,080,09,00,88,+15,+38.14426,-109.59778,01.0,07,039,3,2022-03-21
040649,22,080,11,00,98,+17,+38.14327,-109.60134,00.9,08,038,3,2022-03-21
040649,22,080,12,00,98,+18,+38.14356,-109.60197,01.1,07,038,3,2022-03-21
040649,22,080,13,00,98,+19,+38.14385,-109.60165,00.8,09,038,3,2022-03-21
040649,22,080,14,00,96,+20,+38.14375,-109.60232,01.0,08,038,3,2022-03-21
040649,22,080,15,00,62,+24,+38.14579,-109.60422,01.0,07,040,3,2022-03-21
040649,22,080,16,00,78,+23,+38.14820,-109.60892,01.2,07,038,3,2022-03-21
040649,22,080,17,00,84,+25,+38.15279,-109.61174,00.9,08,038,3,2022-03-21
040649,22,080,18,00,94,+23,+38.15381,-109.60714,01.1,08,058,3,2022-03-21
040649,22,080,20,00,54,+17,+38.15666,-109.60441,00.8,09,038,3,2022-03-21
040649,22,080,21,00,70,+16,+38.15801,-109.60089,00.9,08,038,3,2022-03-21
040649,22,080,22,00,14,+16,+38.15798,-109.60090,00.9,08,038,3,2022-03-21
040649,22,080,23,00,14,+16,+38.15791,-109.60089,00.9,07,038,3,2022-03-21
040649,22,081,00,00,20,+15,+38.15796,-109.60091,00.9,07,038,3,2022-03-22
040649,22,081,01,00,24,+12,+38.15801,-109.60099,01.0,06,038,3,2022-03-22
040649,22,081,02,00,14,+13,+38.15779,-109.60118,01.4,07,039,3,2022-03-22
040649,22,081,03,00,12,+12,+38.15801,-109.60092,01.4,07,038,3,2022-03-22
040649,22,081,04,00,14,+13,+38.15799,-109.60092,00.9,09,038,3,2022-03-22
040649,22,081,05,00,12,+12,+38.15799,-109.60092,00.8,10,038,3,2022-03-22
040649,22,081,06,00,18,+12,+38.15801,-109.60092,00.8,10,038,3,2022-03-22
040649,22,081,07,00,76,+10,+38.15733,-109.59982,01.3,06,039,3,2022-03-22
040649,22,081,08,00,96,+17,+38.15692,-109.59904,01.2,06,038,3,2022-03-22
040649,22,081,09,00,98,+19,+38.15709,-109.60018,00.9,08,040,3,2022-03-22
040649,22,081,10,00,96,+20,+38.15664,-109.60100,01.0,08,039,3,2022-03-22
040649,22,081,11,00,48,+29,+38.15633,-109.60075,00.9,08,038,3,2022-03-22
040649,22,081,12,00,32,+21,+38.15645,-109.60041,01.0,08,038,3,2022-03-22
040649,22,081,13,00,98,+24,+38.15621,-109.59925,01.6,06,038,3,2022-03-22
040649,22,081,14,00,96,+21,+38.15759,-109.60207,00.9,09,038,3,2022-03-22
040649,22,081,15,00,20,+22,+38.15768,-109.60205,00.9,08,038,3,2022-03-22
040649,22,081,16,00,58,+23,+38.16219,-109.59930,00.9,08,038,3,2022-03-22
040649,22,081,17,00,96,+23,+38.16382,-109.59800,00.8,09,038,3,2022-03-22
040649,22,081,18,00,98,+20,+38.16474,-109.59526,01.5,06,038,3,2022-03-22
040649,22,081,20,00,94,+16,+38.16350,-109.59265,00.8,09,038,3,2022-03-22
040649,22,081,21,00,46,+17,+38.16262,-109.59276,01.0,08,039,3,2022-03-22
040649,22,081,22,00,26,+18,+38.16259,-109.59276,00.9,08,038,3,2022-03-22
040649,22,081,23,00,18,+19,+38.16262,-109.59280,00.9,08,038,3,2022-03-22
040649,22,082,00,00,18,+17,+38.16257,-109.59278,00.9,08,038,3,2022-03-23
040649,22,082,01,00,28,+15,+38.16274,-109.59286,02.1,06,038,3,2022-03-23
040649,22,082,02,00,16,+13,+38.16281,-109.59274,01.7,07,038,3,2022-03-23
040649,22,082,03,00,22,+15,+38.16274,-109.59274,01.4,07,037,3,2022-03-23
040649,22,082,04,00,08,+14,+38.16262,-109.59284,01.0,08,038,3,2022-03-23
040649,22,082,05,00,26,+16,+38.16260,-109.59278,00.9,09,038,3,2022-03-23
040649,22,082,06,00,20,+14,+38.16253,-109.59278,01.3,07,039,3,2022-03-23
040649,22,082,07,00,96,+10,+38.16257,-109.59097,01.3,06,039,3,2022-03-23
040649,22,082,09,00,98,+19,+38.16160,-109.58691,00.9,08,039,3,2022-03-23
040649,22,082,10,00,98,+24,+38.16089,-109.58727,00.8,08,040,3,2022-03-23
040649,22,082,11,00,58,+23,+38.16055,-109.58672,01.1,06,039,3,2022-03-23
040649,22,082,12,00,30,+23,+38.16051,-109.58656,01.4,06,040,3,2022-03-23
040649,22,082,13,00,10,+27,+38.16056,-109.58667,00.9,08,040,3,2022-03-23
040649,22,082,14,00,96,+26,+38.16176,-109.58721,01.0,08,038,3,2022-03-23
040649,22,082,15,00,98,+27,+38.16132,-109.58866,01.0,07,039,3,2022-03-23
040649,22,082,18,00,98,+28,+38.16148,-109.58751,01.0,09,037,3,2022-03-23
040649,22,082,21,00,18,+22,+38.16243,-109.58658,01.0,08,038,3,2022-03-23
040649,22,082,22,00,28,+20,+38.16236,-109.58660,00.9,08,038,3,2022-03-23
040649,22,082,23,00,20,+20,+38.16237,-109.58660,01.1,06,039,3,2022-03-23
040649,22,083,00,00,18,+20,+38.16240,-109.58658,01.0,07,038,3,2022-03-24
040649,22,083,01,00,22,+20,+38.16238,-109.58660,01.4,07,038,3,2022-03-24
040649,22,083,02,00,10,+20,+38.16249,-109.58663,01.2,07,038,3,2022-03-24
040649,22,083,03,00,80,+14,+38.16195,-109.58714,01.3,07,038,3,2022-03-24
040649,22,083,04,00,66,+15,+38.16202,-109.58673,01.0,07,038,3,2022-03-24
040649,22,083,05,00,18,+15,+38.16205,-109.58668,01.0,07,037,3,2022-03-24
040649,22,083,06,00,18,+16,+38.16200,-109.58672,01.0,08,038,3,2022-03-24
040649,22,083,07,00,88,+13,+38.16199,-109.58756,01.3,06,038,3,2022-03-24
040649,22,083,09,00,92,+24,+38.16294,-109.60041,01.2,06,038,3,2022-03-24
040649,22,083,10,00,92,+28,+38.16272,-109.60189,00.8,08,038,3,2022-03-24
040649,22,083,11,00,64,+33,+38.16301,-109.60198,00.8,09,039,3,2022-03-24
040649,22,083,12,00,14,+35,+38.16308,-109.60211,01.3,06,038,3,2022-03-24
040649,22,083,13,00,48,+30,+38.16403,-109.60217,01.1,07,040,3,2022-03-24
040649,22,083,14,00,98,+31,+38.16349,-109.60231,00.9,09,038,3,2022-03-24
040649,22,083,15,00,98,+35,+38.16394,-109.60518,01.0,07,038,3,2022-03-24
040649,22,083,17,00,62,+35,+38.16319,-109.59965,00.9,08,037,3,2022-03-24
040649,22,083,20,00,68,+23,+38.16116,-109.59459,00.9,08,038,3,2022-03-24
040649,22,083,21,00,28,+23,+38.16109,-109.59471,01.0,08,040,3,2022-03-24
040649,22,083,22,00,16,+22,+38.16108,-109.59468,00.9,08,038,3,2022-03-24
040649,22,083,23,00,14,+21,+38.16099,-109.59474,00.8,09,038,3,2022-03-24
040649,22,084,00,00,12,+21,+38.16104,-109.59473,00.9,08,038,3,2022-03-25
040649,22,084,01,00,18,+19,+38.16110,-109.59473,01.6,06,038,3,2022-03-25
040649,22,084,02,00,20,+17,+38.16100,-109.59474,01.3,07,038,3,2022-03-25
040649,22,084,03,00,10,+19,+38.16110,-109.59472,01.1,08,038,3,2022-03-25
040649,22,084,04,00,14,+18,+38.16108,-109.59469,01.0,07,037,3,2022-03-25
040649,22,084,05,00,22,+17,+38.16108,-109.59468,00.7,10,038,3,2022-03-25
040649,22,084,06,00,42,+15,+38.16097,-109.59440,01.0,08,038,3,2022-03-25
040649,22,084,07,00,98,+15,+38.16141,-109.59255,01.0,07,037,3,2022-03-25
040649,22,084,08,00,98,+17,+38.16071,-109.59125,01.4,06,039,3,2022-03-25
040649,22,084,09,00,98,+29,+38.16101,-109.59408,01.0,07,038,3,2022-03-25
040649,22,084,11,00,36,+40,+38.16325,-109.59809,00.8,09,038,3,2022-03-25
040649,22,084,12,00,16,+40,+38.16322,-109.59806,00.9,08,038,3,2022-03-25
040649,22,084,13,00,70,+36,+38.16323,-109.60102,01.0,07,038,3,2022-03-25
040649,22,084,14,00,98,+36,+38.16463,-109.60182,00.9,09,038,3,2022-03-25
040649,22,084,15,00,92,+37,+38.16377,-109.60151,01.0,07,038,3,2022-03-25
040649,22,084,16,00,32,+37,+38.16386,-109.60163,01.2,07,038,3,2022-03-25
040649,22,084,17,00,88,+35,+38.16394,-109.60384,00.9,08,058,3,2022-03-25
040649,22,084,18,00,98,+32,+38.16363,-109.60558,01.2,07,040,3,2022-03-25
040649,22,084,19,00,98,+25,+38.16290,-109.60485,00.9,08,038,3,2022-03-25
040649,22,084,20,00,56,+25,+38.16272,-109.60461,00.9,08,038,3,2022-03-25
040649,22,084,21,00,14,+24,+38.16273,-109.60466,01.0,08,038,3,2022-03-25
040649,22,084,22,00,14,+25,+38.16266,-109.60466,00.9,08,038,3,2022-03-25
040649,22,084,23,00,18,+23,+38.16253,-109.60479,00.8,08,040,3,2022-03-25
040649,22,085,00,00,22,+22,+38.16237,-109.60487,00.9,08,038,3,2022-03-26
040649,22,085,01,00,62,+19,+38.16211,-109.60605,01.0,08,038,3,2022-03-26
040649,22,085,02,00,20,+19,+38.16209,-109.60625,01.2,07,038,3,2022-03-26
040649,22,085,03,00,06,+20,+38.16211,-109.60609,00.9,08,038,3,2022-03-26
040649,22,085,04,00,20,+18,+38.16206,-109.60607,00.8,09,038,3,2022-03-26
040649,22,085,05,00,12,+19,+38.16206,-109.60610,00.8,09,038,3,2022-03-26
040649,22,085,06,00,06,+18,+38.16209,-109.60601,01.0,08,038,3,2022-03-26
040649,22,085,07,00,94,+18,+38.16349,-109.60568,01.0,07,038,3,2022-03-26
040649,22,085,09,01,98,+30,+38.15987,-109.60652,02.0,05,059,3,2022-03-26
040649,22,085,10,00,96,+37,+38.15893,-109.60485,00.8,09,038,3,2022-03-26
040649,22,085,11,00,98,+37,+38.16331,-109.60067,00.8,08,038,3,2022-03-26
040649,22,085,12,00,28,+37,+38.16326,-109.60079,01.1,07,038,3,2022-03-26
040649,22,085,13,00,16,+37,+38.16320,-109.60109,00.9,08,038,3,2022-03-26
040649,22,085,14,00,48,+38,+38.16350,-109.60021,01.2,09,038,3,2022-03-26
040649,22,085,15,00,32,+37,+38.16363,-109.59844,01.0,07,038,3,2022-03-26
040649,22,085,16,00,98,+34,+38.16265,-109.59352,01.2,07,038,3,2022-03-26
040649,22,085,17,00,96,+37,+38.16309,-109.58952,01.2,06,038,3,2022-03-26
040649,22,085,18,00,98,+32,+38.16287,-109.58740,01.2,07,038,3,2022-03-26
040649,22,085,19,00,98,+28,+38.16241,-109.58672,01.2,06,038,3,2022-03-26
040649,22,085,20,00,86,+25,+38.16252,-109.58706,01.0,07,038,3,2022-03-26
040649,22,085,21,00,24,+25,+38.16252,-109.58705,01.0,08,038,3,2022-03-26
040649,22,085,22,00,22,+25,+38.16251,-109.58706,00.9,08,038,3,2022-03-26
040649,22,085,23,00,68,+25,+38.16227,-109.58633,01.1,06,038,3,2022-03-26
040649,22,086,00,00,18,+23,+38.16225,-109.58638,01.0,07,038,3,2022-03-27
040649,22,086,01,00,30,+25,+38.16221,-109.58641,01.2,07,038,3,2022-03-27
040649,22,086,02,00,82,+25,+38.16230,-109.58639,01.2,07,038,3,2022-03-27
040649,22,086,03,00,14,+25,+38.16226,-109.58645,01.4,07,038,3,2022-03-27
040649,22,086,04,00,22,+25,+38.16232,-109.58641,01.0,07,038,3,2022-03-27
040649,22,086,05,00,24,+24,+38.16224,-109.58639,01.0,07,038,3,2022-03-27
040649,22,086,06,00,30,+25,+38.16241,-109.58667,01.1,08,038,3,2022-03-27
040649,22,086,07,00,98,+23,+38.16232,-109.58653,01.2,06,038,3,2022-03-27
040649,22,086,10,00,34,+31,+38.16061,-109.58666,01.1,06,038,3,2022-03-27
040649,22,086,11,00,48,+37,+38.16351,-109.60028,01.0,07,040,3,2022-03-27
040649,22,086,12,00,12,+41,+38.16345,-109.60028,01.1,07,038,3,2022-03-27
040649,22,086,13,00,18,+41,+38.16349,-109.60029,00.9,08,038,3,2022-03-27
040649,22,086,14,00,16,+40,+38.16350,-109.60012,01.1,07,038,3,2022-03-27
040649,22,086,15,00,46,+37,+38.16406,-109.60144,01.1,07,038,3,2022-03-27
040649,22,086,16,00,98,+36,+38.16416,-109.60407,00.9,08,038,3,2022-03-27
040649,22,086,17,00,96,+36,+38.16346,-109.60550,00.9,08,038,3,2022-03-27
040649,22,086,19,00,98,+27,+38.16217,-109.60175,00.9,08,038,3,2022-03-27
040649,22,086,20,00,56,+24,+38.16205,-109.60121,00.9,08,038,3,2022-03-27
040649,22,086,21,00,14,+25,+38.16213,-109.60132,01.1,07,038,3,2022-03-27
040649,22,086,22,00,20,+25,+38.16210,-109.60133,01.0,07,039,3,2022-03-27
040649,22,086,23,00,18,+25,+38.16208,-109.60132,00.8,08,038,3,2022-03-27
040649,22,087,00,00,32,+25,+38.16209,-109.60133,00.9,08,038,3,2022-03-28
040649,22,087,01,00,84,+24,+38.16282,-109.60373,01.1,08,039,3,2022-03-28
040649,22,087,02,00,50,+25,+38.16283,-109.60373,01.1,08,038,3,2022-03-28
040649,22,087,03,00,20,+26,+38.16260,-109.60256,01.0,09,038,3,2022-03-28
040649,22,087,04,00,14,+25,+38.16268,-109.60255,00.8,09,038,3,2022-03-28
040649,22,087,05,00,10,+24,+38.16270,-109.60259,00.9,08,038,3,2022-03-28
040649,22,087,06,00,12,+26,+38.16263,-109.60258,01.2,07,038,3,2022-03-28
040649,22,087,07,00,86,+24,+38.16204,-109.59226,01.0,07,038,3,2022-03-28
040649,22,087,12,00,32,+31,+38.16229,-109.58733,01.0,07,038,3,2022-03-28
040649,22,087,13,00,46,+32,+38.16249,-109.58729,01.2,06,038,3,2022-03-28
040649,22,087,17,00,98,+30,+38.16054,-109.58708,01.2,06,038,3,2022-03-28
040649,22,087,18,00,96,+25,+38.15963,-109.58606,01.2,07,038,3,2022-03-28
040649,22,087,21,00,62,+22,+38.15706,-109.58400,01.3,06,038,3,2022-03-28
040649,22,088,00,00,94,+19,+38.15723,-109.58458,01.2,07,038,3,2022-03-29
040649,22,088,02,00,24,+22,+38.15757,-109.58481,01.5,06,038,3,2022-03-29
040649,22,088,03,00,36,+19,+38.15773,-109.58467,01.1,07,038,3,2022-03-29
040649,22,088,04,00,22,+21,+38.15778,-109.58467,01.2,06,037,3,2022-03-29
040649,22,088,05,00,24,+20,+38.15781,-109.58458,01.8,06,040,3,2022-03-29
040649,22,088,06,00,64,+19,+38.15785,-109.58460,01.2,07,038,3,2022-03-29
040649,22,088,07,00,98,+17,+38.15724,-109.58325,01.4,05,045,3,2022-03-29
040649,22,088,12,01,94,+23,+38.15588,-109.58465,01.2,06,046,3,2022-03-29
040649,22,088,13,00,44,+20,+38.15517,-109.58493,01.7,05,042,3,2022-03-29
040649,22,088,16,00,48,+21,+38.15676,-109.58435,01.3,07,038,3,2022-03-29
040649,22,088,17,00,66,+21,+38.15607,-109.58425,02.0,05,038,3,2022-03-29
040649,22,088,18,00,96,+19,+38.15520,-109.58599,01.3,06,039,3,2022-03-29
040649,22,088,20,00,54,+18,+38.15586,-109.58654,01.3,07,038,3,2022-03-29
040649,22,088,21,00,16,+20,+38.15592,-109.58657,01.3,06,038,3,2022-03-29
040649,22,088,22,00,32,+19,+38.15739,-109.58712,00.9,07,038,3,2022-03-29
040649,22,088,23,00,18,+21,+38.15583,-109.58654,02.0,06,040,3,2022-03-29
040649,22,089,00,00,02,+22,+38.15581,-109.58653,01.1,08,038,3,2022-03-30
040649,22,089,01,00,34,+18,+38.15541,-109.58639,01.9,06,038,3,2022-03-30
040649,22,089,02,00,50,+16,+38.15559,-109.58648,01.5,06,038,3,2022-03-30
040649,22,089,03,00,34,+19,+38.15576,-109.58653,01.5,06,038,3,2022-03-30
040649,22,089,04,00,08,+21,+38.15593,-109.58647,01.2,07,038,3,2022-03-30
040649,22,089,05,00,36,+18,+38.15614,-109.58638,01.1,08,038,3,2022-03-30
040649,22,089,06,00,12,+20,+38.15599,-109.58621,01.3,06,038,3,2022-03-30
040649,22,089,10,00,82,+23,+38.16326,-109.60039,01.0,06,038,3,2022-03-30
040649,22,089,11,00,28,+22,+38.16269,-109.60133,00.9,07,040,3,2022-03-30
040649,22,089,12,00,18,+23,+38.16277,-109.60138,01.0,07,038,3,2022-03-30
040649,22,089,13,00,14,+25,+38.16268,-109.60144,01.0,07,038,3,2022-03-30
040649,22,089,14,00,08,+30,+38.16276,-109.60128,01.1,07,038,3,2022-03-30
040649,22,089,15,00,78,+29,+38.16103,-109.60014,01.4,06,038,3,2022-03-30
040649,22,089,16,00,98,+28,+38.15976,-109.59861,01.2,08,038,3,2022-03-30
040649,22,089,17,00,98,+27,+38.15979,-109.59761,01.0,07,038,3,2022-03-30
040649,22,089,18,00,98,+28,+38.15998,-109.59918,01.1,07,038,3,2022-03-30
040649,22,089,19,00,98,+21,+38.16062,-109.59411,00.9,08,038,3,2022-03-30
040649,22,089,20,00,96,+20,+38.15941,-109.58576,01.1,07,038,3,2022-03-30
040649,22,089,21,00,72,+20,+38.15764,-109.58454,01.3,07,039,3,2022-03-30
040649,22,089,22,00,98,+19,+38.15706,-109.58355,02.1,06,039,3,2022-03-30
040649,22,089,23,00,62,+20,+38.15713,-109.58364,01.1,07,039,3,2022-03-30
040649,22,090,00,00,24,+20,+38.15708,-109.58378,01.0,08,038,3,2022-03-31
040649,22,090,01,00,22,+20,+38.15724,-109.58400,01.3,07,038,3,2022-03-31
040649,22,090,02,00,26,+20,+38.15710,-109.58380,01.4,07,038,3,2022-03-31
040649,22,090,03,00,20,+20,+38.15689,-109.58390,01.5,06,038,3,2022-03-31
040649,22,090,04,00,20,+18,+38.15724,-109.58376,01.2,06,038,3,2022-03-31
040649,22,090,05,00,26,+17,+38.15702,-109.58391,02.1,05,038,3,2022-03-31
040649,22,090,06,00,18,+17,+38.15716,-109.58383,01.6,06,038,3,2022-03-31
040649,22,090,10,00,84,+29,+38.16213,-109.58740,01.0,06,047,3,2022-03-31
040649,22,090,11,00,14,+31,+38.16214,-109.58732,01.2,05,038,3,2022-03-31
040649,22,090,12,00,16,+36,+38.16210,-109.58729,01.0,07,038,3,2022-03-31
040649,22,090,13,00,48,+28,+38.16149,-109.58850,01.2,06,040,3,2022-03-31
040649,22,090,15,00,70,+26,+38.16181,-109.58893,01.6,06,038,3,2022-03-31
040649,22,090,16,00,74,+25,+38.16137,-109.59030,01.2,07,038,3,2022-03-31
040649,22,090,17,00,74,+21,+38.16193,-109.58837,01.2,06,038,3,2022-03-31
040649,22,090,18,00,96,+20,+38.15957,-109.58769,01.3,06,038,3,2022-03-31
040649,22,090,20,00,52,+22,+38.15955,-109.58621,01.1,07,038,3,2022-03-31
040649,22,090,21,00,16,+23,+38.15959,-109.58618,01.1,08,038,3,2022-03-31
040649,22,090,22,00,20,+22,+38.15944,-109.58609,02.1,06,038,3,2022-03-31
040649,22,090,23,00,26,+21,+38.15970,-109.58622,01.4,05,038,3,2022-03-31
040649,22,091,00,00,10,+21,+38.15956,-109.58618,01.0,08,038,3,2022-04-01
040649,22,091,01,00,24,+20,+38.15953,-109.58620,01.2,07,040,3,2022-04-01
040649,22,091,02,00,16,+20,+38.15955,-109.58615,01.5,06,038,3,2022-04-01
040649,22,091,03,00,04,+20,+38.15958,-109.58618,01.5,06,038,3,2022-04-01
040649,22,091,04,00,22,+19,+38.15971,-109.58625,01.2,06,038,3,2022-04-01
040649,22,091,05,00,14,+18,+38.15958,-109.58618,01.3,06,038,3,2022-04-01
040649,22,091,06,00,44,+15,+38.15951,-109.58732,01.2,07,038,3,2022-04-01
040649,22,091,07,00,96,+14,+38.15970,-109.58927,01.1,07,038,3,2022-04-01
040649,22,091,08,00,98,+19,+38.15747,-109.58847,01.4,06,038,3,2022-04-01
040649,22,091,10,00,98,+24,+38.15893,-109.59098,01.1,05,038,3,2022-04-01
040649,22,091,11,00,58,+24,+38.15847,-109.59251,00.8,08,037,3,2022-04-01
040649,22,091,12,00,22,+25,+38.15847,-109.59259,01.0,07,038,3,2022-04-01
040649,22,091,13,00,24,+30,+38.15843,-109.59249,01.0,07,041,3,2022-04-01
040649,22,091,16,00,96,+30,+38.15398,-109.61067,00.8,09,038,3,2022-04-01
040649,22,091,18,00,60,+32,+38.15157,-109.61119,01.2,06,038,3,2022-04-01
040649,22,091,19,00,98,+22,+38.14941,-109.60846,00.8,09,038,3,2022-04-01
040649,22,091,20,00,84,+20,+38.14776,-109.60739,00.9,09,039,3,2022-04-01
040649,22,091,21,00,16,+20,+38.14783,-109.60742,01.3,09,038,3,2022-04-01
040649,22,091,22,00,16,+19,+38.14776,-109.60745,01.1,07,038,3,2022-04-01
040649,22,091,23,00,16,+17,+38.14781,-109.60739,00.8,09,038,3,2022-04-01
040649,22,092,00,00,26,+19,+38.14776,-109.60739,00.8,10,038,3,2022-04-02
040649,22,092,01,00,52,+16,+38.14673,-109.60634,00.9,09,038,3,2022-04-02
040649,22,092,02,00,34,+18,+38.14659,-109.60541,01.3,08,038,3,2022-04-02
040649,22,092,03,00,14,+17,+38.14663,-109.60558,00.9,09,038,3,2022-04-02
040649,22,092,04,00,04,+19,+38.14669,-109.60562,00.9,09,038,3,2022-04-02
040649,22,092,05,00,14,+18,+38.14664,-109.60559,00.8,09,038,3,2022-04-02
040649,22,092,06,00,28,+18,+38.14678,-109.60405,01.0,08,038,3,2022-04-02
040649,22,092,08,00,98,+20,+38.14706,-109.59568,01.7,05,053,3,2022-04-02
040649,22,092,10,00,98,+31,+38.14630,-109.59655,01.2,05,038,3,2022-04-02
040649,22,092,11,00,46,+33,+38.14511,-109.59629,01.2,06,038,3,2022-04-02
040649,22,092,12,00,24,+35,+38.14573,-109.59600,01.2,06,038,3,2022-04-02
040649,22,092,15,00,98,+35,+38.14724,-109.59693,02.1,05,038,3,2022-04-02
040649,22,092,16,00,50,+34,+38.14717,-109.59722,01.1,07,039,3,2022-04-02
040649,22,092,17,00,50,+33,+38.14715,-109.59635,02.1,05,038,3,2022-04-02
040649,22,092,18,00,98,+31,+38.14706,-109.59571,01.1,07,038,3,2022-04-02
040649,22,092,20,00,96,+27,+38.14766,-109.59612,00.9,09,039,3,2022-04-02
040649,22,092,21,00,34,+29,+38.14769,-109.59598,01.1,08,039,3,2022-04-02
040649,22,092,22,00,28,+28,+38.14776,-109.59612,00.9,08,038,3,2022-04-02
040649,22,092,23,00,16,+28,+38.14764,-109.59617,00.9,08,038,3,2022-04-02
040649,22,093,00,00,24,+27,+38.14765,-109.59614,01.0,08,038,3,2022-04-03
040649,22,093,01,00,50,+25,+38.14783,-109.59621,01.7,07,038,3,2022-04-03
040649,22,093,02,00,60,+25,+38.14775,-109.59595,01.5,06,038,3,2022-04-03
040649,22,093,03,00,16,+25,+38.14779,-109.59594,01.0,07,038,3,2022-04-03
040649,22,093,04,00,12,+27,+38.14786,-109.59597,01.1,07,038,3,2022-04-03
040649,22,093,05,00,12,+25,+38.14782,-109.59593,01.2,06,040,3,2022-04-03
040649,22,093,06,00,26,+25,+38.14776,-109.59594,01.3,06,038,3,2022-04-03
040649,22,093,07,00,96,+21,+38.14656,-109.59888,01.1,07,038,3,2022-04-03
040649,22,093,08,00,92,+29,+38.14302,-109.60552,01.4,06,038,3,2022-04-03
040649,22,093,09,00,98,+32,+38.14144,-109.60476,01.4,05,038,3,2022-04-03
040649,22,093,10,00,26,+35,+38.14122,-109.60518,00.9,07,038,3,2022-04-03
040649,22,093,11,00,32,+35,+38.13970,-109.60522,00.9,07,038,3,2022-04-03
040649,22,093,12,00,96,+41,+38.13795,-109.60475,00.8,08,038,3,2022-04-03
040649,22,093,13,00,98,+41,+38.13372,-109.60659,00.9,08,038,3,2022-04-03
040649,22,093,14,00,76,+33,+38.13206,-109.60686,01.0,07,038,3,2022-04-03
040649,22,093,15,00,20,+30,+38.13160,-109.60686,01.6,06,038,3,2022-04-03
040649,22,093,16,00,92,+29,+38.13363,-109.60621,00.9,08,038,3,2022-04-03
040649,22,093,17,00,96,+28,+38.13493,-109.60632,01.2,06,038,3,2022-04-03
040649,22,093,18,00,86,+26,+38.13212,-109.60006,01.1,07,038,3,2022-04-03
040649,22,093,19,00,86,+24,+38.13367,-109.59730,00.8,09,039,3,2022-04-03
040649,22,093,20,00,96,+21,+38.13221,-109.59159,01.2,08,038,3,2022-04-03
040649,22,093,21,00,64,+24,+38.13263,-109.59004,00.9,09,040,3,2022-04-03
040649,22,093,22,00,06,+24,+38.13248,-109.58988,01.2,07,039,3,2022-04-03
040649,22,093,23,00,06,+24,+38.13254,-109.58992,00.9,08,040,3,2022-04-03
040649,22,094,00,00,20,+22,+38.13260,-109.58995,01.2,08,038,3,2022-04-04
040649,22,094,01,00,18,+25,+38.13266,-109.58996,01.0,08,038,3,2022-04-04
040649,22,094,03,00,60,+23,+38.13360,-109.58840,01.3,07,038,3,2022-04-04
040649,22,094,04,00,08,+22,+38.13371,-109.58843,01.2,07,038,3,2022-04-04
040649,22,094,05,00,08,+20,+38.13371,-109.58839,01.2,08,038,3,2022-04-04
040649,22,094,06,00,64,+18,+38.13453,-109.58683,01.3,06,038,3,2022-04-04
040649,22,094,07,00,98,+18,+38.13493,-109.58507,01.9,05,038,3,2022-04-04
040649,22,094,08,00,98,+19,+38.13592,-109.58428,01.6,05,038,3,2022-04-04
040649,22,094,09,00,98,+26,+38.13513,-109.58515,02.5,04,038,3,2022-04-04
040649,22,094,12,00,34,+30,+38.13412,-109.58653,02.0,05,038,3,2022-04-04
040649,22,094,13,00,18,+32,+38.13410,-109.58647,01.0,07,039,3,2022-04-04
040649,22,094,14,00,98,+33,+38.13451,-109.58559,01.2,06,038,3,2022-04-04
040649,22,094,15,00,98,+33,+38.13430,-109.58477,01.8,05,038,3,2022-04-04
040649,22,094,20,00,96,+26,+38.13227,-109.58958,01.0,08,038,3,2022-04-04
040649,22,094,21,00,28,+28,+38.13205,-109.58967,00.9,09,040,3,2022-04-04
040649,22,094,22,00,18,+26,+38.13211,-109.58973,01.0,07,038,3,2022-04-04
040649,22,094,23,00,16,+26,+38.13203,-109.58975,00.9,09,040,3,2022-04-04
040649,22,095,00,00,14,+26,+38.13217,-109.58984,01.2,08,038,3,2022-04-05
040649,22,095,01,00,22,+25,+38.13203,-109.58992,01.2,07,038,3,2022-04-05
040649,22,095,02,00,26,+25,+38.13211,-109.58981,01.4,07,038,3,2022-04-05
040649,22,095,03,00,08,+25,+38.13204,-109.58979,00.9,09,038,3,2022-04-05
040649,22,095,04,00,20,+25,+38.13216,-109.58979,00.9,08,038,3,2022-04-05
040649,22,095,05,00,12,+24,+38.13217,-109.58979,01.0,08,038,3,2022-04-05
040649,22,095,06,00,68,+23,+38.13050,-109.59095,01.6,05,038,3,2022-04-05
040649,22,095,07,00,98,+22,+38.12901,-109.58976,01.4,06,039,3,2022-04-05
040649,22,095,11,00,50,+32,+38.12833,-109.59032,00.9,07,037,3,2022-04-05
040649,22,095,13,00,22,+31,+38.12819,-109.59043,01.1,07,038,3,2022-04-05
040649,22,095,18,01,98,+25,+38.12939,-109.59824,01.2,06,053,3,2022-04-05
040649,22,095,19,00,96,+21,+38.12908,-109.59812,01.2,07,038,3,2022-04-05
040649,22,095,20,00,86,+20,+38.12863,-109.59774,01.1,08,039,3,2022-04-05
040649,22,095,21,00,58,+19,+38.12862,-109.59785,01.1,09,038,3,2022-04-05
040649,22,095,22,00,30,+20,+38.12887,-109.59778,01.5,07,038,3,2022-04-05
040649,22,095,23,00,24,+19,+38.12863,-109.59770,00.9,09,038,3,2022-04-05
040649,22,096,00,00,42,+17,+38.12863,-109.59772,01.2,08,038,3,2022-04-06
040649,22,096,01,00,48,+17,+38.12870,-109.59782,01.2,07,038,3,2022-04-06
040649,22,096,02,00,24,+16,+38.12869,-109.59774,01.3,07,038,3,2022-04-06
040649,22,096,03,00,32,+16,+38.12866,-109.59767,01.0,08,038,3,2022-04-06
040649,22,096,04,00,16,+16,+38.12870,-109.59770,01.2,06,038,3,2022-04-06
040649,22,096,05,00,20,+15,+38.12884,-109.59770,01.3,07,040,3,2022-04-06
040649,22,096,10,01,56,+20,+38.12850,-109.60453,00.9,08,049,3,2022-04-06
040649,22,096,11,00,20,+20,+38.12840,-109.60434,01.0,08,038,3,2022-04-06
040649,22,096,12,00,30,+25,+38.12593,-109.60433,00.7,10,038,3,2022-04-06
040649,22,096,13,00,28,+25,+38.12576,-109.60430,01.0,09,038,3,2022-04-06
040649,22,096,14,00,22,+27,+38.12573,-109.60420,01.2,06,038,3,2022-04-06
040649,22,096,15,00,50,+26,+38.12526,-109.60371,01.3,06,038,3,2022-04-06
040649,22,096,16,00,84,+28,+38.12520,-109.60381,01.0,07,038,3,2022-04-06
040649,22,096,17,00,16,+25,+38.12579,-109.60395,01.2,07,039,3,2022-04-06
040649,22,096,20,00,64,+15,+38.13201,-109.60037,00.9,09,048,3,2022-04-06
040649,22,096,21,00,76,+13,+38.13146,-109.60198,01.0,09,038,3,2022-04-06
040649,22,096,22,00,98,+13,+38.13130,-109.60346,00.9,09,038,3,2022-04-06
040649,22,096,23,00,34,+11,+38.13158,-109.60253,00.8,09,038,3,2022-04-06
040649,22,097,00,00,04,+09,+38.13159,-109.60253,00.9,09,038,3,2022-04-07
040649,22,097,01,00,12,+10,+38.13157,-109.60256,00.9,09,038,3,2022-04-07
040649,22,097,02,00,16,+09,+38.13158,-109.60255,01.2,08,038,3,2022-04-07
040649,22,097,03,00,00,+10,+38.13161,-109.60253,00.9,09,038,3,2022-04-07
040649,22,097,04,00,12,+09,+38.13163,-109.60253,00.8,10,038,3,2022-04-07
040649,22,097,05,00,10,+09,+38.13160,-109.60253,01.0,08,038,3,2022-04-07
040649,22,097,06,00,18,+08,+38.13186,-109.60331,01.0,07,038,3,2022-04-07
040649,22,097,07,00,98,+16,+38.13217,-109.60680,01.1,08,038,3,2022-04-07
040649,22,097,08,00,98,+29,+38.13238,-109.60812,01.0,08,038,3,2022-04-07
040649,22,097,09,00,30,+38,+38.12690,-109.60873,00.9,08,038,3,2022-04-07
040649,22,097,10,00,06,+41,+38.12688,-109.60872,00.8,09,038,3,2022-04-07
040649,22,097,11,00,14,+40,+38.12687,-109.60865,01.0,08,038,3,2022-04-07
040649,22,097,12,00,30,+43,+38.12477,-109.60914,00.8,09,038,3,2022-04-07
040649,22,097,13,00,98,+42,+38.11943,-109.60353,01.0,09,038,3,2022-04-07
040649,22,097,14,00,98,+42,+38.11742,-109.60358,01.2,06,039,3,2022-04-07
040649,22,097,15,00,78,+44,+38.11881,-109.60609,01.2,07,038,3,2022-04-07
040649,22,097,16,00,62,+37,+38.11882,-109.60610,01.0,07,038,3,2022-04-07
040649,22,097,17,00,90,+28,+38.12265,-109.61055,00.9,08,038,3,2022-04-07
040649,22,097,18,00,98,+27,+38.11940,-109.61061,00.8,09,038,3,2022-04-07
040649,22,097,19,00,98,+21,+38.12039,-109.61174,00.8,10,039,3,2022-04-07
040649,22,097,20,00,90,+20,+38.11891,-109.61093,00.8,10,038,3,2022-04-07
040649,22,097,21,00,98,+16,+38.11730,-109.61088,00.8,10,038,3,2022-04-07
040649,22,097,22,00,98,+18,+38.11747,-109.61158,00.9,09,039,3,2022-04-07
040649,22,097,23,00,98,+16,+38.11994,-109.61084,01.0,07,038,3,2022-04-07
040649,22,098,00,00,80,+15,+38.11857,-109.61315,01.0,08,038,3,2022-04-08
040649,22,098,01,00,44,+15,+38.11849,-109.61315,01.0,08,038,3,2022-04-08
040649,22,098,02,00,26,+16,+38.11841,-109.61307,01.0,08,038,3,2022-04-08
040649,22,098,03,00,16,+15,+38.11849,-109.61315,00.8,09,038,3,2022-04-08
040649,22,098,04,00,18,+13,+38.11850,-109.61315,00.9,08,038,3,2022-04-08
040649,22,098,05,00,12,+13,+38.11853,-109.61315,01.0,08,038,3,2022-04-08
040649,22,098,06,00,80,+12,+38.11751,-109.61321,00.9,08,039,3,2022-04-08
040649,22,098,07,00,98,+13,+38.11729,-109.61538,01.1,07,038,3,2022-04-08
040649,22,098,08,00,98,+22,+38.10750,-109.60672,01.0,08,038,3,2022-04-08
040649,22,098,11,00,54,+31,+38.10699,-109.60723,01.2,07,038,3,2022-04-08
040649,22,098,12,00,42,+34,+38.10693,-109.60693,00.9,08,038,3,2022-04-08
040649,22,098,13,00,44,+33,+38.10726,-109.60741,01.2,08,038,3,2022-04-08
040649,22,098,15,00,48,+36,+38.10786,-109.60657,01.2,07,038,3,2022-04-08
040649,22,098,16,00,24,+35,+38.10803,-109.60653,00.9,08,038,3,2022-04-08
040649,22,098,17,00,36,+34,+38.10896,-109.61012,01.0,08,039,3,2022-04-08
040649,22,098,18,00,98,+31,+38.11279,-109.61338,00.8,09,038,3,2022-04-08
040649,22,098,19,00,98,+25,+38.11431,-109.61380,00.8,09,038,3,2022-04-08
040649,22,098,20,00,98,+21,+38.11653,-109.61401,01.0,09,039,3,2022-04-08
040649,22,098,21,00,98,+20,+38.11430,-109.60985,00.9,09,038,3,2022-04-08
040649,22,098,22,00,98,+18,+38.11173,-109.61315,00.8,09,038,3,2022-04-08
040649,22,098,23,00,98,+18,+38.11307,-109.61370,00.9,08,038,3,2022-04-08
040649,22,099,00,00,98,+18,+38.11538,-109.61534,00.9,09,038,3,2022-04-09
040649,22,099,01,00,66,+18,+38.11613,-109.61519,01.1,08,038,3,2022-04-09
040649,22,099,02,00,22,+19,+38.11624,-109.61515,00.9,09,038,3,2022-04-09
040649,22,099,03,00,20,+19,+38.11475,-109.61323,00.8,10,038,3,2022-04-09
040649,22,099,04,00,36,+20,+38.11472,-109.61244,01.0,07,038,3,2022-04-09
040649,22,099,05,00,08,+19,+38.11454,-109.61241,01.0,08,038,3,2022-04-09
040649,22,099,06,00,96,+18,+38.11395,-109.61538,00.9,08,038,3,2022-04-09
040649,22,099,07,00,98,+23,+38.11893,-109.61758,00.9,08,038,3,2022-04-09
040649,22,099,09,00,98,+30,+38.12107,-109.61578,00.7,09,054,3,2022-04-09
040649,22,099,10,00,72,+35,+38.12080,-109.61547,00.7,10,040,3,2022-04-09
040649,22,099,11,00,16,+37,+38.12074,-109.61548,01.0,08,038,3,2022-04-09
040649,22,099,12,00,40,+33,+38.12055,-109.61616,00.8,09,038,3,2022-04-09
040649,22,099,13,00,98,+35,+38.12129,-109.61585,00.8,10,038,3,2022-04-09
040649,22,099,15,00,92,+37,+38.12038,-109.61818,01.2,07,038,3,2022-04-09
040649,22,099,16,00,48,+36,+38.12016,-109.61785,00.9,08,038,3,2022-04-09
040649,22,099,17,00,98,+36,+38.11971,-109.61771,01.4,06,038,3,2022-04-09
040649,22,099,18,00,98,+29,+38.11841,-109.61553,00.8,09,040,3,2022-04-09
040649,22,099,19,00,98,+27,+38.11746,-109.61013,00.7,10,038,3,2022-04-09
040649,22,099,20,00,96,+26,+38.11712,-109.61514,01.0,09,038,3,2022-04-09
040649,22,099,21,00,98,+25,+38.11669,-109.61579,01.0,09,038,3,2022-04-09
040649,22,099,22,00,32,+23,+38.11676,-109.61608,00.9,08,039,3,2022-04-09
040649,22,099,23,00,30,+23,+38.11696,-109.61612,00.9,09,038,3,2022-04-09
040649,22,100,00,00,98,+20,+38.11624,-109.61578,00.7,11,038,3,2022-04-10
040649,22,100,01,00,62,+20,+38.11639,-109.61521,01.1,08,038,3,2022-04-10
040649,22,100,02,00,08,+23,+38.11628,-109.61513,01.0,09,038,3,2022-04-10
040649,22,100,03,00,14,+20,+38.11632,-109.61524,00.8,09,038,3,2022-04-10
040649,22,100,04,00,22,+19,+38.11635,-109.61521,00.7,10,038,3,2022-04-10
040649,22,100,05,00,04,+21,+38.11635,-109.61527,01.0,08,038,3,2022-04-10
040649,22,100,06,00,68,+15,+38.11462,-109.61315,00.9,08,038,3,2022-04-10
040649,22,100,07,00,98,+15,+38.11427,-109.61256,01.2,06,039,3,2022-04-10
040649,22,100,09,00,50,+26,+38.11383,-109.61426,00.9,08,038,3,2022-04-10
040649,22,100,10,00,96,+23,+38.11393,-109.61509,00.9,08,040,3,2022-04-10
040649,22,100,11,00,98,+24,+38.11446,-109.61540,01.0,08,038,3,2022-04-10
040649,22,100,13,00,98,+26,+38.11975,-109.61574,00.8,09,038,3,2022-04-10
040649,22,100,14,00,98,+27,+38.12170,-109.61609,01.3,06,038,3,2022-04-10
040649,22,100,18,00,98,+25,+38.12404,-109.61795,00.9,07,038,3,2022-04-10
040649,22,100,19,00,98,+17,+38.12392,-109.61878,01.2,07,039,3,2022-04-10
040649,22,100,20,00,98,+15,+38.12503,-109.61479,01.1,08,039,3,2022-04-10
040649,22,100,21,00,96,+15,+38.12380,-109.61429,00.8,10,039,3,2022-04-10
040649,22,100,22,00,42,+16,+38.12393,-109.61412,00.8,09,038,3,2022-04-10
040649,22,100,23,00,16,+16,+38.12396,-109.61408,00.9,08,038,3,2022-04-10
040649,22,101,00,00,16,+15,+38.12480,-109.61445,00.8,10,038,3,2022-04-11
040649,22,101,01,00,98,+14,+38.12528,-109.61441,01.2,08,038,3,2022-04-11
040649,22,101,02,00,78,+17,+38.12530,-109.61441,00.9,08,038,3,2022-04-11
040649,22,101,03,00,22,+18,+38.12526,-109.61445,00.8,10,038,3,2022-04-11
040649,22,101,04,00,16,+18,+38.12526,-109.61444,00.8,09,038,3,2022-04-11
040649,22,101,05,00,12,+19,+38.12526,-109.61437,01.4,06,038,3,2022-04-11
040649,22,101,06,00,60,+15,+38.12640,-109.61622,00.9,08,038,3,2022-04-11
040649,22,101,07,00,98,+20,+38.12721,-109.61941,01.1,07,038,3,2022-04-11
040649,22,101,08,00,98,+25,+38.12739,-109.62181,01.0,07,038,3,2022-04-11
040649,22,101,09,00,98,+25,+38.12892,-109.62044,00.8,08,059,3,2022-04-11
040649,22,101,10,00,98,+30,+38.13067,-109.62108,00.7,10,042,3,2022-04-11
040649,22,101,11,00,98,+30,+38.13034,-109.62261,01.0,08,038,3,2022-04-11
040649,22,101,12,00,98,+29,+38.13149,-109.62235,01.0,07,038,3,2022-04-11
040649,22,101,13,00,96,+28,+38.12833,-109.62273,00.9,08,040,3,2022-04-11
040649,22,101,15,00,98,+29,+38.12903,-109.61861,01.3,07,055,3,2022-04-11
040649,22,101,16,00,98,+30,+38.13001,-109.61912,01.0,07,039,3,2022-04-11
040649,22,101,17,00,50,+30,+38.13033,-109.61952,01.0,08,038,3,2022-04-11
040649,22,101,18,00,90,+27,+38.13153,-109.61767,00.8,09,038,3,2022-04-11
040649,22,101,19,00,98,+26,+38.13283,-109.61826,00.9,08,038,3,2022-04-11
040649,22,101,21,00,34,+27,+38.13221,-109.61750,00.8,09,038,3,2022-04-11
040649,22,101,22,00,30,+25,+38.13223,-109.61752,00.8,09,038,3,2022-04-11
040649,22,101,23,00,62,+24,+38.13188,-109.61780,00.9,09,038,3,2022-04-11
040649,22,102,00,00,66,+23,+38.12868,-109.61808,00.8,10,038,3,2022-04-12
040649,22,102,01,00,48,+22,+38.12841,-109.61846,01.0,09,038,3,2022-04-12
040649,22,102,02,00,12,+15,+38.12841,-109.61846,00.8,10,038,3,2022-04-12
040649,22,102,03,00,16,+12,+38.12849,-109.61847,00.8,10,038,3,2022-04-12
040649,22,102,04,00,20,+10,+38.12849,-109.61845,00.8,09,038,3,2022-04-12
040649,22,102,05,00,08,+12,+38.12842,-109.61842,01.1,08,038,3,2022-04-12
040649,22,102,06,00,16,+13,+38.12844,-109.61845,00.8,09,038,3,2022-04-12
040649,22,102,07,00,92,+11,+38.12818,-109.61328,01.2,07,038,3,2022-04-12
040649,22,102,08,00,96,+11,+38.11669,-109.61833,01.1,07,038,3,2022-04-12
040649,22,102,09,00,78,+16,+38.11607,-109.61841,00.7,10,040,3,2022-04-12
040649,22,102,10,00,98,+14,+38.11680,-109.61727,00.8,09,038,3,2022-04-12
040649,22,102,11,00,98,+19,+38.11755,-109.61698,01.2,08,038,3,2022-04-12
040649,22,102,15,00,80,+15,+38.11690,-109.61574,01.6,04,038,3,2022-04-12
040649,22,102,19,00,98,+12,+38.12060,-109.61666,00.8,09,038,3,2022-04-12
040649,22,102,21,00,26,+18,+38.11894,-109.61799,00.8,10,038,3,2022-04-12
040649,22,102,23,00,40,+12,+38.12194,-109.61895,00.9,09,038,3,2022-04-12
040649,22,103,01,00,64,+15,+38.12189,-109.61894,01.1,09,038,3,2022-04-13
040649,22,103,03,00,56,+14,+38.12396,-109.61833,00.8,10,038,3,2022-04-13
040649,22,103,05,00,14,+10,+38.12387,-109.61832,00.9,09,038,3,2022-04-13
040649,22,103,07,00,76,+13,+38.12671,-109.61621,01.4,06,038,3,2022-04-13
040649,22,103,09,00,98,+17,+38.12194,-109.60971,00.8,08,038,3,2022-04-13
040649,22,103,11,00,76,+19,+38.12738,-109.61109,01.0,08,038,3,2022-04-13
040649,22,103,13,00,92,+24,+38.12921,-109.61219,00.9,08,039,3,2022-04-13
040649,22,103,15,00,66,+23,+38.13053,-109.61233,00.8,09,038,3,2022-04-13
040649,22,103,19,00,98,+16,+38.13180,-109.61271,00.8,10,038,3,2022-04-13
040649,22,103,21,00,68,+12,+38.13060,-109.61439,00.7,10,038,3,2022-04-13
040649,22,103,23,00,40,+10,+38.13054,-109.61399,00.9,09,038,3,2022-04-13
040649,22,104,01,00,76,+10,+38.12902,-109.61425,01.0,09,038,3,2022-04-14
040649,22,104,03,00,14,+08,+38.12902,-109.61420,00.8,10,038,3,2022-04-14
040649,22,104,05,00,14,+09,+38.12904,-109.61425,01.1,08,038,3,2022-04-14
040649,22,104,07,00,76,+20,+38.13266,-109.61491,01.2,07,039,3,2022-04-14
040649,22,104,09,00,98,+32,+38.13383,-109.61578,01.0,07,040,3,2022-04-14
040649,22,104,11,00,36,+39,+38.13378,-109.61565,00.8,09,038,3,2022-04-14
040649,22,104,13,00,98,+37,+38.13367,-109.61666,00.9,08,040,3,2022-04-14
040649,22,104,15,00,70,+33,+38.13371,-109.61672,00.9,09,038,3,2022-04-14
040649,22,104,17,00,66,+30,+38.13426,-109.61519,01.3,06,038,3,2022-04-14
040649,22,104,19,00,98,+23,+38.13251,-109.61676,00.8,10,038,3,2022-04-14
040649,22,104,21,00,44,+20,+38.13327,-109.61758,00.7,10,038,3,2022-04-14
040649,22,104,23,00,50,+21,+38.13363,-109.61830,00.9,09,038,3,2022-04-14
040649,22,105,01,00,52,+21,+38.13412,-109.61795,01.3,08,039,3,2022-04-15
040649,22,105,03,00,58,+20,+38.13406,-109.61754,00.8,10,038,3,2022-04-15
040649,22,105,05,00,18,+17,+38.13413,-109.61752,00.9,09,038,3,2022-04-15
040649,22,105,07,00,84,+25,+38.13375,-109.61853,01.2,07,040,3,2022-04-15
040649,22,105,09,00,98,+35,+38.13024,-109.62122,00.7,10,038,3,2022-04-15
040649,22,105,11,00,96,+43,+38.12327,-109.61193,00.8,09,038,3,2022-04-15
040649,22,105,13,00,98,+31,+38.12896,-109.61719,01.0,07,038,3,2022-04-15
040649,22,105,19,00,98,+25,+38.13262,-109.61808,00.7,11,038,3,2022-04-15
040649,22,105,21,00,64,+23,+38.13217,-109.61672,00.8,09,038,3,2022-04-15
040649,22,105,23,00,42,+20,+38.13259,-109.61588,00.9,09,038,3,2022-04-15
040649,22,106,01,00,80,+20,+38.13376,-109.61679,01.3,08,038,3,2022-04-16
040649,22,106,03,00,32,+21,+38.13380,-109.61666,00.8,10,038,3,2022-04-16
040649,22,106,05,00,20,+19,+38.13372,-109.61649,01.0,08,038,3,2022-04-16
040649,22,106,11,00,46,+32,+38.13393,-109.61556,00.8,09,038,3,2022-04-16
040649,22,106,13,00,94,+32,+38.13382,-109.61608,01.1,06,040,3,2022-04-16
040649,22,106,15,00,80,+32,+38.13363,-109.61754,00.8,09,038,3,2022-04-16
040649,22,106,21,00,40,+25,+38.12670,-109.61246,00.7,10,038,3,2022-04-16
040649,22,106,23,00,06,+25,+38.12664,-109.61246,00.9,09,038,3,2022-04-16
040649,22,107,01,00,66,+17,+38.12720,-109.61038,01.3,08,039,3,2022-04-17
040649,22,107,03,00,76,+16,+38.13153,-109.61199,00.9,09,038,3,2022-04-17
040649,22,107,05,00,14,+14,+38.13154,-109.61200,01.0,08,038,3,2022-04-17
040649,22,107,07,00,82,+23,+38.13397,-109.61521,01.1,07,038,3,2022-04-17
040649,22,107,09,00,86,+47,+38.13413,-109.61655,00.9,08,039,3,2022-04-17
040649,22,107,11,00,68,+47,+38.13367,-109.61649,00.8,09,038,3,2022-04-17
040649,22,107,13,00,96,+43,+38.13371,-109.61592,01.0,07,039,3,2022-04-17
040649,22,107,15,00,44,+39,+38.13397,-109.61521,00.9,08,040,3,2022-04-17
040649,22,107,17,00,96,+41,+38.13230,-109.61681,01.2,06,038,3,2022-04-17
040649,22,107,19,00,98,+27,+38.13375,-109.61754,00.8,10,038,3,2022-04-17
040649,22,107,21,00,56,+21,+38.13350,-109.61814,00.7,10,040,3,2022-04-17
040649,22,107,23,00,14,+21,+38.13349,-109.61814,00.8,10,038,3,2022-04-17
040649,22,108,01,00,98,+18,+38.13367,-109.61702,01.3,08,038,3,2022-04-18
040649,22,108,03,00,24,+17,+38.13364,-109.61682,00.9,09,038,3,2022-04-18
040649,22,108,05,00,18,+15,+38.13373,-109.61682,01.0,08,038,3,2022-04-18
040649,22,108,07,00,86,+23,+38.13636,-109.61781,01.1,07,038,3,2022-04-18
040649,22,108,09,00,98,+30,+38.13608,-109.62068,01.0,07,058,3,2022-04-18
040649,22,108,11,00,30,+40,+38.13587,-109.62053,00.9,08,040,3,2022-04-18
040649,22,108,15,00,98,+37,+38.13397,-109.61798,00.8,09,038,3,2022-04-18
040649,22,108,17,00,74,+37,+38.13366,-109.61824,01.2,06,039,3,2022-04-18
040649,22,108,19,00,92,+28,+38.13386,-109.61369,00.8,10,038,3,2022-04-18
040649,22,108,23,00,44,+25,+38.12775,-109.61605,00.8,10,038,3,2022-04-18
040649,22,109,01,00,72,+23,+38.12752,-109.61441,01.2,08,040,3,2022-04-19
040649,22,109,03,00,50,+25,+38.12840,-109.61414,00.8,10,039,3,2022-04-19
040649,22,109,05,00,16,+24,+38.12836,-109.61414,01.0,08,038,3,2022-04-19
040649,22,109,07,00,86,+26,+38.12796,-109.61273,02.2,06,057,3,2022-04-19
040649,22,109,09,00,82,+35,+38.12767,-109.61265,00.9,08,040,3,2022-04-19
040649,22,109,11,00,40,+33,+38.12870,-109.61354,00.7,10,040,3,2022-04-19
040649,22,109,13,00,96,+37,+38.12747,-109.61231,01.1,07,038,3,2022-04-19
040649,22,109,15,00,36,+34,+38.12853,-109.61233,00.9,08,038,3,2022-04-19
040649,22,109,19,00,98,+29,+38.13521,-109.61054,00.8,09,038,3,2022-04-19
040649,22,109,21,00,62,+28,+38.13584,-109.61052,00.9,09,038,3,2022-04-19
040649,22,109,23,00,26,+26,+38.13589,-109.61048,00.9,09,038,3,2022-04-19
040649,22,110,01,00,96,+21,+38.13579,-109.61579,01.2,08,038,3,2022-04-20
040649,22,110,03,00,34,+21,+38.13572,-109.61574,00.9,09,038,3,2022-04-20
040649,22,110,05,00,22,+19,+38.13577,-109.61614,01.0,07,038,3,2022-04-20
040649,22,110,07,00,90,+23,+38.13618,-109.62014,01.4,06,039,3,2022-04-20
040649,22,110,17,00,98,+32,+38.11171,-109.60945,01.0,08,038,3,2022-04-20
040649,22,110,19,00,98,+28,+38.10913,-109.60915,00.8,10,038,3,2022-04-20
040649,22,110,21,00,56,+26,+38.10967,-109.60968,00.8,10,038,3,2022-04-20
040649,22,110,23,00,16,+23,+38.10964,-109.60971,00.8,10,038,3,2022-04-20
040649,22,111,01,00,76,+21,+38.10926,-109.60942,01.3,07,038,3,2022-04-21
040649,22,111,03,00,18,+23,+38.10932,-109.60945,00.8,10,038,3,2022-04-21
040649,22,111,05,00,74,+21,+38.10948,-109.60840,00.9,07,038,3,2022-04-21
040649,22,111,07,00,90,+24,+38.11112,-109.60783,01.4,06,038,3,2022-04-21
040649,22,111,09,00,70,+29,+38.11129,-109.60827,00.9,08,058,3,2022-04-21
040649,22,111,17,01,84,+36,+38.10971,-109.61189,00.8,09,050,3,2022-04-21
040649,22,111,19,00,80,+30,+38.11027,-109.61149,00.9,08,038,3,2022-04-21
040649,22,111,21,00,84,+26,+38.11185,-109.60945,00.8,10,039,3,2022-04-21
040649,22,111,23,00,20,+26,+38.11188,-109.60945,00.8,10,038,3,2022-04-21
040649,22,112,01,00,64,+24,+38.11117,-109.60926,00.9,09,038,3,2022-04-22
040649,22,112,03,00,14,+24,+38.11114,-109.60926,00.8,09,038,3,2022-04-22
040649,22,112,05,00,22,+23,+38.11030,-109.60934,00.9,08,038,3,2022-04-22
040649,22,112,11,00,86,+20,+38.10499,-109.63574,00.9,08,038,3,2022-04-22
040649,22,112,13,00,72,+20,+38.11122,-109.63507,01.2,06,039,3,2022-04-22
040649,22,112,15,00,62,+20,+38.10980,-109.63560,01.1,07,038,3,2022-04-22
040649,22,112,17,00,52,+25,+38.11255,-109.63687,01.0,08,038,3,2022-04-22
040649,22,112,21,00,84,+14,+38.11876,-109.63630,00.9,08,038,3,2022-04-22
040649,22,112,23,00,64,+19,+38.11887,-109.63631,00.9,09,038,3,2022-04-22
040649,22,113,01,00,28,+16,+38.11883,-109.63630,01.1,08,038,3,2022-04-23
040649,22,113,03,00,24,+18,+38.11887,-109.63631,00.8,10,038,3,2022-04-23
040649,22,113,05,00,32,+17,+38.12013,-109.63682,00.9,08,038,3,2022-04-23
040649,22,113,07,00,98,+19,+38.12358,-109.63552,01.1,07,038,3,2022-04-23
040649,22,113,09,00,50,+27,+38.12401,-109.63352,00.8,09,038,3,2022-04-23
040649,22,113,11,00,88,+23,+38.12344,-109.63476,00.7,10,038,3,2022-04-23
040649,22,113,13,00,86,+25,+38.12132,-109.62938,01.8,06,038,3,2022-04-23
040649,22,113,15,00,74,+25,+38.12093,-109.62694,01.4,06,038,3,2022-04-23
040649,22,113,17,00,94,+26,+38.11293,-109.61641,00.9,08,038,3,2022-04-23
040649,22,113,19,00,92,+20,+38.11147,-109.61988,01.1,08,038,3,2022-04-23
040649,22,113,21,00,70,+20,+38.11243,-109.62734,01.0,07,057,3,2022-04-23
040649,22,113,23,00,22,+19,+38.11241,-109.62730,00.9,09,038,3,2022-04-23
040649,22,114,01,00,38,+19,+38.11135,-109.63167,01.0,08,038,3,2022-04-24
040649,22,114,03,00,14,+20,+38.11130,-109.63184,00.7,11,038,3,2022-04-24
040649,22,114,05,00,16,+21,+38.11131,-109.63179,01.0,07,038,3,2022-04-24
040649,22,114,07,00,92,+18,+38.10568,-109.63619,01.1,07,038,3,2022-04-24
040649,22,114,09,00,32,+30,+38.10632,-109.63674,00.9,08,038,3,2022-04-24
040649,22,114,11,00,60,+26,+38.10222,-109.63741,01.0,07,040,3,2022-04-24
040649,22,114,13,00,84,+21,+38.10100,-109.63934,02.4,06,038,3,2022-04-24
040649,22,114,15,00,68,+28,+38.09915,-109.64122,01.0,06,039,3,2022-04-24
040649,22,114,21,00,78,+19,+38.09746,-109.64247,00.8,09,038,3,2022-04-24
040649,22,114,23,00,20,+19,+38.09719,-109.64241,00.8,09,038,3,2022-04-24
040649,22,115,01,00,28,+17,+38.09733,-109.64250,01.4,07,041,3,2022-04-25
040649,22,115,03,00,26,+16,+38.09717,-109.64237,01.1,08,037,3,2022-04-25
040649,22,115,05,00,14,+15,+38.09717,-109.64226,01.0,08,038,3,2022-04-25
040649,22,115,15,01,96,+32,+38.11484,-109.61792,01.5,04,052,3,2022-04-25
040649,22,115,17,00,80,+32,+38.11420,-109.61647,01.2,06,039,3,2022-04-25
040649,22,115,23,00,20,+20,+38.11800,-109.62915,01.1,08,038,3,2022-04-25
040649,22,116,01,00,66,+16,+38.11863,-109.62971,01.0,07,038,3,2022-04-26
040649,22,116,03,00,36,+17,+38.11854,-109.62946,01.0,08,038,3,2022-04-26
040649,22,116,05,00,38,+13,+38.11927,-109.62971,01.0,07,038,3,2022-04-26
040649,22,116,07,00,98,+23,+38.12653,-109.62432,01.0,07,038,3,2022-04-26
040649,22,116,09,00,98,+30,+38.12600,-109.61968,00.8,08,038,3,2022-04-26
040649,22,116,11,00,88,+32,+38.12563,-109.61988,00.8,08,038,3,2022-04-26
040649,22,116,13,00,56,+34,+38.12606,-109.61883,00.9,07,038,3,2022-04-26
040649,22,116,15,00,80,+38,+38.12619,-109.61833,01.1,06,038,3,2022-04-26
040649,22,116,17,00,74,+33,+38.12633,-109.62062,00.9,07,038,3,2022-04-26
040649,22,116,19,00,96,+27,+38.12662,-109.61963,01.3,07,038,3,2022-04-26
040649,22,116,21,00,52,+27,+38.12663,-109.61994,00.8,09,040,3,2022-04-26
040649,22,116,23,00,22,+26,+38.12664,-109.61994,00.8,10,038,3,2022-04-26
040649,22,117,01,00,64,+25,+38.12640,-109.61935,00.9,09,040,3,2022-04-27
040649,22,117,03,00,12,+23,+38.12645,-109.61931,00.8,09,038,3,2022-04-27
040649,22,117,05,00,42,+21,+38.12644,-109.61887,00.8,09,038,3,2022-04-27
040649,22,117,07,00,98,+23,+38.12507,-109.61865,00.9,08,038,3,2022-04-27
040649,22,117,09,00,98,+30,+38.12006,-109.61899,01.4,08,038,3,2022-04-27
040649,22,117,11,00,78,+42,+38.11674,-109.62068,00.9,09,040,3,2022-04-27
040649,22,117,13,00,26,+41,+38.11552,-109.61994,01.1,07,038,3,2022-04-27
040649,22,117,15,00,28,+36,+38.11603,-109.61958,01.1,06,046,3,2022-04-27
040649,22,117,17,00,98,+36,+38.12199,-109.61933,00.9,06,038,3,2022-04-27
040649,22,117,19,00,98,+29,+38.12514,-109.61959,01.4,06,038,3,2022-04-27
040649,22,117,21,00,58,+27,+38.12615,-109.61960,00.8,09,038,3,2022-04-27
040649,22,117,23,00,44,+24,+38.12620,-109.61944,00.9,09,038,3,2022-04-27
040649,22,118,01,00,54,+25,+38.12594,-109.61918,01.0,09,038,3,2022-04-28
040649,22,118,03,00,18,+23,+38.12620,-109.61921,00.8,09,038,3,2022-04-28
040649,22,118,05,00,38,+21,+38.12631,-109.61933,00.9,08,040,3,2022-04-28
040649,22,118,07,00,98,+25,+38.12775,-109.62258,00.9,08,038,3,2022-04-28
040649,22,118,09,00,98,+30,+38.12570,-109.61853,00.9,08,038,3,2022-04-28
040649,22,118,13,00,98,+36,+38.12579,-109.62048,01.1,07,038,3,2022-04-28
040649,22,118,15,00,76,+35,+38.12543,-109.61981,01.1,07,040,3,2022-04-28
040649,22,118,17,00,46,+34,+38.12591,-109.62187,00.9,09,038,3,2022-04-28
040649,22,118,21,00,68,+24,+38.12366,-109.62371,01.0,08,038,3,2022-04-28
040649,22,118,23,00,32,+24,+38.12313,-109.62358,00.8,10,038,3,2022-04-28
040649,22,119,01,00,18,+23,+38.12283,-109.62364,00.9,09,038,3,2022-04-29
040649,22,119,03,00,50,+23,+38.12234,-109.62345,00.8,09,039,3,2022-04-29
040649,22,119,05,00,28,+20,+38.12195,-109.62361,01.2,07,038,3,2022-04-29
040649,22,119,07,00,98,+23,+38.12030,-109.62624,00.9,08,038,3,2022-04-29
040649,22,119,09,00,98,+31,+38.11910,-109.62715,00.8,10,038,3,2022-04-29
040649,22,119,11,00,56,+37,+38.11887,-109.62622,00.8,09,038,3,2022-04-29
040649,22,119,13,00,84,+39,+38.11855,-109.62487,00.9,09,038,3,2022-04-29
040649,22,119,15,00,18,+37,+38.11862,-109.62528,01.0,08,038,3,2022-04-29
040649,22,119,17,00,98,+35,+38.11964,-109.62786,00.7,11,038,3,2022-04-29
040649,22,119,19,00,98,+23,+38.12010,-109.62928,00.9,10,038,3,2022-04-29
040649,22,119,21,00,78,+19,+38.12101,-109.62971,01.0,08,038,3,2022-04-29
040649,22,119,23,00,30,+18,+38.12108,-109.62973,00.8,10,038,3,2022-04-29
040649,22,120,01,00,32,+15,+38.12083,-109.62936,01.0,08,038,3,2022-04-30
040649,22,120,03,00,70,+13,+38.12029,-109.62989,00.8,09,038,3,2022-04-30
040649,22,120,05,00,34,+11,+38.12047,-109.63008,00.8,09,038,3,2022-04-30
040649,22,120,07,00,98,+25,+38.12184,-109.63131,00.8,09,038,3,2022-04-30
040649,22,120,09,00,52,+37,+38.12315,-109.63058,00.8,10,038,3,2022-04-30
040649,22,120,11,00,62,+43,+38.12101,-109.62881,00.8,09,038,3,2022-04-30
040649,22,120,13,00,94,+44,+38.11419,-109.61870,00.9,09,038,3,2022-04-30
040649,22,120,15,00,50,+34,+38.11486,-109.61818,01.0,08,039,3,2022-04-30
040649,22,120,17,00,70,+30,+38.11492,-109.62082,00.8,10,038,3,2022-04-30
040649,22,120,19,00,98,+25,+38.11897,-109.62873,01.2,09,039,3,2022-04-30
040649,22,120,23,00,30,+22,+38.11791,-109.63054,00.8,10,038,3,2022-04-30
040649,22,121,01,00,50,+17,+38.11903,-109.63027,00.9,09,038,3,2022-05-01
040649,22,121,03,00,48,+23,+38.11842,-109.63021,01.0,07,038,3,2022-05-01
040649,22,121,05,00,34,+20,+38.11866,-109.63123,01.2,07,038,3,2022-05-01
040649,22,121,07,00,98,+26,+38.11966,-109.63701,00.9,08,038,3,2022-05-01
040649,22,121,09,00,98,+31,+38.11975,-109.63739,00.9,06,037,3,2022-05-01
040649,22,121,11,00,80,+34,+38.12131,-109.63949,01.1,06,058,3,2022-05-01
040649,22,121,13,00,24,+32,+38.12140,-109.63958,01.2,06,038,3,2022-05-01
040649,22,121,19,00,98,+23,+38.12578,-109.63878,01.3,06,038,3,2022-05-01
040649,22,121,21,00,66,+23,+38.12436,-109.63732,01.1,07,038,3,2022-05-01
040649,22,121,23,00,28,+22,+38.12429,-109.63730,00.8,09,040,3,2022-05-01
040649,22,122,01,00,48,+19,+38.12486,-109.63741,00.8,10,038,3,2022-05-02
040649,22,122,03,00,68,+20,+38.12543,-109.63785,00.8,09,040,3,2022-05-02
040649,22,122,05,00,34,+14,+38.12580,-109.63775,00.9,08,038,3,2022-05-02
040649,22,122,07,00,98,+25,+38.12535,-109.63780,00.8,08,038,3,2022-05-02
040649,22,122,09,00,98,+29,+38.12471,-109.63612,00.9,09,038,3,2022-05-02
040649,22,122,11,00,78,+30,+38.12401,-109.63612,00.8,08,038,3,2022-05-02
040649,22,122,13,00,56,+32,+38.12394,-109.63654,01.1,07,038,3,2022-05-02
040649,22,122,17,00,46,+37,+38.12774,-109.62994,01.1,09,038,3,2022-05-02
040649,22,122,19,00,90,+27,+38.12553,-109.63764,01.5,08,038,3,2022-05-02
040649,22,122,21,00,80,+27,+38.12625,-109.64109,00.9,08,040,3,2022-05-02
040649,22,122,23,00,22,+25,+38.12629,-109.64115,00.9,09,038,3,2022-05-02
040649,22,123,01,00,64,+24,+38.12700,-109.64211,00.9,09,038,3,2022-05-03
040649,22,123,03,00,20,+26,+38.12713,-109.64212,01.4,08,038,3,2022-05-03
040649,22,123,05,00,50,+24,+38.12744,-109.64054,01.4,07,038,3,2022-05-03
040649,22,123,07,00,98,+25,+38.12497,-109.64066,00.8,09,038,3,2022-05-03
040649,22,123,09,00,92,+27,+38.12130,-109.64012,00.8,10,039,3,2022-05-03
040649,22,123,11,00,44,+25,+38.12194,-109.63829,01.2,04,038,3,2022-05-03
040649,22,123,13,00,96,+24,+38.12802,-109.62465,00.9,08,038,3,2022-05-03
040649,22,123,17,00,94,+22,+38.12604,-109.63484,00.8,08,038,3,2022-05-03
040649,22,123,19,00,98,+20,+38.12333,-109.63972,01.4,06,038,3,2022-05-03
040649,22,123,21,00,70,+21,+38.12351,-109.64199,01.0,07,040,3,2022-05-03
040649,22,124,01,00,28,+17,+38.12380,-109.64197,00.9,09,038,3,2022-05-04
040649,22,124,03,00,30,+17,+38.12400,-109.64192,01.2,08,059,3,2022-05-04
040649,22,124,05,00,40,+13,+38.12366,-109.64112,00.8,09,040,3,2022-05-04
040649,22,124,07,00,98,+23,+38.12181,-109.63902,00.8,08,038,3,2022-05-04
040649,22,124,09,00,98,+25,+38.11939,-109.63455,01.0,07,038,3,2022-05-04
040649,22,124,11,00,72,+28,+38.12076,-109.63542,00.9,08,038,3,2022-05-04
040649,22,124,17,00,46,+29,+38.12383,-109.63813,01.0,08,038,3,2022-05-04
040649,22,124,19,00,98,+24,+38.12528,-109.63653,00.8,10,039,3,2022-05-04
040649,22,124,21,00,82,+24,+38.12493,-109.63705,00.8,09,038,3,2022-05-04
040649,22,124,23,00,30,+23,+38.12491,-109.63706,01.1,08,038,3,2022-05-04
040649,22,125,01,00,52,+18,+38.12570,-109.63752,00.8,10,038,3,2022-05-05
040649,22,125,03,00,20,+21,+38.12566,-109.63755,01.2,07,038,3,2022-05-05
040649,22,125,05,00,60,+15,+38.12387,-109.63919,00.7,09,038,3,2022-05-05
040649,22,125,07,00,98,+24,+38.12163,-109.63672,00.8,09,038,3,2022-05-05
040649,22,125,09,00,98,+31,+38.12082,-109.63497,01.0,07,038,3,2022-05-05
040649,22,125,11,00,62,+33,+38.12226,-109.63529,00.7,11,038,3,2022-05-05
040649,22,125,17,00,78,+35,+38.12832,-109.63013,00.8,09,038,3,2022-05-05
040649,22,125,19,00,96,+29,+38.12463,-109.63471,00.7,11,038,3,2022-05-05
040649,22,125,21,00,86,+26,+38.12198,-109.63871,00.9,08,038,3,2022-05-05
040649,22,125,23,00,32,+27,+38.12192,-109.63873,01.0,09,038,3,2022-05-05
040649,22,126,01,00,58,+21,+38.12101,-109.63907,01.0,08,038,3,2022-05-06
040649,22,126,03,00,32,+23,+38.12098,-109.63893,01.2,07,038,3,2022-05-06
040649,22,126,07,00,98,+25,+38.12031,-109.63652,01.0,08,038,3,2022-05-06
040649,22,126,09,00,96,+37,+38.11988,-109.63489,00.8,10,038,3,2022-05-06
040649,22,126,11,00,52,+40,+38.12046,-109.63537,00.7,11,038,3,2022-05-06
040649,22,126,15,00,94,+42,+38.12854,-109.62654,00.9,09,038,3,2022-05-06
040649,22,126,17,00,54,+40,+38.12629,-109.62940,00.9,09,039,3,2022-05-06
040649,22,126,19,00,92,+34,+38.12022,-109.62957,01.0,09,038,3,2022-05-06
040649,22,126,21,00,82,+30,+38.11810,-109.63085,00.8,10,038,3,2022-05-06
040649,22,126,23,00,32,+29,+38.11808,-109.63068,00.9,10,038,3,2022-05-06
040649,22,127,01,00,22,+27,+38.11801,-109.63074,01.2,06,040,3,2022-05-07
040649,22,127,03,00,28,+25,+38.11804,-109.63088,01.0,08,038,3,2022-05-07
040649,22,127,05,00,42,+25,+38.11830,-109.62938,00.8,08,038,3,2022-05-07
040649,22,127,07,00,98,+28,+38.11800,-109.62860,00.8,09,038,3,2022-05-07
040649,22,127,09,00,98,+34,+38.11424,-109.62882,00.9,09,038,3,2022-05-07
040649,22,127,11,00,94,+37,+38.11530,-109.61954,00.7,11,042,3,2022-05-07
040649,22,127,13,00,24,+38,+38.11529,-109.61958,00.9,08,039,3,2022-05-07
040649,22,127,15,00,66,+40,+38.11531,-109.61916,01.1,08,038,3,2022-05-07
040649,22,127,17,00,76,+37,+38.11630,-109.62017,01.1,08,039,3,2022-05-07
040649,22,127,19,00,98,+32,+38.11838,-109.62547,01.0,09,038,3,2022-05-07
040649,22,127,23,00,32,+25,+38.11977,-109.62924,01.0,09,039,3,2022-05-07
040649,22,128,01,00,76,+25,+38.11986,-109.62919,00.8,09,038,3,2022-05-08
040649,22,128,03,00,24,+24,+38.11979,-109.62918,01.2,07,038,3,2022-05-08
040649,22,128,05,00,46,+20,+38.12100,-109.62956,00.9,07,038,3,2022-05-08
040649,22,128,09,00,98,+34,+38.12614,-109.62450,01.0,09,038,3,2022-05-08
040649,22,128,11,00,96,+36,+38.12540,-109.62192,00.8,07,060,2,2022-05-08
040649,22,128,15,00,74,+41,+38.11503,-109.62062,01.2,07,038,3,2022-05-08
040649,22,128,17,00,54,+39,+38.11586,-109.62734,00.7,11,038,3,2022-05-08
040649,22,128,19,00,98,+30,+38.11183,-109.64157,00.7,11,038,3,2022-05-08
040649,22,128,21,00,94,+28,+38.11006,-109.65710,00.9,09,038,3,2022-05-08
040649,22,128,23,00,34,+26,+38.10997,-109.65711,01.0,09,038,3,2022-05-08
040649,22,129,01,00,66,+25,+38.11008,-109.65718,00.8,10,038,3,2022-05-09
040649,22,129,03,00,24,+23,+38.11011,-109.65723,01.0,08,038,3,2022-05-09
040649,22,129,05,00,52,+19,+38.11170,-109.65573,00.9,08,040,3,2022-05-09
040649,22,129,07,00,92,+27,+38.11389,-109.62641,00.8,09,038,3,2022-05-09
040649,22,129,09,00,90,+30,+38.11026,-109.61458,00.9,09,038,3,2022-05-09
040649,22,129,11,00,34,+35,+38.11032,-109.61441,01.0,08,040,3,2022-05-09
040649,22,129,13,00,52,+47,+38.10919,-109.61466,00.9,08,038,3,2022-05-09
040649,22,129,15,00,70,+40,+38.10895,-109.61582,01.5,07,038,3,2022-05-09
040649,22,129,17,00,56,+37,+38.10990,-109.61510,00.7,11,038,3,2022-05-09
040649,22,129,19,00,98,+28,+38.10953,-109.61746,00.9,09,038,3,2022-05-09
040649,22,129,21,00,90,+23,+38.11159,-109.61866,00.9,09,038,3,2022-05-09
040649,22,129,23,00,20,+23,+38.11155,-109.61872,01.3,08,038,3,2022-05-09
040649,22,130,01,00,74,+23,+38.11158,-109.61865,00.8,09,038,3,2022-05-10
040649,22,130,03,00,16,+20,+38.11159,-109.61868,01.0,08,038,3,2022-05-10
040649,22,130,05,00,28,+19,+38.11262,-109.62108,01.1,07,040,3,2022-05-10
040649,22,130,07,00,96,+26,+38.11856,-109.62492,00.8,09,039,3,2022-05-10
040649,22,130,09,00,98,+35,+38.12013,-109.62507,00.9,09,038,3,2022-05-10
040649,22,130,11,00,98,+38,+38.11887,-109.62761,00.7,11,038,3,2022-05-10
040649,22,130,13,00,52,+40,+38.11817,-109.62709,00.9,08,038,3,2022-05-10
040649,22,130,15,00,80,+40,+38.11743,-109.62406,01.1,07,038,3,2022-05-10
040649,22,130,17,00,98,+38,+38.11793,-109.62421,00.7,11,038,3,2022-05-10
040649,22,130,19,00,98,+30,+38.11555,-109.62384,00.8,10,038,3,2022-05-10
040649,22,130,21,00,74,+27,+38.11456,-109.63066,00.9,09,038,3,2022-05-10
040649,22,130,23,00,26,+26,+38.11454,-109.63068,01.0,09,038,3,2022-05-10
040649,22,131,01,00,62,+24,+38.11563,-109.63249,00.9,10,038,3,2022-05-11
040649,22,131,03,00,46,+24,+38.11416,-109.63098,00.9,09,038,3,2022-05-11
040649,22,131,05,00,32,+22,+38.10914,-109.63220,01.1,08,038,3,2022-05-11
040649,22,131,07,00,98,+26,+38.10599,-109.63251,00.8,09,038,3,2022-05-11
040649,22,131,11,00,58,+33,+38.10906,-109.62961,00.8,09,038,3,2022-05-11
040649,22,131,13,00,68,+35,+38.10853,-109.63204,00.9,08,038,3,2022-05-11
040649,22,131,15,00,98,+37,+38.11388,-109.61838,01.2,07,038,3,2022-05-11
040649,22,131,17,00,78,+35,+38.10470,-109.63648,00.8,10,039,3,2022-05-11
040649,22,131,19,00,92,+30,+38.10580,-109.64062,01.4,08,038,3,2022-05-11
040649,22,131,21,00,78,+27,+38.10596,-109.64699,00.9,09,039,3,2022-05-11
040649,22,131,23,00,42,+25,+38.10599,-109.64695,01.0,09,040,3,2022-05-11
040649,22,132,01,00,68,+20,+38.10617,-109.65103,00.8,09,038,3,2022-05-12
040649,22,132,03,00,24,+17,+38.10612,-109.65099,01.3,07,038,3,2022-05-12
040649,22,132,05,00,28,+15,+38.10638,-109.65106,00.9,09,038,3,2022-05-12
040649,22,132,07,00,98,+27,+38.10843,-109.64768,00.7,10,038,3,2022-05-12
040649,22,132,09,00,48,+36,+38.11009,-109.64546,00.9,09,038,3,2022-05-12
040649,22,132,11,00,46,+39,+38.11103,-109.64538,00.8,09,039,3,2022-05-12
040649,22,132,13,00,98,+40,+38.11129,-109.63775,00.9,08,038,3,2022-05-12
040649,22,132,15,00,92,+44,+38.11281,-109.61756,01.2,08,038,3,2022-05-12
040649,22,132,17,00,58,+33,+38.11236,-109.61884,00.8,10,038,3,2022-05-12
040649,22,132,19,00,96,+26,+38.10536,-109.63819,00.8,09,038,3,2022-05-12
040649,22,132,21,00,52,+27,+38.10489,-109.63730,00.9,08,038,3,2022-05-12
040649,22,132,23,00,44,+19,+38.10628,-109.63760,01.1,08,038,3,2022-05-12
040649,22,133,01,00,80,+18,+38.10747,-109.63865,01.0,07,038,3,2022-05-13
040649,22,133,03,00,44,+20,+38.10644,-109.63762,01.1,08,040,3,2022-05-13
040649,22,133,05,00,44,+12,+38.10669,-109.63674,01.0,07,040,3,2022-05-13
040649,22,133,07,00,96,+24,+38.11406,-109.62761,00.9,09,038,3,2022-05-13
040649,22,133,09,00,86,+29,+38.11082,-109.61420,00.8,10,038,3,2022-05-13
040649,22,133,11,00,24,+32,+38.11087,-109.61411,01.0,07,039,3,2022-05-13
040649,22,133,13,00,70,+35,+38.11254,-109.61766,00.8,10,038,3,2022-05-13
040649,22,133,15,00,62,+39,+38.11202,-109.61908,01.1,08,039,3,2022-05-13
040649,22,133,17,00,56,+34,+38.11376,-109.62736,00.7,10,038,3,2022-05-13
040649,22,133,19,00,98,+32,+38.10887,-109.65004,01.1,07,038,3,2022-05-13
040649,22,133,21,00,80,+25,+38.11153,-109.65561,00.9,09,038,3,2022-05-13
040649,22,133,23,00,72,+23,+38.11105,-109.65689,01.0,09,040,3,2022-05-13
040649,22,134,01,00,80,+20,+38.11088,-109.65854,00.8,10,038,3,2022-05-14
040649,22,134,03,00,52,+21,+38.11096,-109.65856,00.9,08,038,3,2022-05-14
040649,22,134,05,00,58,+14,+38.11180,-109.65843,00.9,08,039,3,2022-05-14
040649,22,134,09,00,92,+35,+38.10726,-109.61145,00.9,08,038,3,2022-05-14
040649,22,134,11,00,70,+37,+38.10749,-109.61080,01.0,07,039,3,2022-05-14
040649,22,134,13,00,72,+39,+38.10800,-109.60465,00.8,09,038,3,2022-05-14
040649,22,134,15,00,62,+39,+38.10851,-109.59945,01.1,08,039,3,2022-05-14
040649,22,134,17,00,62,+39,+38.10765,-109.59889,00.9,08,038,3,2022-05-14
040649,22,134,19,00,78,+36,+38.10901,-109.60401,00.7,10,039,3,2022-05-14
040649,22,134,21,00,70,+25,+38.10899,-109.60392,00.9,09,039,3,2022-05-14
040649,22,134,23,00,34,+25,+38.10894,-109.60398,01.8,07,040,3,2022-05-14
040649,22,135,01,00,40,+23,+38.10892,-109.60390,01.0,07,038,3,2022-05-15
040649,22,135,03,00,62,+24,+38.11075,-109.60376,01.2,07,038,3,2022-05-15
040649,22,135,05,00,42,+21,+38.11151,-109.60392,01.0,07,038,3,2022-05-15
040649,22,135,07,00,78,+24,+38.10743,-109.59871,00.8,09,038,3,2022-05-15
040649,22,135,09,00,72,+40,+38.10867,-109.60385,00.8,10,039,3,2022-05-15
040649,22,135,11,00,36,+40,+38.10899,-109.60376,01.0,07,058,3,2022-05-15
040649,22,135,13,00,84,+44,+38.10926,-109.60035,01.0,08,040,3,2022-05-15
040649,22,135,15,00,36,+47,+38.10920,-109.60048,01.0,08,038,3,2022-05-15
040649,22,135,17,00,44,+42,+38.10769,-109.59880,00.8,09,040,3,2022-05-15
040649,22,135,19,00,86,+37,+38.10811,-109.60955,00.7,10,038,3,2022-05-15
040649,22,135,21,00,76,+27,+38.10779,-109.60050,01.0,08,038,3,2022-05-15
040649,22,135,23,00,62,+26,+38.10833,-109.60333,01.3,08,039,3,2022-05-15
040649,22,136,01,00,60,+25,+38.10852,-109.60339,01.0,08,038,3,2022-05-16
040649,22,136,03,00,42,+25,+38.10839,-109.60361,01.0,08,038,3,2022-05-16
040649,22,136,05,00,64,+25,+38.10889,-109.60339,00.9,08,038,3,2022-05-16
040649,22,136,07,00,90,+27,+38.10784,-109.60028,01.1,07,038,3,2022-05-16
040649,22,136,09,00,60,+36,+38.10766,-109.60127,00.9,09,038,3,2022-05-16
040649,22,136,11,00,54,+40,+38.10771,-109.60064,01.5,06,038,3,2022-05-16
040649,22,136,13,00,96,+40,+38.10702,-109.60380,01.0,08,040,3,2022-05-16
040649,22,136,17,00,60,+40,+38.10628,-109.60292,00.8,09,038,3,2022-05-16
040649,22,136,19,00,76,+34,+38.10569,-109.60232,01.0,09,038,3,2022-05-16
040649,22,136,21,00,70,+27,+38.10539,-109.60165,00.9,09,038,3,2022-05-16
040649,22,136,23,00,64,+26,+38.10509,-109.60182,01.3,08,039,3,2022-05-16
040649,22,137,01,00,50,+26,+38.10480,-109.60150,01.0,08,038,3,2022-05-17
040649,22,137,03,00,58,+25,+38.10500,-109.60166,01.0,08,038,3,2022-05-17
040649,22,137,05,00,34,+24,+38.10502,-109.60161,00.8,09,038,3,2022-05-17
040649,22,137,07,00,92,+35,+38.10424,-109.59986,01.0,08,038,3,2022-05-17
040649,22,137,09,00,74,+39,+38.10712,-109.60382,00.7,11,039,3,2022-05-17
040649,22,137,13,00,52,+40,+38.10542,-109.60247,00.9,09,038,3,2022-05-17
040649,22,137,17,00,76,+41,+38.10488,-109.60194,00.8,10,038,3,2022-05-17
040649,22,137,19,00,90,+33,+38.10428,-109.60007,00.9,09,038,3,2022-05-17
040649,22,137,21,00,58,+31,+38.10479,-109.59941,01.6,07,038,3,2022-05-17
040649,22,137,23,00,34,+28,+38.10500,-109.59957,01.2,08,039,3,2022-05-17
040649,22,138,01,00,78,+25,+38.10622,-109.60468,00.8,10,038,3,2022-05-18
040649,22,138,03,00,24,+25,+38.10601,-109.60479,01.2,07,038,3,2022-05-18
040649,22,138,05,00,32,+24,+38.10569,-109.60491,01.0,08,038,3,2022-05-18
040649,22,138,09,00,70,+33,+38.10540,-109.60498,00.9,09,038,3,2022-05-18
040649,22,138,13,00,30,+40,+38.10549,-109.60533,00.8,09,038,3,2022-05-18
040649,22,138,15,00,34,+42,+38.10556,-109.60525,01.1,07,038,3,2022-05-18
040649,22,138,17,00,40,+41,+38.10562,-109.60531,00.8,10,038,3,2022-05-18
040649,22,138,21,00,92,+22,+38.10503,-109.60131,00.8,10,038,3,2022-05-18
040649,22,138,23,00,48,+26,+38.10440,-109.60115,01.3,07,038,3,2022-05-18
040649,22,139,01,00,94,+24,+38.10535,-109.59945,00.8,10,038,3,2022-05-19
040649,22,139,03,00,44,+23,+38.10536,-109.59946,01.0,07,039,3,2022-05-19
040649,22,139,05,00,74,+21,+38.10547,-109.60249,01.1,07,038,3,2022-05-19
040649,22,139,09,00,52,+37,+38.10595,-109.60405,01.3,07,038,3,2022-05-19
040649,22,139,11,00,98,+37,+38.10540,-109.60245,01.2,06,040,3,2022-05-19
040649,22,139,13,00,98,+38,+38.10612,-109.60260,01.1,07,038,3,2022-05-19
040649,22,139,15,00,50,+43,+38.10641,-109.60475,01.3,06,038,3,2022-05-19
040649,22,139,17,00,36,+39,+38.10646,-109.60465,01.0,08,038,3,2022-05-19
040649,22,139,19,00,88,+33,+38.10565,-109.60434,00.9,08,038,3,2022-05-19
040649,22,139,23,00,52,+30,+38.10447,-109.60174,00.9,09,038,3,2022-05-19
040649,22,140,03,00,90,+26,+38.10550,-109.59980,01.8,04,053,3,2022-05-20
040649,22,140,05,00,76,+20,+38.10442,-109.60028,02.9,04,050,3,2022-05-20
040649,22,140,07,00,84,+24,+38.10602,-109.60447,00.8,09,040,3,2022-05-20
040649,22,140,09,00,64,+28,+38.10658,-109.60446,00.8,10,039,3,2022-05-20
040649,22,140,11,00,22,+30,+38.10659,-109.60446,01.0,07,058,3,2022-05-20
040649,22,140,13,00,88,+23,+38.10707,-109.60298,00.9,08,038,3,2022-05-20
040649,22,140,17,00,80,+27,+38.10651,-109.60311,00.9,07,038,3,2022-05-20
040649,22,140,19,00,84,+24,+38.10756,-109.60446,01.0,06,038,3,2022-05-20
040649,22,140,23,00,68,+20,+38.10477,-109.60241,00.9,09,038,3,2022-05-20
040649,22,141,01,00,78,+17,+38.10456,-109.60240,00.8,10,040,3,2022-05-21
040649,22,141,03,00,28,+16,+38.10454,-109.60243,00.9,08,038,3,2022-05-21
040649,22,141,05,00,76,+15,+38.10440,-109.60231,00.9,08,038,3,2022-05-21
040649,22,141,09,00,72,+25,+38.10523,-109.60213,00.9,08,038,3,2022-05-21
040649,22,141,11,00,98,+27,+38.10689,-109.60060,01.0,07,038,3,2022-05-21
040649,22,141,13,00,98,+28,+38.10498,-109.59732,01.3,07,038,3,2022-05-21
040649,22,141,17,00,60,+30,+38.10477,-109.59780,01.3,06,038,3,2022-05-21
040649,22,141,19,00,82,+27,+38.10623,-109.60119,00.7,09,038,3,2022-05-21
040649,22,141,21,00,62,+25,+38.10716,-109.60025,01.0,08,039,3,2022-05-21
040649,22,141,23,00,26,+25,+38.10712,-109.60033,01.2,07,038,3,2022-05-21
040649,22,142,01,00,86,+19,+38.10703,-109.60010,00.8,10,038,3,2022-05-22
040649,22,142,03,00,22,+23,+38.10700,-109.60014,00.9,08,039,3,2022-05-22
040649,22,142,05,00,42,+18,+38.10638,-109.59852,01.0,07,038,3,2022-05-22
040649,22,142,07,00,84,+23,+38.10529,-109.59751,01.0,09,039,3,2022-05-22
040649,22,142,13,00,56,+36,+38.10317,-109.59785,01.0,07,038,3,2022-05-22
040649,22,142,15,00,78,+34,+38.10339,-109.59858,00.9,09,040,3,2022-05-22
040649,22,142,17,00,90,+32,+38.10350,-109.59873,01.0,08,038,3,2022-05-22
040649,22,142,21,00,68,+26,+38.10358,-109.59673,01.0,08,038,3,2022-05-22
040649,22,142,23,00,60,+23,+38.10379,-109.59693,00.8,10,038,3,2022-05-22
040649,22,143,01,00,72,+21,+38.10366,-109.59692,00.8,10,038,3,2022-05-23
040649,22,143,03,00,48,+21,+38.10377,-109.59709,00.9,08,038,3,2022-05-23
040649,22,143,05,00,76,+20,+38.10374,-109.59706,01.0,07,038,3,2022-05-23
040649,22,143,07,00,82,+25,+38.10417,-109.59743,00.7,11,039,3,2022-05-23
040649,22,143,09,00,78,+25,+38.10401,-109.59809,00.9,09,038,3,2022-05-23
040649,22,143,11,00,58,+29,+38.10383,-109.59770,01.1,06,038,3,2022-05-23
040649,22,143,17,00,88,+32,+38.10313,-109.59812,01.1,08,038,3,2022-05-23
040649,22,143,21,00,84,+23,+38.10332,-109.59793,01.2,09,039,3,2022-05-23
040649,22,143,23,00,48,+20,+38.10320,-109.59818,00.9,09,038,3,2022-05-23
040649,22,144,01,00,62,+14,+38.10356,-109.59837,00.8,09,039,3,2022-05-24
040649,22,144,07,00,84,+24,+38.10321,-109.59832,00.8,09,038,3,2022-05-24
040649,22,144,09,00,92,+34,+38.10378,-109.59629,01.1,07,038,3,2022-05-24
040649,22,144,15,00,90,+32,+38.10222,-109.59587,00.8,09,048,3,2022-05-24
040649,22,144,17,00,44,+31,+38.10221,-109.59572,01.1,08,038,3,2022-05-24
040649,22,144,19,00,88,+29,+38.10216,-109.59589,01.8,06,041,3,2022-05-24
040649,22,144,21,00,90,+25,+38.10182,-109.59513,00.9,08,038,3,2022-05-24
040649,22,144,23,00,54,+25,+38.10236,-109.59535,00.9,09,038,3,2022-05-24
040649,22,145,01,00,80,+22,+38.10218,-109.59568,00.8,08,039,3,2022-05-25
040649,22,145,03,00,42,+20,+38.10214,-109.59568,00.9,07,038,3,2022-05-25
040649,22,145,05,00,70,+15,+38.10243,-109.59448,01.1,07,038,3,2022-05-25
040649,22,145,11,00,86,+30,+38.10219,-109.59469,00.9,08,038,3,2022-05-25
040649,22,145,13,00,54,+32,+38.10260,-109.59440,01.0,08,038,3,2022-05-25
040649,22,145,17,00,76,+37,+38.10267,-109.59346,01.6,07,038,3,2022-05-25
040649,22,145,21,01,88,+22,+38.10224,-109.59438,00.9,09,059,3,2022-05-25
040649,22,145,23,00,38,+24,+38.10219,-109.59440,00.8,10,039,3,2022-05-25
040649,22,146,01,00,52,+21,+38.10208,-109.59454,00.9,08,038,3,2022-05-26
040649,22,146,03,00,64,+25,+38.10206,-109.59457,00.9,08,040,3,2022-05-26
040649,22,146,05,00,66,+20,+38.10264,-109.59519,00.9,08,038,3,2022-05-26
040649,22,146,07,00,54,+34,+38.10214,-109.59262,00.8,10,038,3,2022-05-26
040649,22,146,09,00,84,+39,+38.10241,-109.59316,00.8,09,040,3,2022-05-26
040649,22,146,11,00,78,+38,+38.10218,-109.59542,01.0,07,038,3,2022-05-26
040649,22,146,13,00,82,+44,+38.10220,-109.59312,00.8,09,038,3,2022-05-26
040649,22,146,17,00,54,+43,+38.10221,-109.59310,01.1,08,040,3,2022-05-26
040649,22,146,19,00,76,+37,+38.10044,-109.59453,01.0,07,039,3,2022-05-26
040649,22,146,21,00,98,+25,+38.10194,-109.59491,00.9,09,038,3,2022-05-26
040649,22,146,23,00,46,+28,+38.10169,-109.59391,00.9,09,038,3,2022-05-26
040649,22,147,01,00,54,+25,+38.10169,-109.59385,00.9,08,038,3,2022-05-27
040649,22,147,03,00,34,+28,+38.10194,-109.59421,01.0,08,038,3,2022-05-27
040649,22,147,05,00,36,+25,+38.10207,-109.59411,00.9,09,038,3,2022-05-27
040649,22,147,07,00,56,+36,+38.10068,-109.59175,00.8,10,038,3,2022-05-27
040649,22,147,11,00,70,+42,+38.10090,-109.59160,00.9,09,038,3,2022-05-27
040649,22,147,13,00,96,+37,+38.09940,-109.58966,01.1,08,038,3,2022-05-27
040649,22,147,15,00,80,+43,+38.10092,-109.59152,00.7,11,038,3,2022-05-27
040649,22,147,17,00,56,+40,+38.09816,-109.59020,01.0,09,038,3,2022-05-27
040649,22,147,19,00,66,+35,+38.10084,-109.59080,00.9,08,057,3,2022-05-27
040649,22,147,21,00,84,+32,+38.10047,-109.59099,00.8,10,038,3,2022-05-27
040649,22,147,23,00,28,+29,+38.10033,-109.59106,00.9,09,040,3,2022-05-27
040649,22,148,01,00,58,+29,+38.09964,-109.59032,00.9,08,038,3,2022-05-28
040649,22,148,03,00,48,+25,+38.10017,-109.58975,00.8,09,041,3,2022-05-28
040649,22,148,05,00,46,+27,+38.10002,-109.59032,00.8,09,038,3,2022-05-28
040649,22,148,07,00,90,+29,+38.09688,-109.58792,01.0,09,041,3,2022-05-28
040649,22,148,09,00,42,+34,+38.09694,-109.58799,00.9,08,041,3,2022-05-28
040649,22,148,11,00,70,+32,+38.09812,-109.58710,00.9,09,038,3,2022-05-28
040649,22,148,15,00,68,+37,+38.09843,-109.58708,00.7,11,038,3,2022-05-28
040649,22,148,17,00,52,+34,+38.09872,-109.58538,01.0,09,038,3,2022-05-28
040649,22,148,19,00,68,+32,+38.09853,-109.58538,01.0,07,039,3,2022-05-28
040649,22,148,21,00,74,+29,+38.09864,-109.58527,00.8,10,038,3,2022-05-28
040649,22,148,23,00,42,+26,+38.09863,-109.58521,00.9,09,038,3,2022-05-28
040649,22,149,03,00,58,+24,+38.09863,-109.58538,00.8,08,038,3,2022-05-29
040649,22,149,07,00,80,+28,+38.09930,-109.58471,00.9,08,038,3,2022-05-29
040649,22,149,09,00,44,+31,+38.09907,-109.58464,00.8,09,038,3,2022-05-29
040649,22,149,11,00,40,+32,+38.09934,-109.58470,01.1,07,043,3,2022-05-29
040649,22,149,13,00,78,+28,+38.10120,-109.58877,02.0,06,038,3,2022-05-29
040649,22,149,15,00,50,+29,+38.09911,-109.58456,00.8,10,039,3,2022-05-29
040649,22,149,17,00,78,+25,+38.09791,-109.58300,01.0,08,038,3,2022-05-29
040649,22,149,21,00,86,+23,+38.09944,-109.58547,00.8,10,038,3,2022-05-29
040649,22,149,23,00,28,+24,+38.09944,-109.58550,01.0,08,038,3,2022-05-29
040649,22,150,01,00,72,+20,+38.09950,-109.58538,01.0,07,039,3,2022-05-30
040649,22,150,03,00,38,+19,+38.09936,-109.58582,00.9,07,041,3,2022-05-30
040649,22,150,05,00,64,+16,+38.09917,-109.58535,00.9,08,059,3,2022-05-30
040649,22,150,07,00,72,+26,+38.09964,-109.58576,00.8,09,038,3,2022-05-30
040649,22,150,09,00,94,+26,+38.09902,-109.58634,01.0,07,039,3,2022-05-30
040649,22,150,11,00,56,+27,+38.09846,-109.58550,00.8,10,040,3,2022-05-30
040649,22,150,13,00,92,+29,+38.09835,-109.58437,01.1,09,038,3,2022-05-30
040649,22,150,15,00,56,+31,+38.09881,-109.58512,00.7,11,038,3,2022-05-30
040649,22,150,17,00,64,+25,+38.09812,-109.58550,01.1,07,038,3,2022-05-30
040649,22,150,19,00,80,+24,+38.09873,-109.58496,01.9,06,039,3,2022-05-30
040649,22,150,21,00,82,+21,+38.09873,-109.58412,00.9,08,038,3,2022-05-30
040649,22,151,01,00,62,+19,+38.09880,-109.58503,00.9,08,038,3,2022-05-31
040649,22,151,03,00,36,+18,+38.09869,-109.58509,00.9,08,038,3,2022-05-31
040649,22,151,05,00,82,+13,+38.09883,-109.58561,00.8,10,038,3,2022-05-31
040649,22,151,07,00,78,+19,+38.09860,-109.58586,00.9,09,038,3,2022-05-31
040649,22,151,09,00,78,+28,+38.09806,-109.58582,00.9,08,038,3,2022-05-31
040649,22,151,11,00,58,+31,+38.09833,-109.58580,01.0,09,058,3,2022-05-31
040649,22,151,15,00,78,+31,+38.09740,-109.58975,00.7,11,038,3,2022-05-31
040649,22,151,17,00,62,+33,+38.09840,-109.58994,00.9,09,038,3,2022-05-31
040649,22,151,21,00,78,+26,+38.09873,-109.58702,00.9,09,038,3,2022-05-31
040649,22,151,23,00,56,+24,+38.09906,-109.58733,01.0,08,039,3,2022-05-31
040649,22,152,01,00,36,+24,+38.09909,-109.58732,00.9,08,038,3,2022-06-01
040649,22,152,03,00,52,+24,+38.09923,-109.58731,00.8,09,038,3,2022-06-01
040649,22,152,05,00,56,+18,+38.09927,-109.58793,00.9,09,038,3,2022-06-01
040649,22,152,07,00,74,+24,+38.09857,-109.58799,00.8,10,038,3,2022-06-01
040649,22,152,09,00,60,+40,+38.09891,-109.58847,00.8,10,038,3,2022-06-01
040649,22,152,11,00,68,+33,+38.09757,-109.58988,00.9,09,040,3,2022-06-01
040649,22,152,13,00,88,+33,+38.09868,-109.58896,01.0,09,038,3,2022-06-01
040649,22,152,15,00,76,+34,+38.09877,-109.59053,00.7,11,039,3,2022-06-01
040649,22,152,17,00,88,+37,+38.09963,-109.58921,00.9,09,038,3,2022-06-01
040649,22,152,21,01,96,+23,+38.09766,-109.58862,01.1,06,059,3,2022-06-01
040649,22,152,23,00,54,+23,+38.09878,-109.58766,01.4,04,038,3,2022-06-01
040649,22,153,01,00,92,+20,+38.09882,-109.58798,01.3,07,040,3,2022-06-02
040649,22,153,03,00,56,+20,+38.09886,-109.58802,00.7,10,038,3,2022-06-02
040649,22,153,05,00,70,+19,+38.09871,-109.58718,00.9,08,038,3,2022-06-02
040649,22,153,07,00,90,+27,+38.09876,-109.58694,00.9,08,038,3,2022-06-02
040649,22,153,09,00,60,+32,+38.09887,-109.58851,01.1,06,038,3,2022-06-02
040649,22,153,13,00,88,+37,+38.09942,-109.58985,01.1,08,038,3,2022-06-02
040649,22,153,15,00,84,+40,+38.09842,-109.59056,01.1,10,038,3,2022-06-02
040649,22,153,17,00,88,+38,+38.09843,-109.58878,01.0,08,038,3,2022-06-02
040649,22,153,21,00,92,+27,+38.09880,-109.58647,00.9,09,038,3,2022-06-02
040649,22,153,23,00,54,+25,+38.09883,-109.58652,00.9,09,038,3,2022-06-02
040649,22,154,01,00,94,+25,+38.09877,-109.58521,00.9,09,041,3,2022-06-03
040649,22,154,03,00,48,+25,+38.09867,-109.58629,00.7,10,041,3,2022-06-03
040649,22,154,05,00,62,+25,+38.09869,-109.58595,00.8,10,038,3,2022-06-03
040649,22,154,07,00,84,+30,+38.09904,-109.58664,00.9,09,038,3,2022-06-03
040649,22,154,13,00,96,+41,+38.09804,-109.58746,01.0,09,049,3,2022-06-03
040649,22,154,15,00,72,+40,+38.09798,-109.58965,00.8,10,038,3,2022-06-03
040649,22,154,17,00,76,+37,+38.09926,-109.58984,00.8,10,038,3,2022-06-03
040649,22,154,19,00,96,+35,+38.09852,-109.58729,00.9,09,039,3,2022-06-03
040649,22,157,00,24,66,+29,+38.09411,-109.58569,00.8,09,038,3,2022-06-06
040649,22,157,01,00,34,+30,+38.09412,-109.58570,01.4,05,038,3,2022-06-06
040649,22,157,02,00,60,+28,+38.09412,-109.58564,01.5,07,039,3,2022-06-06
040649,22,157,03,00,32,+26,+38.09412,-109.58568,00.9,08,038,3,2022-06-06
040649,22,157,04,00,96,+25,+38.09353,-109.58568,00.9,09,038,3,2022-06-06
040649,22,157,05,00,80,+25,+38.09352,-109.58528,00.6,12,038,3,2022-06-06
040649,22,157,06,00,96,+25,+38.09450,-109.58576,00.9,09,038,3,2022-06-06
040649,22,157,07,00,82,+30,+38.09424,-109.58302,00.9,09,038,3,2022-06-06
040649,22,157,08,00,74,+37,+38.09433,-109.58290,00.8,09,038,3,2022-06-06
040649,22,157,09,00,48,+37,+38.09433,-109.58292,00.8,10,038,3,2022-06-06
040649,22,157,10,00,32,+37,+38.09424,-109.58292,00.9,08,038,3,2022-06-06
040649,22,157,11,00,80,+40,+38.09396,-109.58460,00.9,09,038,3,2022-06-06
040649,22,157,12,00,88,+42,+38.09419,-109.58283,01.0,09,038,3,2022-06-06
040649,22,157,13,00,98,+41,+38.09253,-109.58385,01.1,08,041,3,2022-06-06
040649,22,157,14,00,88,+42,+38.09302,-109.58439,00.8,09,038,3,2022-06-06
040649,22,157,15,00,98,+37,+38.09387,-109.58553,00.9,08,038,3,2022-06-06
040649,22,157,16,00,90,+39,+38.09550,-109.58593,01.3,06,038,3,2022-06-06
040649,22,157,17,00,62,+35,+38.09571,-109.58610,01.1,07,038,3,2022-06-06
040649,22,157,18,00,64,+35,+38.09537,-109.58635,00.9,08,038,3,2022-06-06
040649,22,157,19,00,92,+35,+38.09400,-109.58511,01.0,08,038,3,2022-06-06
040649,22,157,20,00,98,+30,+38.09345,-109.58481,00.9,09,038,3,2022-06-06
040649,22,157,21,00,84,+27,+38.09331,-109.58450,01.1,08,038,3,2022-06-06
040649,22,157,22,00,34,+28,+38.09326,-109.58473,00.9,09,038,3,2022-06-06
040649,22,157,23,00,26,+27,+38.09331,-109.58450,00.9,09,038,3,2022-06-06
040649,22,158,00,00,42,+27,+38.09341,-109.58447,00.9,09,038,3,2022-06-07
040649,22,158,01,00,74,+27,+38.09341,-109.58447,01.1,08,038,3,2022-06-07
040649,22,158,02,00,80,+25,+38.09333,-109.58515,00.9,08,039,3,2022-06-07
040649,22,158,03,00,26,+27,+38.09333,-109.58504,00.8,09,038,3,2022-06-07
040649,22,158,04,00,76,+25,+38.09339,-109.58531,00.9,09,038,3,2022-06-07
040649,22,158,05,00,98,+24,+38.09307,-109.58509,00.9,09,039,3,2022-06-07
040649,22,158,06,00,78,+26,+38.09286,-109.58367,00.8,10,039,3,2022-06-07
040649,22,158,07,00,78,+30,+38.09319,-109.58363,00.9,09,038,3,2022-06-07
040649,22,158,08,00,98,+34,+38.09304,-109.58334,00.8,10,038,3,2022-06-07
040649,22,158,09,00,66,+37,+38.09326,-109.58353,00.7,12,038,3,2022-06-07
040649,22,158,10,00,48,+44,+38.09323,-109.58361,00.9,09,038,3,2022-06-07
040649,22,158,11,00,76,+40,+38.09381,-109.58444,00.9,09,038,3,2022-06-07
040649,22,158,12,00,98,+40,+38.09393,-109.58345,00.8,09,038,3,2022-06-07
040649,22,158,14,00,32,+41,+38.09722,-109.58667,00.8,10,038,3,2022-06-07
040649,22,158,15,00,98,+42,+38.09857,-109.58630,00.8,09,038,3,2022-06-07
040649,22,158,16,00,92,+43,+38.09597,-109.58574,01.0,08,038,3,2022-06-07
040649,22,158,17,00,90,+41,+38.09364,-109.58461,01.0,07,038,3,2022-06-07
040649,22,158,19,00,80,+36,+38.09566,-109.58602,01.0,08,039,3,2022-06-07
040649,22,158,20,00,86,+30,+38.09445,-109.58547,00.8,10,038,3,2022-06-07
040649,22,158,21,00,98,+31,+38.09360,-109.58551,01.3,07,040,3,2022-06-07
040649,22,158,22,00,84,+29,+38.09370,-109.58515,00.9,09,037,3,2022-06-07
040649,22,158,23,00,88,+25,+38.09347,-109.58576,00.8,10,038,3,2022-06-07
040649,22,159,00,00,98,+25,+38.09426,-109.58580,00.8,09,039,3,2022-06-08
040649,22,159,01,00,70,+27,+38.09454,-109.58578,01.0,08,038,3,2022-06-08
040649,22,159,02,00,36,+27,+38.09452,-109.58568,01.1,07,039,3,2022-06-08
040649,22,159,03,00,38,+26,+38.09458,-109.58563,01.1,08,038,3,2022-06-08
040649,22,159,04,00,60,+26,+38.09455,-109.58567,00.9,09,038,3,2022-06-08
040649,22,159,05,00,78,+25,+38.09497,-109.58555,00.8,09,038,3,2022-06-08
040649,22,159,06,00,94,+25,+38.09526,-109.58541,00.8,10,039,3,2022-06-08
040649,22,159,07,00,66,+32,+38.09544,-109.58621,01.1,08,038,3,2022-06-08
040649,22,159,08,00,50,+37,+38.09550,-109.58595,00.8,10,037,3,2022-06-08
040649,22,159,09,00,32,+39,+38.09555,-109.58587,00.7,11,038,3,2022-06-08
040649,22,159,10,00,56,+37,+38.09843,-109.58483,00.8,10,038,3,2022-06-08
040649,22,159,11,00,98,+40,+38.09817,-109.58691,01.0,08,038,3,2022-06-08
040649,22,159,12,00,96,+40,+38.09872,-109.58641,01.0,09,038,3,2022-06-08
040649,22,159,13,00,84,+44,+38.09478,-109.58536,01.2,07,039,3,2022-06-08
040649,22,159,14,00,74,+41,+38.09484,-109.58418,00.8,09,038,3,2022-06-08
040649,22,159,15,00,94,+42,+38.09433,-109.58429,00.7,10,040,3,2022-06-08
040649,22,159,16,00,88,+42,+38.09400,-109.58347,01.1,08,039,3,2022-06-08
040649,22,159,17,00,98,+40,+38.09465,-109.58454,00.8,09,038,3,2022-06-08
040649,22,159,18,00,62,+42,+38.09465,-109.58473,01.0,07,038,3,2022-06-08
040649,22,159,19,00,94,+37,+38.09318,-109.58473,01.2,07,038,3,2022-06-08
040649,22,159,20,00,98,+33,+38.09413,-109.58328,00.9,08,038,3,2022-06-08
040649,22,159,21,00,96,+30,+38.09251,-109.58428,01.0,09,038,3,2022-06-08
040649,22,159,22,00,94,+30,+38.09249,-109.58332,01.0,09,038,3,2022-06-08
040649,22,159,23,00,48,+31,+38.09244,-109.58335,00.8,09,038,3,2022-06-08
040649,22,160,00,00,86,+30,+38.09266,-109.58305,00.9,08,038,3,2022-06-09
040649,22,160,01,00,62,+31,+38.09322,-109.58401,01.1,08,037,3,2022-06-09
040649,22,160,02,00,24,+31,+38.09323,-109.58403,00.9,08,038,3,2022-06-09
040649,22,160,03,00,20,+30,+38.09331,-109.58401,01.2,08,040,3,2022-06-09
040649,22,160,04,00,52,+29,+38.09322,-109.58401,00.9,09,038,3,2022-06-09
040649,22,160,05,00,72,+29,+38.09346,-109.58465,00.7,10,038,3,2022-06-09
040649,22,160,06,00,94,+30,+38.09336,-109.58208,00.8,10,038,3,2022-06-09
040649,22,160,07,00,88,+34,+38.09431,-109.58293,00.9,09,039,3,2022-06-09
040649,22,160,08,00,48,+40,+38.09426,-109.58292,00.8,10,039,3,2022-06-09
040649,22,160,09,00,46,+40,+38.09446,-109.58409,00.7,10,038,3,2022-06-09
040649,22,160,10,00,98,+40,+38.09479,-109.58493,01.1,07,038,3,2022-06-09
040649,22,160,11,00,98,+41,+38.09405,-109.58605,00.8,09,038,3,2022-06-09
040649,22,160,12,00,98,+43,+38.09272,-109.58370,00.8,09,038,3,2022-06-09
040649,22,160,13,00,92,+43,+38.09056,-109.58063,01.0,08,038,3,2022-06-09
040649,22,160,15,00,68,+45,+38.09116,-109.58137,00.7,10,038,3,2022-06-09
040649,22,160,16,00,42,+43,+38.09083,-109.58160,01.5,08,038,3,2022-06-09
040649,22,160,17,00,84,+44,+38.09031,-109.58172,01.0,08,038,3,2022-06-09
040649,22,160,18,00,98,+42,+38.09058,-109.58278,00.9,08,038,3,2022-06-09
040649,22,160,20,00,86,+35,+38.09072,-109.58141,00.8,10,038,3,2022-06-09
040649,22,160,21,00,84,+30,+38.09026,-109.58180,01.3,08,040,3,2022-06-09
040649,22,160,22,00,66,+31,+38.09033,-109.58172,00.8,10,038,3,2022-06-09
040649,22,160,23,00,88,+30,+38.08979,-109.58208,00.8,10,038,3,2022-06-09
040649,22,161,00,00,92,+29,+38.09042,-109.58225,00.8,09,038,3,2022-06-10
040649,22,161,01,00,52,+29,+38.09058,-109.58260,00.9,09,037,3,2022-06-10
040649,22,161,02,00,42,+29,+38.09059,-109.58252,00.9,08,038,3,2022-06-10
040649,22,161,03,00,36,+29,+38.09060,-109.58246,01.1,08,038,3,2022-06-10
040649,22,161,04,00,50,+27,+38.09062,-109.58258,00.9,09,039,3,2022-06-10
040649,22,161,05,00,86,+27,+38.09085,-109.58263,00.8,10,039,3,2022-06-10
040649,22,161,07,00,84,+34,+38.09144,-109.58072,00.9,09,038,3,2022-06-10
040649,22,161,08,00,48,+39,+38.09143,-109.58068,00.8,09,037,3,2022-06-10
040649,22,161,09,00,48,+40,+38.09030,-109.57968,00.9,09,040,3,2022-06-10
040649,22,161,10,00,36,+42,+38.09032,-109.57971,01.0,08,038,3,2022-06-10
040649,22,161,11,00,72,+43,+38.09041,-109.58213,00.8,10,038,3,2022-06-10
040649,22,161,12,00,82,+46,+38.09140,-109.58063,00.8,10,038,3,2022-06-10
040649,22,161,13,00,76,+46,+38.09001,-109.58155,01.1,08,038,3,2022-06-10
040649,22,161,14,00,98,+44,+38.08997,-109.58212,01.0,10,038,3,2022-06-10
040649,22,161,16,00,74,+43,+38.09051,-109.57939,01.2,07,038,3,2022-06-10
040649,22,161,17,00,70,+47,+38.09139,-109.58059,00.8,09,039,3,2022-06-10
040649,22,161,20,00,98,+31,+38.08983,-109.58199,00.9,09,038,3,2022-06-10
040649,22,161,21,00,92,+30,+38.08954,-109.58206,01.3,08,040,3,2022-06-10
040649,22,161,22,00,52,+33,+38.08967,-109.58213,00.8,10,038,3,2022-06-10
040649,22,161,23,00,82,+30,+38.08978,-109.58236,00.8,10,038,3,2022-06-10
040649,22,162,00,00,98,+26,+38.09010,-109.58218,00.9,08,039,3,2022-06-11
040649,22,162,01,00,80,+30,+38.09113,-109.58078,00.9,09,038,3,2022-06-11
040649,22,162,02,00,64,+30,+38.09141,-109.58068,00.9,08,038,3,2022-06-11
040649,22,162,03,00,60,+30,+38.09106,-109.58126,00.9,08,038,3,2022-06-11
040649,22,162,04,00,20,+30,+38.09104,-109.58119,00.8,09,038,3,2022-06-11
040649,22,162,05,00,80,+28,+38.09057,-109.58156,00.7,10,038,3,2022-06-11
040649,22,162,06,00,98,+28,+38.09045,-109.58187,01.0,09,039,3,2022-06-11
040649,22,162,07,00,90,+34,+38.09026,-109.57994,00.9,09,038,3,2022-06-11
040649,22,162,08,00,62,+37,+38.09030,-109.57978,00.8,09,038,3,2022-06-11
040649,22,162,09,00,42,+39,+38.09041,-109.57981,00.9,08,040,3,2022-06-11
040649,22,162,10,00,52,+44,+38.09137,-109.58118,00.9,09,038,3,2022-06-11
040649,22,162,11,00,98,+42,+38.09106,-109.58306,00.9,10,038,3,2022-06-11
040649,22,162,19,00,98,+40,+38.08943,-109.58133,01.1,08,038,3,2022-06-11
040649,22,162,20,00,98,+36,+38.08926,-109.58145,00.9,09,038,3,2022-06-11
040649,22,162,21,00,98,+35,+38.08953,-109.58099,01.2,09,039,3,2022-06-11
040649,22,162,22,00,78,+33,+38.08952,-109.58088,00.8,10,038,3,2022-06-11
040649,22,162,23,00,38,+33,+38.08953,-109.58087,00.8,10,038,3,2022-06-11
040649,22,163,00,00,96,+33,+38.08990,-109.58250,00.9,08,038,3,2022-06-12
040649,22,163,01,00,98,+34,+38.09049,-109.58245,01.2,07,038,3,2022-06-12
040649,22,163,02,00,80,+32,+38.09120,-109.58078,00.9,08,038,3,2022-06-12
040649,22,163,04,00,38,+31,+38.09119,-109.58074,01.0,08,038,3,2022-06-12
040649,22,163,05,00,62,+28,+38.09105,-109.58156,00.8,10,038,3,2022-06-12
040649,22,163,06,00,98,+29,+38.09111,-109.58288,01.0,09,038,3,2022-06-12
040649,22,163,07,00,98,+34,+38.09095,-109.58118,00.9,09,038,3,2022-06-12
040649,22,163,09,00,62,+40,+38.09016,-109.57966,01.1,06,039,3,2022-06-12
040649,22,163,10,00,60,+39,+38.09025,-109.57981,01.1,07,038,3,2022-06-12
040649,22,163,11,00,80,+42,+38.09016,-109.58218,00.9,10,038,3,2022-06-12
040649,22,163,12,00,98,+43,+38.08971,-109.58181,01.0,09,038,3,2022-06-12
040649,22,163,13,00,98,+43,+38.09036,-109.58246,01.0,08,038,3,2022-06-12
040649,22,163,14,00,94,+44,+38.09120,-109.58058,00.7,11,038,3,2022-06-12
040649,22,163,15,00,68,+42,+38.09032,-109.57968,00.9,08,038,3,2022-06-12
040649,22,163,16,00,48,+47,+38.09033,-109.57962,01.6,06,039,3,2022-06-12
040649,22,163,17,00,36,+47,+38.09047,-109.57993,00.8,09,038,3,2022-06-12
040649,22,163,18,00,88,+42,+38.09059,-109.58148,01.1,07,038,3,2022-06-12
040649,22,163,19,00,98,+40,+38.08993,-109.58180,01.7,06,038,3,2022-06-12
040649,22,163,20,00,98,+36,+38.09085,-109.58305,00.9,08,038,3,2022-06-12
040649,22,163,21,00,96,+33,+38.09080,-109.58279,01.3,07,039,3,2022-06-12
040649,22,163,22,00,70,+30,+38.09098,-109.58280,00.8,10,038,3,2022-06-12
040649,22,163,23,00,42,+30,+38.09087,-109.58278,00.9,09,037,3,2022-06-12
040649,22,164,00,00,44,+30,+38.09081,-109.58269,00.9,09,038,3,2022-06-13
040649,22,164,01,00,98,+26,+38.09098,-109.58187,00.9,08,038,3,2022-06-13
040649,22,164,02,00,90,+28,+38.09125,-109.58222,00.9,08,038,3,2022-06-13
040649,22,164,03,00,70,+25,+38.09074,-109.58271,00.9,08,038,3,2022-06-13
040649,22,164,04,00,44,+25,+38.09057,-109.58261,00.8,09,038,3,2022-06-13
040649,22,164,05,00,64,+25,+38.09049,-109.58197,00.8,10,038,3,2022-06-13
040649,22,164,06,00,98,+29,+38.08819,-109.57178,00.8,10,039,3,2022-06-13
040649,22,164,07,00,98,+34,+38.07616,-109.56629,00.9,09,038,3,2022-06-13
040649,22,164,08,00,86,+36,+38.07619,-109.56600,00.8,09,039,3,2022-06-13
040649,22,164,10,00,94,+39,+38.07681,-109.56642,00.8,10,038,3,2022-06-13
040649,22,164,11,00,82,+40,+38.07665,-109.56583,00.8,11,038,3,2022-06-13
040649,22,164,12,00,86,+40,+38.07673,-109.56592,00.9,09,038,3,2022-06-13
040649,22,164,13,00,80,+42,+38.07455,-109.56433,01.0,08,038,3,2022-06-13
