CollarSerialNumber,Year,Julianday,Hour,Minute,Activity,Temperature,Latitude,Longitude,HDOP,NumSats,FixTime,2D/3D,Date
040033,22,165,00,00,00,+24,+38.06999,-109.56566,00.9,07,040,3,2022-06-14
040033,22,165,02,00,00,+20,+38.07019,-109.56555,00.9,07,040,3,2022-06-14
040033,22,165,04,00,00,+18,+38.07008,-109.56562,01.4,06,038,3,2022-06-14
040033,22,165,06,00,00,+17,+38.07017,-109.56562,00.9,09,040,3,2022-06-14
040033,22,165,08,00,02,+35,+38.07299,-109.56436,00.8,09,038,3,2022-06-14
040033,22,165,10,00,22,+31,+38.07318,-109.56391,00.8,10,043,3,2022-06-14
040033,22,165,14,00,80,+35,+38.07577,-109.56997,01.1,09,039,3,2022-06-14
040033,22,165,16,00,66,+30,+38.07519,-109.56874,01.1,07,038,3,2022-06-14
040033,22,165,20,00,92,+22,+38.07213,-109.57066,01.0,08,038,3,2022-06-14
040033,22,165,22,00,68,+13,+38.07362,-109.56939,00.8,10,039,3,2022-06-14
040033,22,166,00,00,50,+13,+38.07459,-109.56945,00.9,08,038,3,2022-06-15
040033,22,166,02,00,86,+13,+38.07381,-109.56381,00.8,08,039,3,2022-06-15
040033,22,166,04,00,48,+10,+38.07374,-109.56391,01.0,08,038,3,2022-06-15
040033,22,166,06,00,72,+14,+38.05057,-109.58592,01.0,09,039,3,2022-06-15
040033,22,166,12,00,48,+36,+37.97438,-109.61836,01.1,07,049,3,2022-06-15
040033,22,166,14,00,74,+32,+37.97614,-109.61624,01.1,09,038,3,2022-06-15
040033,22,166,16,00,50,+30,+37.97457,-109.61592,01.3,07,058,3,2022-06-15
040033,22,166,22,00,42,+20,+37.96791,-109.61930,00.9,09,049,3,2022-06-15
040033,22,167,00,00,34,+18,+37.96788,-109.61925,00.9,08,038,3,2022-06-16
040033,22,167,02,00,36,+14,+37.96752,-109.61891,00.8,09,038,3,2022-06-16
040033,22,167,04,00,18,+17,+37.96775,-109.61879,01.4,05,038,3,2022-06-16
040033,22,167,06,00,66,+18,+37.94953,-109.63526,01.0,08,038,3,2022-06-16
040033,22,167,12,00,80,+31,+37.86983,-109.70260,01.1,07,050,3,2022-06-16
040033,22,167,14,00,86,+34,+37.86929,-109.70224,00.8,09,038,3,2022-06-16
040033,22,167,16,00,74,+36,+37.86914,-109.70268,01.0,08,038,3,2022-06-16
040033,22,167,18,00,62,+32,+37.86692,-109.70222,01.0,07,038,3,2022-06-16
040033,22,167,20,00,96,+19,+37.85929,-109.70173,01.0,08,038,3,2022-06-16
040033,22,167,22,00,72,+14,+37.85936,-109.70194,01.0,08,038,3,2022-06-16
040033,22,168,00,00,36,+13,+37.86018,-109.70158,01.3,06,038,3,2022-06-17
040033,22,168,02,00,62,+22,+37.86039,-109.70161,00.9,09,040,3,2022-06-17
040033,22,168,04,00,42,+23,+37.86029,-109.70156,00.9,08,038,3,2022-06-17
040033,22,168,06,00,80,+22,+37.86973,-109.70304,00.9,09,038,3,2022-06-17
040033,22,168,08,00,74,+30,+37.86858,-109.70291,00.9,08,041,3,2022-06-17
040033,22,168,10,00,38,+33,+37.87038,-109.70314,01.1,08,039,3,2022-06-17
040033,22,168,12,00,32,+32,+37.87041,-109.70314,01.2,07,038,3,2022-06-17
040033,22,168,14,00,60,+35,+37.86792,-109.70352,00.8,10,038,3,2022-06-17
040033,22,168,16,00,84,+33,+37.86736,-109.70274,01.1,08,038,3,2022-06-17
040033,22,168,22,00,52,+22,+37.86714,-109.70265,01.0,08,038,3,2022-06-17
040033,22,169,00,00,44,+20,+37.86714,-109.70261,01.3,07,038,3,2022-06-18
040033,22,169,02,00,40,+18,+37.86743,-109.70394,00.7,10,038,3,2022-06-18
040033,22,169,04,00,44,+17,+37.86751,-109.70439,00.9,07,038,3,2022-06-18
040033,22,169,06,00,46,+16,+37.86714,-109.70432,01.0,08,038,3,2022-06-18
040033,22,169,08,00,80,+22,+37.86823,-109.70512,00.8,10,040,3,2022-06-18
040033,22,169,10,00,12,+25,+37.86837,-109.70503,00.9,09,038,3,2022-06-18
040033,22,169,12,00,64,+28,+37.87065,-109.70375,01.2,07,039,3,2022-06-18
040033,22,169,14,00,70,+29,+37.86940,-109.70697,00.9,09,038,3,2022-06-18
040033,22,169,16,00,40,+20,+37.86944,-109.70767,00.9,09,039,3,2022-06-18
040033,22,169,20,00,96,+15,+37.85971,-109.70487,01.4,07,038,3,2022-06-18
040033,22,169,22,00,52,+17,+37.85960,-109.70501,00.9,09,038,3,2022-06-18
040033,22,170,00,00,30,+15,+37.85952,-109.70516,01.3,07,041,3,2022-06-19
040033,22,170,02,00,22,+13,+37.85957,-109.70466,01.0,08,038,3,2022-06-19
040033,22,170,04,00,28,+14,+37.85959,-109.70516,01.0,07,039,3,2022-06-19
040033,22,170,06,00,40,+15,+37.85866,-109.70596,01.1,08,038,3,2022-06-19
040033,22,170,08,00,64,+17,+37.85936,-109.70543,01.4,06,038,3,2022-06-19
040033,22,170,10,00,26,+19,+37.85934,-109.70539,01.1,08,040,3,2022-06-19
040033,22,170,12,00,46,+23,+37.86730,-109.70514,01.1,08,038,3,2022-06-19
040033,22,170,16,00,50,+29,+37.86297,-109.70455,01.1,05,038,3,2022-06-19
040033,22,170,18,00,60,+29,+37.86024,-109.70642,01.1,07,058,3,2022-06-19
040033,22,170,20,00,82,+20,+37.85930,-109.70512,01.3,07,057,3,2022-06-19
040033,22,170,22,00,80,+19,+37.85940,-109.70526,00.9,09,038,3,2022-06-19
040033,22,171,00,00,48,+08,+37.85900,-109.70547,01.4,07,038,3,2022-06-20
040033,22,171,02,00,62,+07,+37.85894,-109.70570,01.2,07,039,3,2022-06-20
040033,22,171,04,00,24,+05,+37.85956,-109.70587,01.9,05,038,3,2022-06-20
040033,22,171,06,00,58,+05,+37.85858,-109.70594,01.2,07,038,3,2022-06-20
040033,22,171,08,00,66,+25,+37.85901,-109.70635,01.2,06,040,3,2022-06-20
040033,22,171,10,00,36,+21,+37.85877,-109.70509,00.9,09,040,3,2022-06-20
040033,22,171,12,00,52,+27,+37.87019,-109.70317,01.2,08,039,3,2022-06-20
040033,22,171,14,00,32,+30,+37.87121,-109.70706,00.9,08,038,3,2022-06-20
040033,22,171,16,00,88,+27,+37.85664,-109.73730,01.1,07,040,3,2022-06-20
040033,22,171,18,00,70,+24,+37.85060,-109.74643,01.0,09,039,3,2022-06-20
040033,22,171,20,00,80,+11,+37.84886,-109.75128,01.0,09,040,3,2022-06-20
040033,22,171,22,00,40,+10,+37.84917,-109.75292,00.9,08,038,3,2022-06-20
040033,22,172,00,00,56,+08,+37.84902,-109.75454,01.0,08,039,3,2022-06-21
040033,22,172,02,00,24,+06,+37.84891,-109.75452,00.8,09,038,3,2022-06-21
040033,22,172,04,00,32,+09,+37.84887,-109.75460,00.9,09,039,3,2022-06-21
040033,22,172,06,00,58,+09,+37.85153,-109.75585,00.9,09,038,3,2022-06-21
040033,22,172,08,00,42,+24,+37.85060,-109.75532,00.7,11,038,3,2022-06-21
040033,22,172,10,00,18,+27,+37.85051,-109.75565,00.9,09,038,3,2022-06-21
040033,22,172,12,00,26,+31,+37.84841,-109.75138,01.0,09,038,3,2022-06-21
040033,22,172,14,00,64,+29,+37.84856,-109.74991,00.8,09,039,3,2022-06-21
040033,22,172,16,00,28,+29,+37.84856,-109.74980,01.4,08,039,3,2022-06-21
040033,22,172,20,00,98,+16,+37.84564,-109.75242,02.7,06,038,3,2022-06-21
040033,22,172,22,00,28,+14,+37.84563,-109.75234,00.8,09,038,3,2022-06-21
040033,22,173,02,00,38,+17,+37.84537,-109.75273,01.0,07,038,3,2022-06-22
040033,22,173,04,00,34,+17,+37.84573,-109.75261,00.8,09,040,3,2022-06-22
040033,22,173,06,00,54,+16,+37.84896,-109.74953,01.3,07,038,3,2022-06-22
040033,22,173,08,00,80,+20,+37.85507,-109.75312,00.7,12,038,3,2022-06-22
040033,22,173,10,00,22,+23,+37.85539,-109.75326,00.9,09,038,3,2022-06-22
040033,22,173,12,00,24,+28,+37.85509,-109.75315,01.2,07,037,3,2022-06-22
040033,22,173,14,00,62,+26,+37.85559,-109.75415,00.8,10,038,3,2022-06-22
040033,22,173,16,00,46,+20,+37.85557,-109.75460,00.8,09,038,3,2022-06-22
040033,22,173,22,00,46,+14,+37.85064,-109.75578,00.8,09,038,3,2022-06-22
040033,22,174,00,00,22,+17,+37.85063,-109.75546,01.1,08,039,3,2022-06-23
040033,22,174,02,00,56,+14,+37.85144,-109.75553,00.8,09,039,3,2022-06-23
040033,22,174,04,00,14,+17,+37.85120,-109.75540,00.7,10,038,3,2022-06-23
040033,22,174,06,00,70,+14,+37.85179,-109.75608,00.9,09,038,3,2022-06-23
040033,22,174,08,00,76,+20,+37.85238,-109.75521,01.0,10,039,3,2022-06-23
040033,22,174,10,00,32,+25,+37.85556,-109.75428,00.8,10,038,3,2022-06-23
040033,22,174,12,00,16,+22,+37.85559,-109.75395,01.1,08,038,3,2022-06-23
040033,22,174,14,00,66,+25,+37.85913,-109.75668,01.5,07,038,3,2022-06-23
040033,22,174,16,00,20,+36,+37.85889,-109.75595,00.8,09,038,3,2022-06-23
040033,22,174,20,00,98,+19,+37.86336,-109.75168,02.2,07,038,3,2022-06-23
040033,22,174,22,00,42,+14,+37.86209,-109.75315,01.0,08,038,3,2022-06-23
040033,22,175,00,00,34,+11,+37.86230,-109.75216,01.1,08,039,3,2022-06-24
040033,22,175,02,00,28,+14,+37.86227,-109.75220,01.4,06,038,3,2022-06-24
040033,22,175,04,00,26,+13,+37.86222,-109.75225,00.8,09,038,3,2022-06-24
040033,22,175,06,00,64,+13,+37.86271,-109.75376,00.9,09,038,3,2022-06-24
040033,22,175,08,00,82,+20,+37.86347,-109.75822,01.0,08,038,3,2022-06-24
040033,22,175,10,00,42,+25,+37.86344,-109.75809,01.1,09,038,3,2022-06-24
040033,22,175,12,00,28,+27,+37.86354,-109.75819,01.1,08,040,3,2022-06-24
040033,22,175,14,00,56,+31,+37.86285,-109.75421,00.8,09,038,3,2022-06-24
040033,22,175,16,00,82,+30,+37.86238,-109.74993,00.7,10,038,3,2022-06-24
040033,22,175,18,00,60,+29,+37.86246,-109.75086,01.2,07,038,3,2022-06-24
040033,22,175,22,00,72,+13,+37.86199,-109.75327,00.8,10,038,3,2022-06-24
040033,22,176,00,00,34,+13,+37.86196,-109.75317,01.5,06,038,3,2022-06-25
040033,22,176,02,00,56,+17,+37.86217,-109.75353,01.1,07,040,3,2022-06-25
040033,22,176,04,00,18,+15,+37.86207,-109.75363,00.8,09,039,3,2022-06-25
040033,22,176,06,00,52,+18,+37.86397,-109.75685,00.9,09,038,3,2022-06-25
040033,22,176,08,00,64,+25,+37.86256,-109.76319,00.9,09,038,3,2022-06-25
040033,22,176,10,00,30,+26,+37.86242,-109.76202,01.3,09,058,3,2022-06-25
040033,22,176,14,00,98,+27,+37.86217,-109.75281,00.7,10,038,3,2022-06-25
040033,22,176,16,00,50,+27,+37.86266,-109.75448,00.9,08,038,3,2022-06-25
040033,22,176,18,00,58,+25,+37.86376,-109.75636,01.4,07,040,3,2022-06-25
040033,22,176,22,00,82,+18,+37.86220,-109.75186,00.8,10,038,3,2022-06-25
040033,22,177,00,00,38,+19,+37.86227,-109.75220,00.9,08,038,3,2022-06-26
040033,22,177,02,00,34,+19,+37.86233,-109.75160,00.8,08,039,3,2022-06-26
040033,22,177,04,00,20,+18,+37.86233,-109.75158,00.8,09,038,3,2022-06-26
040033,22,177,06,00,56,+18,+37.86252,-109.74987,01.1,08,038,3,2022-06-26
040033,22,177,10,00,50,+21,+37.86336,-109.74765,01.0,08,038,3,2022-06-26
040033,22,177,14,00,70,+25,+37.86453,-109.74888,00.9,08,038,3,2022-06-26
040033,22,177,16,00,30,+25,+37.86489,-109.74922,00.9,07,040,3,2022-06-26
040033,22,177,18,00,98,+26,+37.86782,-109.75271,01.1,07,038,3,2022-06-26
040033,22,177,20,00,72,+16,+37.86349,-109.74825,01.3,07,039,3,2022-06-26
040033,22,177,22,00,46,+13,+37.86380,-109.74918,00.8,09,038,3,2022-06-26
040033,22,178,00,00,22,+17,+37.86383,-109.74934,01.5,06,038,3,2022-06-27
040033,22,178,02,00,28,+12,+37.86370,-109.74925,00.8,08,039,3,2022-06-27
040033,22,178,04,00,14,+08,+37.86376,-109.74925,00.8,09,040,3,2022-06-27
040033,22,178,06,00,60,+16,+37.86960,-109.75088,00.8,10,038,3,2022-06-27
040033,22,178,08,00,84,+21,+37.87195,-109.74792,00.8,08,040,3,2022-06-27
040033,22,178,10,00,24,+25,+37.87211,-109.74806,01.2,08,038,3,2022-06-27
040033,22,178,14,00,64,+29,+37.86381,-109.74906,00.7,11,038,3,2022-06-27
040033,22,178,16,00,20,+30,+37.86375,-109.74945,01.3,06,038,3,2022-06-27
040033,22,178,22,00,60,+18,+37.87011,-109.75013,02.3,05,050,3,2022-06-27
040033,22,179,00,00,22,+17,+37.87039,-109.75008,02.6,05,039,3,2022-06-28
040033,22,179,02,00,32,+16,+37.87030,-109.75050,01.0,07,040,3,2022-06-28
040033,22,179,04,00,24,+18,+37.86993,-109.75056,02.1,06,040,3,2022-06-28
040033,22,179,06,00,74,+21,+37.87512,-109.75354,02.7,05,038,3,2022-06-28
040033,22,179,08,00,88,+25,+37.87090,-109.74903,00.9,08,040,3,2022-06-28
040033,22,179,10,00,30,+30,+37.87092,-109.74910,01.0,07,037,3,2022-06-28
040033,22,179,12,00,50,+25,+37.86966,-109.75075,01.2,07,039,3,2022-06-28
040033,22,179,14,00,82,+35,+37.86899,-109.75102,01.0,06,038,3,2022-06-28
040033,22,179,16,00,32,+30,+37.86944,-109.75082,01.1,06,037,3,2022-06-28
040033,22,179,18,00,84,+25,+37.87247,-109.75399,01.0,07,038,3,2022-06-28
040033,22,179,20,00,88,+20,+37.88121,-109.74938,01.8,07,038,3,2022-06-28
040033,22,179,22,00,80,+19,+37.88187,-109.74928,00.8,10,050,3,2022-06-28
040033,22,180,00,00,30,+19,+37.88183,-109.74939,00.9,09,039,3,2022-06-29
040033,22,180,02,00,42,+18,+37.88056,-109.74939,00.8,09,040,3,2022-06-29
040033,22,180,04,00,30,+20,+37.88066,-109.74934,00.9,09,038,3,2022-06-29
040033,22,180,06,00,70,+17,+37.87932,-109.74573,01.0,09,038,3,2022-06-29
040033,22,180,08,00,34,+20,+37.87907,-109.74592,00.8,09,040,3,2022-06-29
040033,22,180,10,00,70,+30,+37.87957,-109.75113,00.9,10,038,3,2022-06-29
040033,22,180,12,00,80,+25,+37.88091,-109.74932,01.1,08,038,3,2022-06-29
040033,22,180,14,00,30,+28,+37.88086,-109.74925,00.8,10,038,3,2022-06-29
040033,22,180,16,00,46,+31,+37.87906,-109.75107,01.2,07,038,3,2022-06-29
040033,22,180,18,00,80,+29,+37.86293,-109.75327,01.1,08,038,3,2022-06-29
040033,22,180,22,00,66,+20,+37.86235,-109.75160,00.9,09,038,3,2022-06-29
040033,22,181,00,00,30,+20,+37.86222,-109.75168,01.0,08,040,3,2022-06-30
040033,22,181,02,00,16,+20,+37.86230,-109.75172,00.9,07,038,3,2022-06-30
040033,22,181,04,00,22,+19,+37.86238,-109.75168,01.1,07,039,3,2022-06-30
040033,22,181,06,00,74,+18,+37.86659,-109.75675,01.1,08,038,3,2022-06-30
040033,22,181,08,00,94,+24,+37.86848,-109.75926,00.9,08,038,3,2022-06-30
040033,22,181,10,00,86,+24,+37.86844,-109.75958,00.9,10,038,3,2022-06-30
040033,22,181,12,00,80,+20,+37.86378,-109.75933,01.2,07,040,3,2022-06-30
040033,22,181,14,00,44,+29,+37.86220,-109.75898,00.7,11,038,3,2022-06-30
040033,22,181,16,00,88,+30,+37.86209,-109.75841,00.7,10,038,3,2022-06-30
040033,22,181,18,00,66,+25,+37.86228,-109.75887,01.3,06,038,3,2022-06-30
040033,22,181,22,00,96,+20,+37.86767,-109.75792,00.9,08,038,3,2022-06-30
040033,22,182,00,00,58,+23,+37.86797,-109.75839,01.1,07,038,3,2022-07-01
040033,22,182,02,00,38,+17,+37.86805,-109.75841,01.3,06,040,3,2022-07-01
040033,22,182,04,00,26,+21,+37.86796,-109.75834,01.0,07,039,3,2022-07-01
040033,22,182,06,00,70,+18,+37.87075,-109.75523,00.8,09,038,3,2022-07-01
040033,22,182,10,00,42,+28,+37.86233,-109.74826,00.8,09,038,3,2022-07-01
040033,22,182,12,00,38,+25,+37.86293,-109.74739,01.1,08,038,3,2022-07-01
040033,22,182,14,00,92,+23,+37.86366,-109.74868,00.8,09,041,3,2022-07-01
040033,22,182,16,00,34,+35,+37.86358,-109.74876,00.7,10,038,3,2022-07-01
040033,22,182,18,00,80,+25,+37.86974,-109.74979,01.1,07,038,3,2022-07-01
040033,22,182,20,00,98,+18,+37.87414,-109.74835,01.3,07,038,3,2022-07-01
040033,22,182,22,00,62,+16,+37.87439,-109.74857,01.1,06,039,3,2022-07-01
040033,22,183,00,00,38,+17,+37.87395,-109.74812,01.3,06,038,3,2022-07-02
040033,22,183,02,00,68,+21,+37.87385,-109.74754,00.9,08,039,3,2022-07-02
040033,22,183,04,00,32,+20,+37.87385,-109.74754,01.0,07,041,3,2022-07-02
040033,22,183,06,00,50,+18,+37.87437,-109.75097,00.9,09,038,3,2022-07-02
040033,22,183,08,00,54,+35,+37.87589,-109.75376,01.1,07,040,3,2022-07-02
040033,22,183,12,00,70,+22,+37.88080,-109.74928,01.0,09,038,3,2022-07-02
040033,22,183,14,00,34,+30,+37.87987,-109.74970,00.8,09,038,3,2022-07-02
040033,22,183,16,00,60,+29,+37.88083,-109.74903,01.0,08,038,3,2022-07-02
040033,22,183,20,00,90,+18,+37.87720,-109.75045,01.4,06,038,3,2022-07-02
040033,22,183,22,00,58,+20,+37.87921,-109.74812,01.4,06,040,3,2022-07-02
040033,22,184,00,00,56,+19,+37.87942,-109.74832,01.0,07,038,3,2022-07-03
040033,22,184,02,00,36,+18,+37.87934,-109.74854,01.1,06,039,3,2022-07-03
040033,22,184,04,00,18,+15,+37.87934,-109.74851,01.0,09,040,3,2022-07-03
040033,22,184,06,00,64,+17,+37.87966,-109.75121,00.7,11,038,3,2022-07-03
040033,22,184,08,00,72,+28,+37.87933,-109.75086,00.9,09,038,3,2022-07-03
040033,22,184,10,00,46,+27,+37.87610,-109.75408,00.9,09,040,3,2022-07-03
040033,22,184,12,00,72,+27,+37.87827,-109.75160,01.1,08,038,3,2022-07-03
040033,22,184,14,00,86,+28,+37.88019,-109.75199,00.9,08,038,3,2022-07-03
040033,22,184,16,00,38,+36,+37.87958,-109.75338,01.1,06,040,3,2022-07-03
040033,22,184,18,00,50,+25,+37.88206,-109.75138,00.9,08,038,3,2022-07-03
040033,22,184,20,00,96,+20,+37.87909,-109.75067,00.9,09,038,3,2022-07-03
040033,22,184,22,00,54,+19,+37.87926,-109.74998,01.2,07,040,3,2022-07-03
040033,22,185,00,00,20,+16,+37.87919,-109.75012,01.0,07,038,3,2022-07-04
040033,22,185,02,00,56,+15,+37.87919,-109.75010,01.2,06,039,3,2022-07-04
040033,22,185,04,00,26,+19,+37.87916,-109.75002,00.9,09,040,3,2022-07-04
040033,22,185,06,00,66,+17,+37.87697,-109.75159,00.8,10,038,3,2022-07-04
040033,22,185,08,00,68,+25,+37.87496,-109.75424,01.1,08,038,3,2022-07-04
040033,22,185,10,00,62,+26,+37.87444,-109.75426,01.2,08,038,3,2022-07-04
040033,22,185,12,00,86,+27,+37.87372,-109.75315,01.4,08,039,3,2022-07-04
040033,22,185,14,00,44,+30,+37.87528,-109.75386,01.4,06,038,3,2022-07-04
040033,22,185,16,00,50,+26,+37.87836,-109.75154,00.9,08,040,3,2022-07-04
040033,22,185,18,00,58,+26,+37.87328,-109.75214,01.4,07,039,3,2022-07-04
040033,22,185,20,00,96,+21,+37.87343,-109.75234,01.2,08,038,3,2022-07-04
040033,22,185,22,00,60,+19,+37.87363,-109.75247,01.3,07,038,3,2022-07-04
040033,22,186,00,00,38,+20,+37.87401,-109.75128,01.0,07,038,3,2022-07-05
040033,22,186,06,00,68,+16,+37.87250,-109.74859,00.7,10,038,3,2022-07-05
040033,22,186,08,00,78,+23,+37.87368,-109.74746,00.9,09,040,3,2022-07-05
040033,22,186,10,00,26,+25,+37.87300,-109.74779,00.9,08,038,3,2022-07-05
040033,22,186,12,00,30,+16,+37.87601,-109.74659,00.8,10,038,3,2022-07-05
040033,22,186,14,00,84,+27,+37.87305,-109.75017,01.0,08,038,3,2022-07-05
040033,22,186,18,00,88,+22,+37.87479,-109.75257,02.3,06,038,3,2022-07-05
040033,22,187,00,00,44,+17,+37.88139,-109.74888,01.2,05,038,3,2022-07-06
040033,22,187,02,00,28,+18,+37.88190,-109.74932,00.9,08,040,3,2022-07-06
040033,22,187,04,00,30,+16,+37.88216,-109.74913,00.8,10,040,3,2022-07-06
040033,22,187,06,00,88,+19,+37.88433,-109.74705,00.8,10,038,3,2022-07-06
040033,22,187,10,00,40,+25,+37.88373,-109.74573,00.8,10,038,3,2022-07-06
040033,22,187,14,00,60,+13,+37.88310,-109.74381,01.2,07,053,3,2022-07-06
040033,22,187,16,00,84,+18,+37.88285,-109.74526,01.0,07,039,3,2022-07-06
040033,22,187,18,00,74,+27,+37.88044,-109.74398,00.8,09,040,3,2022-07-06
040033,22,187,20,00,82,+17,+37.88030,-109.74455,00.8,10,058,3,2022-07-06
040033,22,187,22,00,44,+15,+37.87897,-109.74559,00.8,09,038,3,2022-07-06
040033,22,188,00,00,30,+25,+37.87874,-109.74552,01.1,07,038,3,2022-07-07
040033,22,188,02,00,36,+15,+37.87854,-109.74562,00.9,07,038,3,2022-07-07
040033,22,188,04,00,16,+19,+37.87870,-109.74569,00.8,09,040,3,2022-07-07
040033,22,188,06,00,64,+18,+37.88204,-109.74578,00.8,10,038,3,2022-07-07
040033,22,188,08,00,80,+21,+37.88306,-109.74819,00.8,10,038,3,2022-07-07
040033,22,188,10,00,26,+26,+37.88271,-109.74787,01.6,07,038,3,2022-07-07
040033,22,188,12,00,58,+32,+37.87670,-109.75307,01.3,08,041,3,2022-07-07
040033,22,188,14,00,84,+31,+37.88298,-109.74934,01.1,08,039,3,2022-07-07
040033,22,188,16,00,26,+37,+37.88200,-109.74913,01.0,07,038,3,2022-07-07
040033,22,188,18,00,82,+30,+37.88777,-109.75626,00.9,08,038,3,2022-07-07
040033,22,188,20,00,90,+20,+37.88441,-109.75305,00.9,08,038,3,2022-07-07
040033,22,188,22,00,70,+18,+37.88005,-109.74919,00.8,10,038,3,2022-07-07
040033,22,189,00,00,30,+17,+37.88057,-109.74941,01.1,07,038,3,2022-07-08
040033,22,189,02,00,20,+24,+37.88062,-109.74939,01.0,07,038,3,2022-07-08
040033,22,189,04,00,24,+17,+37.88057,-109.74941,00.8,09,039,3,2022-07-08
040033,22,189,06,00,68,+16,+37.87931,-109.74647,00.9,08,038,3,2022-07-08
040033,22,189,08,00,82,+25,+37.87804,-109.74493,01.0,08,038,3,2022-07-08
040033,22,189,10,00,62,+31,+37.87537,-109.75347,01.4,08,038,3,2022-07-08
040033,22,189,14,00,50,+34,+37.87628,-109.75636,01.7,06,038,3,2022-07-08
040033,22,189,18,00,60,+30,+37.87330,-109.75254,01.2,07,038,3,2022-07-08
040033,22,189,20,00,98,+21,+37.87322,-109.75349,01.2,08,037,3,2022-07-08
040033,22,189,22,00,60,+18,+37.87196,-109.75212,01.0,07,038,3,2022-07-08
040033,22,190,00,00,28,+17,+37.87160,-109.75204,01.2,06,038,3,2022-07-09
040033,22,190,02,00,36,+20,+37.87094,-109.75229,01.1,06,039,3,2022-07-09
040033,22,190,04,00,18,+17,+37.87103,-109.75227,00.9,09,040,3,2022-07-09
040033,22,190,06,00,62,+21,+37.86948,-109.75254,00.8,09,038,3,2022-07-09
040033,22,190,08,00,98,+28,+37.86663,-109.75466,00.8,10,038,3,2022-07-09
040033,22,190,10,00,32,+32,+37.86720,-109.75482,01.0,09,038,3,2022-07-09
040033,22,190,12,00,52,+34,+37.86354,-109.74880,00.9,08,038,3,2022-07-09
040033,22,190,20,00,96,+24,+37.86669,-109.75131,00.9,08,038,3,2022-07-09
040033,22,191,00,00,54,+22,+37.86966,-109.75193,01.2,06,038,3,2022-07-10
040033,22,191,02,00,54,+19,+37.86936,-109.75266,00.9,07,039,3,2022-07-10
040033,22,191,04,00,28,+20,+37.86940,-109.75267,00.9,09,040,3,2022-07-10
040033,22,191,06,00,68,+20,+37.87136,-109.75415,00.8,09,038,3,2022-07-10
040033,22,191,08,00,68,+34,+37.87092,-109.75391,01.1,09,038,3,2022-07-10
040033,22,191,10,00,42,+27,+37.86374,-109.74822,01.2,08,038,3,2022-07-10
040033,22,191,12,00,56,+28,+37.86420,-109.74868,00.7,11,040,3,2022-07-10
040033,22,191,16,00,58,+32,+37.87233,-109.74851,01.2,06,038,3,2022-07-10
040033,22,191,18,00,62,+26,+37.87356,-109.75032,00.8,08,038,3,2022-07-10
040033,22,191,20,00,96,+21,+37.87285,-109.75069,00.8,08,038,3,2022-07-10
040033,22,191,22,00,66,+18,+37.87568,-109.75361,01.2,06,040,3,2022-07-10
040033,22,192,00,00,70,+21,+37.87907,-109.75313,01.0,07,038,3,2022-07-11
040033,22,192,02,00,22,+21,+37.87908,-109.75322,01.1,06,039,3,2022-07-11
040033,22,192,04,00,24,+20,+37.87908,-109.75322,01.0,08,040,3,2022-07-11
040033,22,192,06,00,56,+23,+37.88051,-109.75173,00.9,08,038,3,2022-07-11
040033,22,192,08,00,94,+26,+37.88143,-109.74880,00.9,09,038,3,2022-07-11
040033,22,192,12,00,32,+34,+37.88154,-109.74933,00.7,11,038,3,2022-07-11
040033,22,192,16,00,24,+36,+37.87603,-109.75368,01.0,07,038,3,2022-07-11
040033,22,192,18,00,54,+28,+37.87817,-109.74980,01.2,06,038,3,2022-07-11
040033,22,192,20,00,98,+24,+37.88271,-109.74636,00.9,07,038,3,2022-07-11
040033,22,192,22,00,58,+20,+37.88202,-109.74774,00.8,09,038,3,2022-07-11
040033,22,193,00,00,24,+28,+37.88193,-109.74751,01.0,07,038,3,2022-07-12
040033,22,193,02,00,40,+20,+37.88150,-109.74707,00.9,08,040,3,2022-07-12
040033,22,193,04,00,28,+19,+37.88134,-109.74691,00.9,09,040,3,2022-07-12
040033,22,193,06,00,72,+20,+37.88356,-109.74773,00.8,09,038,3,2022-07-12
040033,22,193,08,00,90,+28,+37.87607,-109.75389,01.1,08,041,3,2022-07-12
040033,22,193,10,00,36,+28,+37.86828,-109.74724,01.3,07,058,3,2022-07-12
040033,22,193,12,00,18,+31,+37.86884,-109.74785,00.7,11,038,3,2022-07-12
040033,22,193,14,00,92,+30,+37.87219,-109.75262,01.1,08,038,3,2022-07-12
040033,22,193,16,00,74,+30,+37.87220,-109.75254,01.0,08,038,3,2022-07-12
040033,22,193,18,00,92,+25,+37.87568,-109.75397,01.1,07,038,3,2022-07-12
040033,22,193,20,00,80,+23,+37.87252,-109.75093,00.9,09,039,3,2022-07-12
040033,22,193,22,00,64,+23,+37.87137,-109.75160,01.1,07,040,3,2022-07-12
040033,22,194,00,00,60,+20,+37.87097,-109.75181,01.0,07,039,3,2022-07-13
040033,22,194,02,00,30,+19,+37.87093,-109.75193,01.0,06,040,3,2022-07-13
040033,22,194,04,00,24,+23,+37.87101,-109.75189,00.9,09,038,3,2022-07-13
040033,22,194,06,00,52,+21,+37.87482,-109.75299,00.8,09,038,3,2022-07-13
040033,22,194,08,00,84,+25,+37.87378,-109.74709,01.3,07,040,3,2022-07-13
040033,22,194,10,00,22,+25,+37.87378,-109.74771,01.1,08,040,3,2022-07-13
040033,22,194,12,00,62,+35,+37.87464,-109.75201,01.0,10,038,3,2022-07-13
040033,22,194,14,00,92,+36,+37.87823,-109.75201,01.0,09,040,3,2022-07-13
040033,22,194,16,00,34,+34,+37.87889,-109.75280,01.2,07,038,3,2022-07-13
040033,22,194,18,00,68,+28,+37.88170,-109.75206,00.8,09,039,3,2022-07-13
040033,22,194,22,00,54,+27,+37.88230,-109.74854,01.4,06,044,3,2022-07-13
040033,22,195,00,00,28,+23,+37.88216,-109.74905,01.0,07,039,3,2022-07-14
040033,22,195,02,00,92,+21,+37.88299,-109.74808,00.9,08,040,3,2022-07-14
040033,22,195,04,00,24,+20,+37.88306,-109.74821,01.0,08,038,3,2022-07-14
040033,22,195,06,00,66,+21,+37.88383,-109.75113,00.9,08,038,3,2022-07-14
040033,22,195,10,00,90,+34,+37.88174,-109.74575,01.1,08,038,3,2022-07-14
040033,22,195,12,00,38,+34,+37.88115,-109.74587,00.7,10,038,3,2022-07-14
040033,22,195,14,00,98,+36,+37.87980,-109.74873,00.9,10,038,3,2022-07-14
040033,22,195,16,00,42,+30,+37.87968,-109.74906,01.0,08,040,3,2022-07-14
040033,22,195,18,00,78,+25,+37.87847,-109.75061,00.9,08,038,3,2022-07-14
040033,22,195,20,00,86,+23,+37.88183,-109.74910,00.8,10,048,3,2022-07-14
040033,22,195,22,00,46,+22,+37.88177,-109.74935,01.4,06,040,3,2022-07-14
040033,22,196,00,00,14,+20,+37.88191,-109.74953,00.9,08,039,3,2022-07-15
040033,22,196,02,00,78,+23,+37.87900,-109.74937,00.9,08,038,3,2022-07-15
040033,22,196,06,00,46,+20,+37.87984,-109.74701,00.7,11,038,3,2022-07-15
040033,22,196,10,00,36,+32,+37.87741,-109.75233,01.0,09,038,3,2022-07-15
040033,22,196,12,00,74,+28,+37.87676,-109.75258,00.9,11,038,3,2022-07-15
040033,22,196,14,00,52,+34,+37.87820,-109.75096,01.1,07,038,3,2022-07-15
040033,22,196,16,00,68,+39,+37.87936,-109.75061,01.0,08,038,3,2022-07-15
040033,22,196,18,00,68,+28,+37.88055,-109.75006,01.9,06,038,3,2022-07-15
040033,22,196,20,00,86,+22,+37.88296,-109.74686,00.9,09,038,3,2022-07-15
040033,22,196,22,00,56,+23,+37.88172,-109.74604,00.8,09,038,3,2022-07-15
040033,22,197,00,00,34,+20,+37.87935,-109.74903,01.5,06,038,3,2022-07-16
040033,22,197,02,00,74,+19,+37.87834,-109.75080,01.3,06,041,3,2022-07-16
040033,22,197,04,00,24,+19,+37.87825,-109.75067,00.9,08,038,3,2022-07-16
040033,22,197,06,00,46,+19,+37.87773,-109.74952,00.8,09,038,3,2022-07-16
040033,22,197,08,00,90,+30,+37.87914,-109.74607,01.1,08,040,3,2022-07-16
040033,22,197,10,00,28,+27,+37.87929,-109.74565,01.0,08,039,3,2022-07-16
040033,22,197,12,00,88,+37,+37.87967,-109.74882,00.7,11,040,3,2022-07-16
040033,22,197,14,00,66,+36,+37.87614,-109.75429,01.0,08,038,3,2022-07-16
040033,22,197,16,00,68,+32,+37.87549,-109.75617,01.0,08,038,3,2022-07-16
040033,22,197,18,00,68,+27,+37.87194,-109.76053,02.7,06,038,3,2022-07-16
040033,22,197,20,00,96,+20,+37.87696,-109.75504,01.0,08,038,3,2022-07-16
040033,22,197,22,00,46,+18,+37.87800,-109.75437,00.9,08,038,3,2022-07-16
040033,22,198,00,00,46,+20,+37.87790,-109.75431,01.5,06,038,3,2022-07-17
040033,22,198,02,00,24,+17,+37.87799,-109.75447,00.9,08,038,3,2022-07-17
040033,22,198,04,00,20,+19,+37.87794,-109.75439,01.1,08,038,3,2022-07-17
040033,22,198,06,00,42,+21,+37.87919,-109.75269,00.8,10,038,3,2022-07-17
040033,22,198,10,00,52,+28,+37.87562,-109.75624,01.2,07,038,3,2022-07-17
040033,22,198,12,00,32,+30,+37.87522,-109.75651,01.2,08,038,3,2022-07-17
040033,22,198,14,00,44,+33,+37.87261,-109.75300,01.5,06,038,3,2022-07-17
040033,22,198,16,00,88,+33,+37.87293,-109.75153,01.9,06,038,3,2022-07-17
040033,22,198,18,00,70,+38,+37.88579,-109.74958,02.7,06,038,3,2022-07-17
040033,22,198,20,00,98,+26,+37.88419,-109.74549,00.8,10,038,3,2022-07-17
040033,22,198,22,00,40,+26,+37.88452,-109.74573,01.6,06,038,3,2022-07-17
040033,22,199,02,00,68,+22,+37.88228,-109.74540,00.7,10,038,3,2022-07-18
040033,22,199,04,00,24,+18,+37.88233,-109.74533,01.1,08,039,3,2022-07-18
040033,22,199,06,00,56,+23,+37.88304,-109.74682,01.0,09,038,3,2022-07-18
040033,22,199,08,00,82,+27,+37.87995,-109.74542,00.9,09,040,3,2022-07-18
040033,22,199,10,00,44,+30,+37.87947,-109.74507,01.1,08,038,3,2022-07-18
040033,22,199,12,00,66,+37,+37.87629,-109.75399,01.1,10,038,3,2022-07-18
040033,22,199,14,00,50,+38,+37.87727,-109.75212,00.9,09,038,3,2022-07-18
040033,22,199,16,00,76,+33,+37.87897,-109.75174,01.1,08,038,3,2022-07-18
040033,22,199,18,00,56,+31,+37.87957,-109.75073,01.0,07,058,3,2022-07-18
040033,22,199,20,00,90,+24,+37.88038,-109.74869,00.8,09,039,3,2022-07-18
040033,22,199,22,00,68,+20,+37.88206,-109.74903,00.9,09,038,3,2022-07-18
040033,22,200,00,00,34,+20,+37.88204,-109.74903,01.0,07,038,3,2022-07-19
040033,22,200,02,00,36,+23,+37.88225,-109.74887,00.8,08,040,3,2022-07-19
040033,22,200,04,00,30,+19,+37.88227,-109.74914,00.9,08,038,3,2022-07-19
040033,22,200,06,00,68,+20,+37.88439,-109.74760,01.2,09,038,3,2022-07-19
040033,22,200,08,00,84,+27,+37.88402,-109.74440,00.9,09,039,3,2022-07-19
040033,22,200,10,00,22,+29,+37.88415,-109.74428,01.0,09,039,3,2022-07-19
040033,22,200,12,00,50,+33,+37.88263,-109.74430,00.8,09,038,3,2022-07-19
040033,22,200,14,00,96,+38,+37.88023,-109.74722,00.9,08,038,3,2022-07-19
040033,22,200,16,00,46,+41,+37.87612,-109.75368,01.1,08,038,3,2022-07-19
040033,22,200,20,00,98,+24,+37.88006,-109.74980,01.4,06,038,3,2022-07-19
040033,22,200,22,00,60,+28,+37.87938,-109.74971,01.0,08,038,3,2022-07-19
040033,22,201,00,00,26,+24,+37.87952,-109.74980,00.9,08,038,3,2022-07-20
040033,22,201,02,00,26,+23,+37.87953,-109.74976,01.0,07,038,3,2022-07-20
040033,22,201,04,00,18,+21,+37.87948,-109.74983,01.0,08,038,3,2022-07-20
040033,22,201,06,00,58,+18,+37.88079,-109.74874,00.7,10,038,3,2022-07-20
040033,22,201,10,00,86,+31,+37.87610,-109.75378,01.1,08,038,3,2022-07-20
040033,22,201,12,00,66,+35,+37.88029,-109.74854,00.8,09,040,3,2022-07-20
040033,22,201,14,00,64,+39,+37.88087,-109.74930,00.7,11,038,3,2022-07-20
040033,22,201,16,00,28,+31,+37.88072,-109.74928,01.2,07,040,3,2022-07-20
040033,22,201,20,00,98,+25,+37.87916,-109.74953,01.2,08,038,3,2022-07-20
040033,22,201,22,00,44,+24,+37.88052,-109.74887,00.9,09,038,3,2022-07-20
040033,22,202,00,00,32,+24,+37.88064,-109.74876,01.5,06,038,3,2022-07-21
040033,22,202,02,00,20,+23,+37.88055,-109.74884,00.8,07,040,3,2022-07-21
040033,22,202,04,00,16,+15,+37.88052,-109.74915,00.9,08,038,3,2022-07-21
040033,22,202,06,00,66,+16,+37.88251,-109.74582,00.8,10,038,3,2022-07-21
040033,22,202,08,00,84,+30,+37.88411,-109.74424,01.2,08,039,3,2022-07-21
040033,22,202,10,00,28,+30,+37.88409,-109.74434,01.0,09,038,3,2022-07-21
040033,22,202,12,00,52,+36,+37.88124,-109.74516,00.7,11,038,3,2022-07-21
040033,22,202,14,00,78,+36,+37.87811,-109.75218,01.1,08,038,3,2022-07-21
040033,22,202,20,00,98,+25,+37.88262,-109.74659,00.8,10,038,3,2022-07-21
040033,22,202,22,00,66,+25,+37.88333,-109.74777,00.9,09,038,3,2022-07-21
040033,22,203,00,00,20,+22,+37.88335,-109.74784,01.0,07,038,3,2022-07-22
040033,22,203,04,00,38,+20,+37.88357,-109.74760,00.9,09,038,3,2022-07-22
040033,22,203,06,00,58,+19,+37.88450,-109.74594,00.8,11,038,3,2022-07-22
040033,22,203,08,00,78,+27,+37.87738,-109.74592,00.9,09,041,3,2022-07-22
040033,22,203,10,00,34,+32,+37.87706,-109.74596,00.9,10,038,3,2022-07-22
040033,22,203,12,00,36,+31,+37.87757,-109.74935,00.8,10,039,3,2022-07-22
040033,22,203,14,00,86,+32,+37.87946,-109.75285,00.8,10,038,3,2022-07-22
040033,22,203,16,00,74,+31,+37.88170,-109.75303,00.9,08,040,3,2022-07-22
040033,22,203,20,00,92,+23,+37.87723,-109.75422,00.9,09,038,3,2022-07-22
040033,22,203,22,00,66,+19,+37.87788,-109.75434,01.0,08,038,3,2022-07-22
040033,22,204,00,00,24,+22,+37.87802,-109.75418,01.5,05,038,3,2022-07-23
040033,22,204,02,00,22,+25,+37.87817,-109.75460,01.1,06,038,3,2022-07-23
040033,22,204,04,00,28,+23,+37.87802,-109.75463,01.3,07,040,3,2022-07-23
040033,22,204,06,00,52,+23,+37.87850,-109.75315,00.9,10,038,3,2022-07-23
040033,22,204,10,00,94,+30,+37.87452,-109.76549,01.1,08,038,3,2022-07-23
040033,22,204,12,00,22,+32,+37.87479,-109.76574,01.0,08,039,3,2022-07-23
040033,22,204,14,00,80,+35,+37.87263,-109.76873,01.0,07,038,3,2022-07-23
040033,22,204,16,00,78,+37,+37.87666,-109.75345,01.2,07,038,3,2022-07-23
040033,22,204,18,00,24,+30,+37.87582,-109.75408,01.2,08,038,3,2022-07-23
040033,22,204,20,00,92,+25,+37.86886,-109.75302,01.0,07,040,3,2022-07-23
040033,22,204,22,00,80,+23,+37.87069,-109.75334,00.9,08,040,3,2022-07-23
040033,22,205,00,00,32,+20,+37.87078,-109.75334,00.9,08,039,3,2022-07-24
040033,22,205,02,00,30,+20,+37.87083,-109.75342,00.9,08,038,3,2022-07-24
040033,22,205,04,00,18,+23,+37.87076,-109.75338,00.9,09,038,3,2022-07-24
040033,22,205,06,00,72,+21,+37.86827,-109.75311,00.8,10,038,3,2022-07-24
040033,22,205,08,00,92,+22,+37.86384,-109.74873,01.1,08,038,3,2022-07-24
040033,22,205,10,00,80,+25,+37.86333,-109.74834,01.1,08,038,3,2022-07-24
040033,22,205,12,00,40,+27,+37.86163,-109.75093,01.0,08,038,3,2022-07-24
040033,22,205,14,00,90,+28,+37.86372,-109.75613,00.9,08,038,3,2022-07-24
040033,22,205,16,00,74,+19,+37.86369,-109.75586,01.0,07,038,3,2022-07-24
040033,22,205,20,00,98,+18,+37.86661,-109.75379,00.9,08,038,3,2022-07-24
040033,22,205,22,00,72,+19,+37.86962,-109.74993,01.1,07,038,3,2022-07-24
040033,22,206,00,00,30,+19,+37.86956,-109.75042,01.0,07,040,3,2022-07-25
040033,22,206,02,00,34,+24,+37.86951,-109.75051,00.9,08,040,3,2022-07-25
040033,22,206,04,00,38,+17,+37.87025,-109.75073,01.1,08,038,3,2022-07-25
040033,22,206,06,00,40,+18,+37.86898,-109.75113,01.0,06,038,3,2022-07-25
040033,22,206,08,00,90,+21,+37.86704,-109.74878,00.8,10,038,3,2022-07-25
040033,22,206,10,00,56,+23,+37.86696,-109.74907,01.0,09,038,3,2022-07-25
040033,22,206,12,00,34,+24,+37.86529,-109.74827,00.8,10,039,3,2022-07-25
040033,22,206,20,00,84,+19,+37.86919,-109.75360,00.8,10,038,3,2022-07-25
040033,22,206,22,00,44,+20,+37.87010,-109.75280,01.0,08,040,3,2022-07-25
040033,22,207,00,00,26,+19,+37.87002,-109.75299,01.3,06,038,3,2022-07-26
040033,22,207,02,00,24,+25,+37.87069,-109.75321,00.8,09,039,3,2022-07-26
040033,22,207,04,00,24,+19,+37.87067,-109.75328,00.8,10,038,3,2022-07-26
040033,22,207,06,00,42,+19,+37.87120,-109.75312,00.8,09,038,3,2022-07-26
040033,22,207,08,00,94,+20,+37.87023,-109.74707,01.4,08,038,3,2022-07-26
040033,22,207,12,00,20,+25,+37.86613,-109.74487,00.9,08,038,3,2022-07-26
040033,22,207,14,00,58,+25,+37.86695,-109.74993,00.8,09,038,3,2022-07-26
040033,22,207,20,00,98,+19,+37.86157,-109.75687,00.8,10,038,3,2022-07-26
040033,22,208,00,00,34,+17,+37.86171,-109.75842,01.6,06,038,3,2022-07-27
040033,22,208,02,00,76,+18,+37.86228,-109.75904,00.9,08,040,3,2022-07-27
040033,22,208,04,00,34,+19,+37.86223,-109.75907,00.9,09,038,3,2022-07-27
040033,22,208,08,00,92,+20,+37.86529,-109.75994,01.4,07,038,3,2022-07-27
040033,22,208,12,00,62,+21,+37.86427,-109.76187,01.0,08,038,3,2022-07-27
040033,22,208,20,00,94,+14,+37.86240,-109.76062,01.2,08,038,3,2022-07-27
040033,22,208,22,00,56,+17,+37.86244,-109.76071,01.0,08,038,3,2022-07-27
040033,22,209,00,00,38,+19,+37.86241,-109.76076,01.4,05,038,3,2022-07-28
040033,22,209,04,00,30,+18,+37.86238,-109.76074,00.8,10,038,3,2022-07-28
040033,22,209,06,00,44,+17,+37.86265,-109.76240,01.1,07,040,3,2022-07-28
040033,22,209,10,00,92,+22,+37.86766,-109.76231,01.3,06,038,3,2022-07-28
040033,22,209,12,00,34,+24,+37.86769,-109.76232,00.9,08,038,3,2022-07-28
040033,22,209,14,00,82,+19,+37.86722,-109.76133,01.1,07,038,3,2022-07-28
040033,22,209,16,00,70,+25,+37.86548,-109.76005,00.9,08,039,3,2022-07-28
040033,22,209,18,00,64,+24,+37.86440,-109.76136,01.2,08,038,3,2022-07-28
040033,22,209,20,00,90,+21,+37.86686,-109.76002,00.9,08,038,3,2022-07-28
040033,22,209,22,00,66,+16,+37.86684,-109.75585,01.0,08,038,3,2022-07-28
040033,22,210,00,00,58,+17,+37.86714,-109.75567,01.7,06,038,3,2022-07-29
040033,22,210,02,00,34,+20,+37.86696,-109.75567,01.4,06,039,3,2022-07-29
040033,22,210,04,00,22,+20,+37.86699,-109.75585,01.0,09,038,3,2022-07-29
040033,22,210,10,00,78,+24,+37.87133,-109.74990,01.3,07,049,3,2022-07-29
040033,22,210,12,00,30,+25,+37.87118,-109.74989,00.7,11,038,3,2022-07-29
040033,22,210,14,00,74,+29,+37.87599,-109.75380,00.8,09,038,3,2022-07-29
040033,22,210,16,00,36,+16,+37.87657,-109.75252,00.8,09,038,3,2022-07-29
040033,22,210,18,00,88,+19,+37.87884,-109.74989,01.2,07,038,3,2022-07-29
040033,22,210,20,00,90,+17,+37.88011,-109.74974,01.0,08,038,3,2022-07-29
040033,22,210,22,00,70,+17,+37.87906,-109.74611,01.1,06,038,3,2022-07-29
040033,22,211,00,00,32,+16,+37.87900,-109.74586,01.2,06,038,3,2022-07-30
040033,22,211,02,00,46,+16,+37.87990,-109.74526,01.0,08,039,3,2022-07-30
040033,22,211,04,00,32,+16,+37.88000,-109.74533,00.8,10,038,3,2022-07-30
040033,22,211,06,00,48,+17,+37.88136,-109.74626,00.8,09,040,3,2022-07-30
040033,22,211,10,00,56,+24,+37.88344,-109.74701,01.1,08,038,3,2022-07-30
040033,22,211,12,00,34,+24,+37.88347,-109.74693,00.7,11,038,3,2022-07-30
040033,22,211,14,00,86,+30,+37.88368,-109.74733,00.9,08,038,3,2022-07-30
040033,22,211,16,00,64,+21,+37.88140,-109.75004,00.8,09,038,3,2022-07-30
040033,22,211,18,00,82,+23,+37.87893,-109.74891,01.3,07,038,3,2022-07-30
040033,22,211,22,00,58,+19,+37.88093,-109.74952,01.1,06,053,3,2022-07-30
040033,22,212,00,00,32,+19,+37.88084,-109.74962,01.1,07,039,3,2022-07-31
040033,22,212,02,00,26,+19,+37.88078,-109.74953,01.0,09,038,3,2022-07-31
040033,22,212,04,00,46,+16,+37.88065,-109.74974,00.8,10,038,3,2022-07-31
040033,22,212,06,00,48,+17,+37.87880,-109.74819,01.0,08,039,3,2022-07-31
040033,22,212,12,00,64,+25,+37.87279,-109.74993,00.8,10,038,3,2022-07-31
040033,22,212,14,00,36,+27,+37.87266,-109.74981,01.0,07,038,3,2022-07-31
040033,22,212,16,00,86,+26,+37.87167,-109.75212,01.0,06,040,3,2022-07-31
040033,22,212,18,00,80,+23,+37.86999,-109.75292,01.3,07,038,3,2022-07-31
040033,22,212,20,00,86,+20,+37.87155,-109.75445,01.1,08,038,3,2022-07-31
040033,22,212,22,00,56,+22,+37.86964,-109.75185,01.2,05,058,3,2022-07-31
040033,22,213,00,00,34,+21,+37.86980,-109.75187,01.1,07,038,3,2022-08-01
040033,22,213,02,00,28,+20,+37.86960,-109.75186,00.9,09,040,3,2022-08-01
040033,22,213,04,00,32,+20,+37.86967,-109.75185,00.8,10,038,3,2022-08-01
040033,22,213,06,00,34,+18,+37.86787,-109.75158,01.0,09,038,3,2022-08-01
040033,22,213,08,00,98,+24,+37.86928,-109.74851,01.2,08,038,3,2022-08-01
040033,22,213,12,00,26,+28,+37.87197,-109.74372,00.9,08,038,3,2022-08-01
040033,22,213,16,00,84,+25,+37.87429,-109.75098,00.9,06,038,3,2022-08-01
040033,22,213,18,00,82,+27,+37.87149,-109.75197,01.5,06,039,3,2022-08-01
040033,22,213,20,00,94,+20,+37.87397,-109.75418,01.1,08,038,3,2022-08-01
040033,22,214,00,00,22,+23,+37.87227,-109.75363,02.0,04,038,3,2022-08-02
040033,22,214,02,00,52,+17,+37.87220,-109.75261,01.1,07,038,3,2022-08-02
040033,22,214,04,00,30,+19,+37.87218,-109.75260,00.9,09,040,3,2022-08-02
040033,22,214,06,00,54,+19,+37.87350,-109.75309,01.0,08,038,3,2022-08-02
040033,22,214,10,00,98,+31,+37.87469,-109.75704,02.0,07,038,3,2022-08-02
040033,22,214,14,00,94,+33,+37.87625,-109.75368,01.3,06,038,3,2022-08-02
040033,22,214,16,00,70,+38,+37.87720,-109.75227,00.9,08,038,3,2022-08-02
040033,22,214,18,00,82,+27,+37.87956,-109.75051,00.9,08,039,3,2022-08-02
040033,22,214,20,00,96,+23,+37.88211,-109.74874,01.3,07,038,3,2022-08-02
040033,22,215,00,00,24,+23,+37.88200,-109.74909,01.1,07,038,3,2022-08-03
040033,22,215,02,00,48,+23,+37.88213,-109.74925,00.9,09,040,3,2022-08-03
040033,22,215,04,00,20,+23,+37.88221,-109.74925,00.7,11,038,3,2022-08-03
040033,22,215,06,00,48,+20,+37.88428,-109.74815,01.0,08,038,3,2022-08-03
040033,22,215,08,00,96,+26,+37.88293,-109.74483,01.2,08,038,3,2022-08-03
040033,22,215,10,00,44,+28,+37.88315,-109.74422,00.9,09,041,3,2022-08-03
040033,22,215,12,00,64,+30,+37.88160,-109.74667,01.0,09,038,3,2022-08-03
040033,22,215,16,00,44,+31,+37.87786,-109.75350,00.9,07,038,3,2022-08-03
040033,22,215,20,00,94,+20,+37.88202,-109.75098,00.9,08,038,3,2022-08-03
040033,22,215,22,00,58,+21,+37.88158,-109.74928,01.6,05,040,3,2022-08-03
040033,22,216,00,00,30,+18,+37.88180,-109.74939,01.1,07,039,3,2022-08-04
040033,22,216,02,00,24,+22,+37.88183,-109.74929,00.9,09,038,3,2022-08-04
040033,22,216,04,00,26,+18,+37.88186,-109.74938,00.7,11,038,3,2022-08-04
040033,22,216,06,00,42,+20,+37.88060,-109.74906,00.8,10,038,3,2022-08-04
040033,22,216,08,00,96,+26,+37.87769,-109.74867,01.1,08,038,3,2022-08-04
040033,22,216,10,00,88,+28,+37.87764,-109.74823,00.8,08,043,3,2022-08-04
040033,22,216,14,00,62,+35,+37.87789,-109.75209,01.0,07,038,3,2022-08-04
040033,22,216,18,00,46,+27,+37.87860,-109.75292,01.3,07,038,3,2022-08-04
040033,22,216,20,00,98,+23,+37.87718,-109.75094,01.3,06,038,3,2022-08-04
040033,22,216,22,00,68,+21,+37.87952,-109.74999,01.0,06,038,3,2022-08-04
040033,22,217,00,00,36,+21,+37.87947,-109.74962,01.3,06,040,3,2022-08-05
040033,22,217,02,00,44,+19,+37.87983,-109.74907,00.8,10,059,3,2022-08-05
040033,22,217,04,00,38,+18,+37.88011,-109.74896,00.7,11,038,3,2022-08-05
040033,22,217,06,00,44,+19,+37.88008,-109.75054,01.0,09,038,3,2022-08-05
040033,22,217,08,00,92,+23,+37.87471,-109.75106,01.1,08,038,3,2022-08-05
040033,22,217,10,00,96,+26,+37.87470,-109.74639,01.2,07,038,3,2022-08-05
040033,22,217,12,00,40,+28,+37.87354,-109.74712,01.1,08,040,3,2022-08-05
040033,22,217,14,00,52,+29,+37.87439,-109.74874,00.9,08,038,3,2022-08-05
040033,22,217,16,00,88,+30,+37.87271,-109.75360,00.9,08,039,3,2022-08-05
040033,22,217,20,00,98,+20,+37.86733,-109.75117,01.1,06,038,3,2022-08-05
040033,22,217,22,00,80,+20,+37.86664,-109.75410,01.0,06,038,3,2022-08-05
040033,22,218,00,00,88,+20,+37.86682,-109.75805,01.3,06,038,3,2022-08-06
040033,22,218,02,00,40,+18,+37.86736,-109.75834,01.0,08,040,3,2022-08-06
040033,22,218,04,00,42,+20,+37.86728,-109.75838,00.9,09,039,3,2022-08-06
040033,22,218,06,00,48,+19,+37.86812,-109.75788,01.1,07,038,3,2022-08-06
040033,22,218,08,00,94,+25,+37.86540,-109.75635,01.5,07,040,3,2022-08-06
040033,22,218,10,00,28,+25,+37.86537,-109.75653,00.9,08,039,3,2022-08-06
040033,22,218,12,00,50,+30,+37.86560,-109.76006,01.1,08,038,3,2022-08-06
040033,22,218,14,00,78,+34,+37.86840,-109.75809,01.0,08,040,3,2022-08-06
040033,22,218,16,00,64,+30,+37.86836,-109.75762,01.1,07,038,3,2022-08-06
040033,22,218,20,00,98,+20,+37.86700,-109.75033,01.0,07,038,3,2022-08-06
040033,22,218,22,00,90,+17,+37.86353,-109.74872,01.0,06,040,3,2022-08-06
040033,22,219,00,00,66,+18,+37.86266,-109.75103,01.1,07,038,3,2022-08-07
040033,22,219,02,00,48,+23,+37.86198,-109.75327,00.9,09,040,3,2022-08-07
040033,22,219,04,00,20,+15,+37.86200,-109.75328,00.8,09,038,3,2022-08-07
040033,22,219,06,00,50,+16,+37.86181,-109.75299,01.1,08,038,3,2022-08-07
040033,22,219,08,00,88,+23,+37.86167,-109.74794,01.0,09,040,3,2022-08-07
040033,22,219,10,00,26,+27,+37.86149,-109.74784,01.5,06,045,3,2022-08-07
040033,22,219,16,01,46,+30,+37.86679,-109.74514,01.3,07,055,3,2022-08-07
040033,22,219,20,00,98,+18,+37.86149,-109.75168,01.0,07,038,3,2022-08-07
040033,22,219,22,00,80,+19,+37.86210,-109.75170,01.9,05,038,3,2022-08-07
040033,22,220,00,00,60,+20,+37.86199,-109.75299,01.2,06,038,3,2022-08-08
040033,22,220,02,00,36,+19,+37.86224,-109.75360,00.9,09,040,3,2022-08-08
040033,22,220,04,00,30,+16,+37.86210,-109.75357,00.8,09,038,3,2022-08-08
040033,22,220,06,00,34,+15,+37.86177,-109.75384,00.8,10,038,3,2022-08-08
040033,22,220,10,00,82,+29,+37.86340,-109.75819,00.9,09,053,3,2022-08-08
040033,22,220,16,00,92,+26,+37.86192,-109.75872,00.8,09,038,3,2022-08-08
040033,22,220,18,00,80,+23,+37.86161,-109.75593,01.0,08,039,3,2022-08-08
040033,22,220,22,00,86,+21,+37.86957,-109.75178,01.0,06,038,3,2022-08-08
040033,22,221,00,00,42,+19,+37.86964,-109.75193,01.2,06,038,3,2022-08-09
040033,22,221,02,00,48,+20,+37.86968,-109.75191,00.9,09,039,3,2022-08-09
040033,22,221,04,00,26,+18,+37.86964,-109.75189,00.9,08,038,3,2022-08-09
040033,22,221,10,00,62,+28,+37.86940,-109.74831,00.7,11,049,3,2022-08-09
040033,22,221,12,00,48,+33,+37.86403,-109.74864,01.4,07,041,3,2022-08-09
040033,22,221,16,00,42,+33,+37.86593,-109.74929,01.1,07,038,3,2022-08-09
040033,22,221,18,00,84,+30,+37.86653,-109.75098,00.9,08,038,3,2022-08-09
040033,22,221,20,00,92,+23,+37.86852,-109.75266,01.3,06,038,3,2022-08-09
040033,22,221,22,00,68,+23,+37.86914,-109.75366,01.0,06,047,3,2022-08-09
040033,22,222,02,00,68,+20,+37.87102,-109.75408,00.9,09,038,3,2022-08-10
040033,22,222,04,00,34,+24,+37.87107,-109.75406,00.9,08,038,3,2022-08-10
040033,22,222,06,00,28,+19,+37.87081,-109.75653,01.1,08,038,3,2022-08-10
040033,22,222,10,00,74,+27,+37.86529,-109.76188,00.8,09,053,3,2022-08-10
040033,22,222,12,00,54,+30,+37.86602,-109.76139,01.0,09,038,3,2022-08-10
040033,22,222,14,00,78,+32,+37.86742,-109.75761,01.0,07,039,3,2022-08-10
040033,22,222,16,00,36,+28,+37.86739,-109.75773,00.9,08,038,3,2022-08-10
040033,22,222,18,00,84,+26,+37.86886,-109.75861,01.2,08,038,3,2022-08-10
040033,22,222,20,00,98,+23,+37.86936,-109.75296,01.0,07,038,3,2022-08-10
040033,22,222,22,00,84,+23,+37.86756,-109.75231,01.2,06,038,3,2022-08-10
040033,22,223,02,00,70,+20,+37.86727,-109.75479,00.9,09,038,3,2022-08-11
040033,22,223,04,00,28,+17,+37.86733,-109.75475,00.8,09,038,3,2022-08-11
040033,22,223,06,00,44,+19,+37.86544,-109.75485,01.2,07,038,3,2022-08-11
040033,22,223,08,00,84,+23,+37.86232,-109.75406,01.0,09,040,3,2022-08-11
040033,22,223,10,00,76,+28,+37.86230,-109.75319,00.7,10,041,3,2022-08-11
040033,22,223,14,00,90,+35,+37.86346,-109.74760,01.2,07,038,3,2022-08-11
040033,22,223,16,00,68,+29,+37.86760,-109.74466,01.5,06,038,3,2022-08-11
040033,22,223,18,00,58,+28,+37.87446,-109.74582,01.2,06,038,3,2022-08-11
040033,22,223,22,00,82,+19,+37.87208,-109.75106,01.1,06,038,3,2022-08-11
040033,22,224,00,00,36,+20,+37.87189,-109.75080,01.2,06,047,3,2022-08-12
040033,22,224,02,00,76,+18,+37.87190,-109.75138,00.9,09,039,3,2022-08-12
040033,22,224,04,00,36,+18,+37.87201,-109.75134,00.8,10,038,3,2022-08-12
040033,22,224,10,00,30,+26,+37.86911,-109.74699,01.0,09,038,3,2022-08-12
040033,22,224,12,00,58,+30,+37.86415,-109.74839,01.8,07,039,3,2022-08-12
040033,22,224,18,00,86,+26,+37.86162,-109.75166,01.0,07,038,3,2022-08-12
040033,22,225,00,00,18,+17,+37.86912,-109.75202,01.2,06,038,3,2022-08-13
040033,22,225,02,00,92,+17,+37.87059,-109.75318,00.9,09,038,3,2022-08-13
040033,22,225,04,00,50,+18,+37.87057,-109.75321,00.8,10,038,3,2022-08-13
040033,22,225,06,00,30,+20,+37.86966,-109.75321,01.2,07,038,3,2022-08-13
040033,22,225,10,00,86,+28,+37.86721,-109.75466,00.9,07,038,3,2022-08-13
040033,22,225,12,00,60,+33,+37.87014,-109.75700,01.3,07,039,3,2022-08-13
040033,22,225,16,00,42,+29,+37.87490,-109.75331,01.1,07,038,3,2022-08-13
040033,22,225,18,00,92,+25,+37.86927,-109.75113,00.9,08,041,3,2022-08-13
040033,22,225,20,00,98,+23,+37.86828,-109.74979,01.1,06,038,3,2022-08-13
040033,22,225,22,00,34,+23,+37.86870,-109.74893,01.3,06,038,3,2022-08-13
040033,22,226,02,00,20,+22,+37.86790,-109.74914,00.9,09,038,3,2022-08-14
040033,22,226,04,00,26,+22,+37.86762,-109.74900,00.8,10,038,3,2022-08-14
040033,22,226,12,00,76,+25,+37.86512,-109.74906,01.2,07,038,3,2022-08-14
040033,22,226,14,00,52,+21,+37.86739,-109.74893,01.1,07,038,3,2022-08-14
040033,22,226,18,00,80,+23,+37.86907,-109.75269,01.1,06,038,3,2022-08-14
040033,22,226,20,00,86,+20,+37.87170,-109.75220,02.8,05,039,3,2022-08-14
040033,22,227,00,00,28,+23,+37.87395,-109.75130,01.0,07,038,3,2022-08-15
040033,22,227,02,00,22,+18,+37.87395,-109.75151,01.0,08,038,3,2022-08-15
040033,22,227,04,00,30,+24,+37.87393,-109.75140,00.8,10,038,3,2022-08-15
040033,22,227,10,00,80,+22,+37.86556,-109.74732,01.0,06,038,3,2022-08-15
040033,22,227,12,00,44,+25,+37.86534,-109.74694,01.0,09,039,3,2022-08-15
040033,22,227,14,00,42,+19,+37.86462,-109.74858,01.1,07,038,3,2022-08-15
040033,22,227,16,00,90,+21,+37.86703,-109.75229,02.6,07,049,3,2022-08-15
040033,22,227,18,00,92,+18,+37.86699,-109.75395,00.9,07,039,3,2022-08-15
040033,22,227,20,00,96,+15,+37.86909,-109.75254,02.9,05,038,3,2022-08-15
040033,22,227,22,00,34,+18,+37.86964,-109.75279,00.8,08,038,3,2022-08-15
040033,22,228,00,00,62,+18,+37.87063,-109.75299,01.1,06,038,3,2022-08-16
040033,22,228,02,00,28,+20,+37.87063,-109.75305,00.9,09,040,3,2022-08-16
040033,22,228,04,00,32,+20,+37.87065,-109.75307,00.8,10,038,3,2022-08-16
040033,22,228,08,00,96,+20,+37.87287,-109.75159,01.5,06,038,3,2022-08-16
040033,22,228,10,00,78,+23,+37.87147,-109.75019,00.7,11,039,3,2022-08-16
040033,22,228,12,00,30,+21,+37.87123,-109.74971,00.8,10,038,3,2022-08-16
040033,22,228,14,00,82,+22,+37.87109,-109.75117,01.2,07,038,3,2022-08-16
040033,22,228,16,00,82,+32,+37.87628,-109.75378,02.7,07,038,3,2022-08-16
040033,22,228,18,00,74,+23,+37.87919,-109.75071,00.8,09,038,3,2022-08-16
040033,22,228,22,00,64,+20,+37.88410,-109.74739,01.6,06,038,3,2022-08-16
040033,22,229,00,00,36,+18,+37.88398,-109.74745,00.8,09,038,3,2022-08-17
040033,22,229,02,00,44,+18,+37.88426,-109.74762,01.1,08,038,3,2022-08-17
040033,22,229,04,00,92,+17,+37.88355,-109.74678,00.7,10,038,3,2022-08-17
040033,22,229,06,00,36,+17,+37.88354,-109.74619,00.9,08,038,3,2022-08-17
040033,22,229,12,00,72,+20,+37.88120,-109.74452,00.9,08,049,3,2022-08-17
040033,22,229,14,00,48,+30,+37.88173,-109.74346,01.0,07,038,3,2022-08-17
040033,22,229,16,00,64,+29,+37.88147,-109.74433,01.3,07,039,3,2022-08-17
040033,22,229,20,00,90,+17,+37.88118,-109.74353,01.2,06,038,3,2022-08-17
040033,22,229,22,00,62,+17,+37.87933,-109.74403,00.8,08,040,3,2022-08-17
040033,22,230,00,00,40,+23,+37.87961,-109.74396,00.9,07,038,3,2022-08-18
040033,22,230,02,00,50,+16,+37.88038,-109.74533,01.1,08,038,3,2022-08-18
040033,22,230,04,00,54,+18,+37.87917,-109.74558,00.8,10,038,3,2022-08-18
040033,22,230,06,00,32,+17,+37.87983,-109.74644,00.9,08,038,3,2022-08-18
040033,22,230,08,00,90,+23,+37.88394,-109.74423,01.1,08,058,3,2022-08-18
040033,22,230,10,00,64,+30,+37.88383,-109.74449,00.8,09,039,3,2022-08-18
040033,22,230,12,00,52,+24,+37.88275,-109.74498,00.9,09,038,3,2022-08-18
040033,22,230,14,00,88,+24,+37.87945,-109.75033,01.1,08,039,3,2022-08-18
040033,22,230,16,00,88,+29,+37.88202,-109.74926,02.6,07,039,3,2022-08-18
040033,22,230,18,00,92,+25,+37.88324,-109.74424,01.0,08,038,3,2022-08-18
040033,22,230,20,00,80,+21,+37.87891,-109.74831,01.1,07,038,3,2022-08-18
040033,22,230,22,00,52,+20,+37.87727,-109.74600,00.8,08,040,3,2022-08-18
040033,22,231,00,00,32,+24,+37.87697,-109.74619,01.1,06,038,3,2022-08-19
040033,22,231,02,00,24,+24,+37.87705,-109.74600,00.9,09,038,3,2022-08-19
040033,22,231,04,00,24,+18,+37.87702,-109.74598,00.8,10,038,3,2022-08-19
040033,22,231,12,00,80,+15,+37.88077,-109.74787,00.9,09,038,3,2022-08-19
040033,22,231,16,00,40,+25,+37.88277,-109.75021,02.6,06,039,3,2022-08-19
040033,22,231,20,00,96,+18,+37.88030,-109.74968,01.3,06,038,3,2022-08-19
040033,22,231,22,00,50,+18,+37.88216,-109.74910,00.8,08,038,3,2022-08-19
040033,22,232,00,00,30,+17,+37.88220,-109.74874,00.9,08,038,3,2022-08-20
040033,22,232,02,00,24,+19,+37.88211,-109.74887,00.9,09,038,3,2022-08-20
040033,22,232,04,00,24,+19,+37.88219,-109.74886,00.7,11,038,3,2022-08-20
040033,22,232,06,00,38,+17,+37.88320,-109.74840,00.9,09,038,3,2022-08-20
040033,22,232,08,00,96,+19,+37.88501,-109.74552,01.8,06,038,3,2022-08-20
040033,22,232,10,00,64,+28,+37.88460,-109.74459,00.9,08,038,3,2022-08-20
040033,22,232,12,00,30,+21,+37.88423,-109.74346,01.8,07,038,3,2022-08-20
040033,22,232,14,00,90,+21,+37.88120,-109.74510,01.0,07,038,3,2022-08-20
040033,22,232,16,00,98,+27,+37.88011,-109.74830,02.5,06,038,3,2022-08-20
040033,22,232,18,00,68,+23,+37.87936,-109.75046,01.0,07,038,3,2022-08-20
040033,22,232,20,00,88,+15,+37.88106,-109.75096,01.3,06,038,3,2022-08-20
040033,22,232,22,00,62,+15,+37.87945,-109.75025,01.8,06,038,3,2022-08-20
040033,22,233,00,00,34,+17,+37.87921,-109.74974,00.8,08,038,3,2022-08-21
040033,22,233,02,00,32,+17,+37.87940,-109.74983,00.9,09,039,3,2022-08-21
040033,22,233,04,00,28,+16,+37.87936,-109.74961,00.8,09,038,3,2022-08-21
040033,22,233,06,00,22,+17,+37.87908,-109.74985,00.9,09,038,3,2022-08-21
040033,22,233,08,00,96,+27,+37.87750,-109.74941,01.6,07,038,3,2022-08-21
040033,22,233,10,00,70,+27,+37.87865,-109.74864,00.7,11,040,3,2022-08-21
040033,22,233,12,00,48,+29,+37.87754,-109.75140,00.8,09,039,3,2022-08-21
040033,22,233,16,00,82,+34,+37.87809,-109.75485,02.2,07,038,3,2022-08-21
040033,22,233,18,00,80,+22,+37.87914,-109.75376,00.9,08,038,3,2022-08-21
040033,22,233,20,00,96,+20,+37.87962,-109.75032,01.2,06,038,3,2022-08-21
040033,22,234,00,00,28,+18,+37.88191,-109.74915,00.9,08,038,3,2022-08-22
040033,22,234,02,00,30,+19,+37.88212,-109.74909,00.9,09,038,3,2022-08-22
040033,22,234,04,00,28,+18,+37.88213,-109.74891,00.7,10,038,3,2022-08-22
040033,22,234,06,00,34,+16,+37.88314,-109.74718,00.8,10,038,3,2022-08-22
040033,22,234,10,00,48,+29,+37.88399,-109.74739,00.7,11,038,3,2022-08-22
040033,22,234,12,00,54,+29,+37.88134,-109.74733,00.9,09,038,3,2022-08-22
040033,22,234,14,00,76,+32,+37.87632,-109.75405,01.2,07,040,3,2022-08-22
040033,22,234,16,00,60,+26,+37.87582,-109.75546,02.0,07,038,3,2022-08-22
040033,22,234,18,00,90,+23,+37.87294,-109.76047,01.0,07,038,3,2022-08-22
040033,22,234,20,00,98,+20,+37.87240,-109.76065,01.2,06,038,3,2022-08-22
040033,22,234,22,00,58,+17,+37.87362,-109.76010,02.1,05,038,3,2022-08-22
040033,22,235,00,00,32,+20,+37.87301,-109.75988,01.0,07,039,3,2022-08-23
040033,22,235,02,00,34,+16,+37.87313,-109.76023,00.9,09,038,3,2022-08-23
040033,22,235,06,01,44,+18,+37.87298,-109.76038,01.1,08,059,3,2022-08-23
040033,22,235,10,00,90,+32,+37.87289,-109.76074,01.0,08,038,3,2022-08-23
040033,22,235,12,00,64,+29,+37.87473,-109.76160,01.1,07,038,3,2022-08-23
040033,22,235,18,00,90,+24,+37.87483,-109.76101,01.8,05,038,3,2022-08-23
040033,22,235,22,00,58,+18,+37.87369,-109.75682,02.1,05,039,3,2022-08-23
040033,22,236,00,00,32,+16,+37.87360,-109.75692,00.9,08,038,3,2022-08-24
040033,22,236,02,00,24,+20,+37.87355,-109.75682,00.9,09,038,3,2022-08-24
040033,22,236,06,00,40,+16,+37.87383,-109.75714,00.9,08,038,3,2022-08-24
040033,22,236,10,00,80,+25,+37.87359,-109.74731,00.7,11,038,3,2022-08-24
040033,22,236,12,00,30,+29,+37.87348,-109.74768,00.9,08,038,3,2022-08-24
040033,22,236,20,00,94,+21,+37.86753,-109.75101,01.1,06,038,3,2022-08-24
040033,22,237,00,00,34,+19,+37.86739,-109.74961,01.0,06,038,3,2022-08-25
040033,22,237,02,00,24,+21,+37.86739,-109.74945,00.8,10,038,3,2022-08-25
040033,22,237,04,00,28,+20,+37.86737,-109.74952,00.8,09,039,3,2022-08-25
040033,22,237,06,00,36,+18,+37.86804,-109.75090,00.8,10,038,3,2022-08-25
040033,22,237,10,00,84,+22,+37.86220,-109.75344,00.7,11,038,3,2022-08-25
040033,22,237,16,00,90,+25,+37.86375,-109.75631,01.5,06,038,3,2022-08-25
040033,22,237,18,00,88,+23,+37.86529,-109.75546,01.0,06,038,3,2022-08-25
040033,22,237,20,00,92,+20,+37.87063,-109.75285,01.2,06,041,3,2022-08-25
040033,22,237,22,00,72,+19,+37.87177,-109.75231,01.1,07,039,3,2022-08-25
040033,22,238,00,00,30,+18,+37.87170,-109.75238,01.0,08,038,3,2022-08-26
040033,22,238,02,00,26,+26,+37.87175,-109.75227,00.8,10,038,3,2022-08-26
040033,22,238,04,00,28,+19,+37.87171,-109.75239,00.8,09,038,3,2022-08-26
040033,22,238,06,00,36,+17,+37.87248,-109.75160,01.1,09,038,3,2022-08-26
040033,22,238,10,00,92,+22,+37.86560,-109.74502,00.9,09,038,3,2022-08-26
040033,22,238,14,00,80,+20,+37.86952,-109.75120,01.0,06,038,3,2022-08-26
040033,22,238,16,00,98,+22,+37.87171,-109.75166,01.3,07,038,3,2022-08-26
040033,22,238,22,00,72,+15,+37.87117,-109.75382,01.3,06,049,3,2022-08-26
040033,22,239,00,00,40,+18,+37.87109,-109.75395,01.0,07,040,3,2022-08-27
040033,22,239,02,00,24,+17,+37.87105,-109.75397,00.9,09,038,3,2022-08-27
040033,22,239,10,00,90,+26,+37.86482,-109.75643,01.4,07,038,3,2022-08-27
040033,22,239,12,00,44,+25,+37.87167,-109.74632,00.9,08,039,3,2022-08-27
040033,22,239,14,00,22,+25,+37.87145,-109.74628,01.3,06,039,3,2022-08-27
040033,22,239,16,00,32,+24,+37.87157,-109.74807,04.3,05,038,3,2022-08-27
040033,22,239,18,00,86,+23,+37.87363,-109.75117,01.1,07,038,3,2022-08-27
040033,22,239,20,00,92,+17,+37.87893,-109.74812,01.1,06,038,3,2022-08-27
040033,22,239,22,00,84,+17,+37.88118,-109.74768,01.2,06,050,3,2022-08-27
040033,22,240,00,00,52,+19,+37.87862,-109.74741,01.0,08,057,3,2022-08-28
040033,22,240,02,00,70,+18,+37.87879,-109.74685,00.7,11,039,3,2022-08-28
040033,22,240,04,00,32,+18,+37.87887,-109.74707,00.8,09,038,3,2022-08-28
040033,22,240,06,00,34,+20,+37.88160,-109.74623,01.2,08,038,3,2022-08-28
040033,22,240,08,00,96,+24,+37.88483,-109.74521,03.6,05,047,3,2022-08-28
040033,22,240,10,00,38,+27,+37.88450,-109.74472,00.8,10,040,3,2022-08-28
040033,22,240,12,00,24,+27,+37.88443,-109.74470,00.9,08,038,3,2022-08-28
040033,22,240,14,00,84,+27,+37.87976,-109.74594,00.9,07,038,3,2022-08-28
040033,22,240,16,00,92,+24,+37.87603,-109.75521,03.0,05,038,3,2022-08-28
040033,22,240,18,00,96,+21,+37.87668,-109.75428,01.3,07,038,3,2022-08-28
040033,22,240,20,00,86,+17,+37.87988,-109.75168,01.1,06,038,3,2022-08-28
040033,22,240,22,00,70,+15,+37.88067,-109.75186,01.1,07,040,3,2022-08-28
040033,22,241,00,00,34,+14,+37.88051,-109.75178,01.2,07,040,3,2022-08-29
040033,22,241,02,00,28,+21,+37.88064,-109.75191,01.0,09,038,3,2022-08-29
040033,22,241,04,00,48,+19,+37.88013,-109.75113,01.1,07,040,3,2022-08-29
040033,22,241,08,00,94,+26,+37.87585,-109.75178,01.0,09,038,3,2022-08-29
040033,22,241,10,00,80,+28,+37.87664,-109.75238,00.9,08,038,3,2022-08-29
040033,22,241,12,00,32,+33,+37.88170,-109.74433,01.0,07,040,3,2022-08-29
040033,22,241,14,00,20,+29,+37.88214,-109.74424,00.9,07,038,3,2022-08-29
040033,22,241,16,00,76,+33,+37.87980,-109.74808,02.1,06,038,3,2022-08-29
040033,22,241,18,00,90,+24,+37.87613,-109.75571,01.2,07,038,3,2022-08-29
040033,22,241,20,00,98,+18,+37.87405,-109.76040,01.1,06,038,3,2022-08-29
040033,22,242,00,00,34,+14,+37.87464,-109.76168,01.0,08,038,3,2022-08-30
040033,22,242,02,00,26,+12,+37.87466,-109.76136,00.8,10,038,3,2022-08-30
040033,22,242,04,00,22,+12,+37.87479,-109.76158,00.8,09,040,3,2022-08-30
040033,22,242,06,00,46,+13,+37.87475,-109.76352,01.2,08,038,3,2022-08-30
040033,22,242,10,00,96,+27,+37.87207,-109.76459,01.1,08,038,3,2022-08-30
040033,22,242,12,00,58,+27,+37.87182,-109.76448,01.5,06,039,3,2022-08-30
040033,22,242,16,00,32,+32,+37.87275,-109.76585,02.0,06,038,3,2022-08-30
040033,22,242,18,00,38,+22,+37.87325,-109.76583,01.3,06,038,3,2022-08-30
040033,22,242,20,00,98,+16,+37.87500,-109.76730,01.0,06,039,3,2022-08-30
040033,22,242,22,00,88,+16,+37.87341,-109.76840,01.3,06,039,3,2022-08-30
040033,22,243,00,00,30,+16,+37.87343,-109.76847,01.0,08,038,3,2022-08-31
040033,22,243,02,00,92,+14,+37.87385,-109.76797,01.3,07,038,3,2022-08-31
040033,22,243,04,00,34,+19,+37.87380,-109.76822,01.1,07,038,3,2022-08-31
040033,22,243,10,00,64,+29,+37.87307,-109.77284,01.5,06,038,3,2022-08-31
040033,22,243,14,00,90,+35,+37.87436,-109.76225,00.9,07,038,3,2022-08-31
040033,22,243,16,00,90,+30,+37.87468,-109.76062,03.5,04,050,3,2022-08-31
040033,22,243,20,00,94,+22,+37.87350,-109.75500,01.3,05,039,3,2022-08-31
040033,22,243,22,00,38,+20,+37.87359,-109.75460,01.2,06,039,3,2022-08-31
040033,22,244,00,00,30,+17,+37.87350,-109.75466,00.9,09,040,3,2022-09-01
040033,22,244,02,00,32,+16,+37.87361,-109.75479,00.9,09,038,3,2022-09-01
040033,22,244,04,00,30,+20,+37.87366,-109.75485,01.1,07,039,3,2022-09-01
040033,22,244,10,00,58,+30,+37.87120,-109.75379,01.2,08,049,3,2022-09-01
040033,22,244,12,00,60,+33,+37.87001,-109.75298,01.0,07,038,3,2022-09-01
040033,22,244,14,00,90,+32,+37.87355,-109.75426,01.0,06,038,3,2022-09-01
040033,22,244,16,00,76,+33,+37.87186,-109.75178,01.2,05,038,3,2022-09-01
040033,22,244,20,00,88,+22,+37.86840,-109.75079,01.0,06,038,3,2022-09-01
040033,22,245,00,00,32,+16,+37.86753,-109.75148,00.8,10,038,3,2022-09-02
040033,22,245,02,00,24,+17,+37.86754,-109.75148,00.7,10,038,3,2022-09-02
040033,22,245,04,00,34,+22,+37.86788,-109.75209,00.8,10,038,3,2022-09-02
040033,22,245,06,00,38,+18,+37.86819,-109.75186,01.0,09,038,3,2022-09-02
040033,22,245,08,00,90,+27,+37.86745,-109.75157,01.1,08,038,3,2022-09-02
040033,22,245,10,00,46,+29,+37.86630,-109.75027,01.3,08,038,3,2022-09-02
040033,22,245,16,00,88,+33,+37.86217,-109.74999,01.1,06,038,3,2022-09-02
040033,22,245,18,00,74,+26,+37.86899,-109.75022,01.1,06,038,3,2022-09-02
040033,22,245,20,00,98,+23,+37.86977,-109.75345,01.0,06,038,3,2022-09-02
040033,22,246,00,00,34,+18,+37.86997,-109.75727,01.1,06,038,3,2022-09-03
040033,22,246,02,00,28,+18,+37.87002,-109.75704,00.9,09,038,3,2022-09-03
040033,22,246,04,00,18,+18,+37.87000,-109.75687,00.9,08,038,3,2022-09-03
040033,22,246,06,00,26,+18,+37.86962,-109.75723,02.3,06,038,3,2022-09-03
040033,22,246,10,00,98,+29,+37.86496,-109.76219,02.0,05,038,3,2022-09-03
040033,22,246,14,00,96,+32,+37.86333,-109.76162,01.0,06,038,3,2022-09-03
040033,22,246,16,00,96,+28,+37.86405,-109.76328,01.1,06,038,3,2022-09-03
040033,22,246,18,00,76,+25,+37.86170,-109.76202,01.1,06,038,3,2022-09-03
040033,22,246,20,00,88,+20,+37.86228,-109.76029,01.0,06,038,3,2022-09-03
040033,22,247,00,00,68,+19,+37.86308,-109.76085,01.0,07,038,3,2022-09-04
040033,22,247,02,00,34,+19,+37.86294,-109.76087,00.8,08,038,3,2022-09-04
040033,22,247,04,00,32,+17,+37.86294,-109.76082,00.9,08,040,3,2022-09-04
040033,22,247,06,00,60,+16,+37.86222,-109.76000,01.8,06,038,3,2022-09-04
040033,22,247,10,00,58,+25,+37.86219,-109.75868,01.1,09,038,3,2022-09-04
040033,22,247,14,00,88,+33,+37.86259,-109.76280,00.9,06,038,3,2022-09-04
040033,22,247,20,00,74,+26,+37.86528,-109.76219,01.5,05,037,3,2022-09-04
040033,22,248,00,00,40,+24,+37.86236,-109.76193,01.0,08,038,3,2022-09-05
040033,22,248,02,00,30,+20,+37.86228,-109.76198,00.8,09,038,3,2022-09-05
040033,22,248,04,00,22,+21,+37.86215,-109.76192,00.8,10,038,3,2022-09-05
040033,22,248,06,00,34,+23,+37.86286,-109.76204,01.0,09,038,3,2022-09-05
040033,22,248,08,00,92,+25,+37.86538,-109.76047,01.1,09,040,3,2022-09-05
040033,22,248,10,00,88,+38,+37.86640,-109.76047,01.1,09,040,3,2022-09-05
040033,22,248,12,00,30,+32,+37.86671,-109.76029,01.2,06,040,3,2022-09-05
040033,22,248,14,00,66,+37,+37.86800,-109.76081,01.2,06,038,3,2022-09-05
040033,22,248,22,00,96,+16,+37.86119,-109.75121,01.2,06,039,3,2022-09-05
040033,22,249,00,00,60,+17,+37.86205,-109.75305,00.9,08,039,3,2022-09-06
040033,22,249,02,00,30,+16,+37.86213,-109.75303,00.8,09,038,3,2022-09-06
040033,22,249,04,00,26,+18,+37.86210,-109.75286,00.8,09,040,3,2022-09-06
040033,22,249,06,00,20,+16,+37.86191,-109.75312,00.8,10,038,3,2022-09-06
040033,22,249,08,00,60,+23,+37.86266,-109.74512,00.8,10,038,3,2022-09-06
040033,22,249,10,00,70,+29,+37.86639,-109.74498,01.0,09,040,3,2022-09-06
040033,22,249,12,00,30,+33,+37.86568,-109.74497,01.1,06,038,3,2022-09-06
040033,22,249,16,00,94,+37,+37.86289,-109.74774,01.7,06,038,3,2022-09-06
040033,22,249,18,00,96,+29,+37.86677,-109.75092,01.2,06,039,3,2022-09-06
040033,22,249,20,00,94,+21,+37.86790,-109.75248,01.0,06,038,3,2022-09-06
040033,22,249,22,00,46,+22,+37.86718,-109.75045,01.2,06,038,3,2022-09-06
040033,22,250,00,00,74,+19,+37.86686,-109.74919,01.0,08,039,3,2022-09-07
040033,22,250,02,00,32,+20,+37.86693,-109.74945,00.8,09,038,3,2022-09-07
040033,22,250,04,00,20,+21,+37.86699,-109.74905,01.0,07,038,3,2022-09-07
040033,22,250,06,00,26,+20,+37.86732,-109.74941,01.0,09,038,3,2022-09-07
040033,22,250,08,00,94,+27,+37.87136,-109.74937,01.1,09,038,3,2022-09-07
040033,22,250,10,00,30,+27,+37.87144,-109.74871,01.1,08,040,3,2022-09-07
040033,22,250,12,00,24,+31,+37.87146,-109.74872,01.2,06,039,3,2022-09-07
040033,22,250,16,00,96,+33,+37.86177,-109.75159,01.0,06,038,3,2022-09-07
040033,22,250,18,00,92,+30,+37.86291,-109.74998,01.2,06,038,3,2022-09-07
040033,22,250,20,00,84,+25,+37.86311,-109.74845,01.0,07,040,3,2022-09-07
040033,22,250,22,00,74,+17,+37.86305,-109.74760,01.2,06,040,3,2022-09-07
040033,22,251,00,00,26,+16,+37.86316,-109.74765,01.1,08,039,3,2022-09-08
040033,22,251,02,00,28,+16,+37.86331,-109.74788,00.8,09,038,3,2022-09-08
040033,22,251,04,00,20,+23,+37.86302,-109.74806,01.0,07,038,3,2022-09-08
040033,22,251,08,00,86,+30,+37.87433,-109.75059,00.9,09,038,3,2022-09-08
040033,22,251,12,00,92,+29,+37.84793,-109.73051,01.3,05,037,3,2022-09-08
040033,22,251,16,00,86,+30,+37.83723,-109.69698,01.6,06,038,3,2022-09-08
040033,22,251,18,00,72,+23,+37.83612,-109.69754,01.0,06,038,3,2022-09-08
040033,22,252,00,00,70,+14,+37.88569,-109.68347,01.0,06,038,3,2022-09-09
040033,22,252,02,00,64,+18,+37.88978,-109.68252,00.9,08,038,3,2022-09-09
040033,22,252,04,00,26,+17,+37.88975,-109.68257,00.9,09,038,3,2022-09-09
040033,22,252,06,00,22,+14,+37.88836,-109.68193,01.5,06,038,3,2022-09-09
040033,22,252,08,00,62,+25,+37.89616,-109.67472,00.9,09,038,3,2022-09-09
040033,22,252,10,00,16,+26,+37.89614,-109.67468,01.0,09,038,3,2022-09-09
040033,22,252,12,00,18,+29,+37.89627,-109.67460,01.1,06,038,3,2022-09-09
040033,22,252,16,00,62,+28,+37.89287,-109.67720,01.0,07,038,3,2022-09-09
040033,22,252,18,00,84,+23,+37.86309,-109.68731,01.2,06,043,3,2022-09-09
040033,22,253,02,01,72,+15,+37.83607,-109.70276,01.1,07,051,3,2022-09-10
040033,22,253,04,00,22,+16,+37.83577,-109.70269,01.2,07,038,3,2022-09-10
040033,22,253,06,00,48,+16,+37.83582,-109.70246,01.5,07,038,3,2022-09-10
040033,22,253,10,00,60,+24,+37.83892,-109.70185,01.4,06,053,3,2022-09-10
040033,22,253,14,00,56,+32,+37.83973,-109.70275,02.0,05,038,3,2022-09-10
040033,22,253,16,00,20,+29,+37.83983,-109.70288,01.0,07,058,3,2022-09-10
040033,22,255,03,13,90,+12,+37.83583,-109.70331,01.2,06,048,3,2022-09-12
040033,22,255,04,00,48,+12,+37.83613,-109.70354,01.3,07,038,3,2022-09-12
040033,22,255,06,00,28,+11,+37.83599,-109.70346,01.2,08,040,3,2022-09-12
040033,22,255,08,00,82,+14,+37.83483,-109.70398,01.1,07,040,3,2022-09-12
040033,22,255,12,00,36,+29,+37.83798,-109.70182,01.5,05,038,3,2022-09-12
040033,22,255,16,00,60,+21,+37.83799,-109.70299,01.0,06,038,3,2022-09-12
040033,22,255,18,00,78,+20,+37.83590,-109.70279,01.3,05,043,3,2022-09-12
040033,22,256,00,00,36,+20,+37.83565,-109.70341,02.0,06,038,3,2022-09-13
040033,22,256,02,00,76,+17,+37.83593,-109.70355,01.0,06,038,3,2022-09-13
040033,22,256,04,00,30,+20,+37.83596,-109.70245,01.5,06,038,3,2022-09-13
040033,22,256,06,00,20,+17,+37.83651,-109.70314,01.1,08,040,3,2022-09-13
040033,22,256,10,00,54,+21,+37.83897,-109.70283,01.0,07,038,3,2022-09-13
040033,22,256,12,00,66,+21,+37.83815,-109.70272,01.5,05,038,3,2022-09-13
040033,22,257,00,00,32,+14,+37.83569,-109.70406,01.4,07,039,3,2022-09-14
040033,22,257,02,00,48,+15,+37.83729,-109.70310,01.0,07,038,3,2022-09-14
040033,22,257,04,00,26,+16,+37.83732,-109.70306,01.0,08,038,3,2022-09-14
040033,22,257,06,00,14,+13,+37.83709,-109.70326,01.1,08,038,3,2022-09-14
040033,22,257,08,00,76,+15,+37.83679,-109.70306,00.8,09,038,3,2022-09-14
040033,22,257,10,00,68,+16,+37.83796,-109.70293,00.9,08,040,3,2022-09-14
040033,22,257,12,00,52,+15,+37.83661,-109.70304,01.5,05,038,3,2022-09-14
040033,22,257,16,01,98,+19,+37.82925,-109.70378,01.5,06,060,2,2022-09-14
040033,22,257,22,00,32,+14,+37.83169,-109.70413,01.3,05,038,3,2022-09-14
040033,22,258,00,00,40,+15,+37.83185,-109.70527,00.9,09,041,3,2022-09-15
040033,22,258,02,00,22,+15,+37.83195,-109.70526,01.0,07,040,3,2022-09-15
040033,22,258,04,00,36,+16,+37.83186,-109.70518,01.0,08,039,3,2022-09-15
040033,22,258,06,00,26,+13,+37.83164,-109.70520,01.1,08,040,3,2022-09-15
040033,22,258,08,00,82,+13,+37.83372,-109.70439,02.7,06,038,3,2022-09-15
040033,22,258,10,00,88,+23,+37.82926,-109.70341,01.0,07,039,3,2022-09-15
040033,22,258,12,00,48,+24,+37.82946,-109.70343,01.5,05,038,3,2022-09-15
040033,22,258,20,00,94,+13,+37.82574,-109.70943,01.8,06,038,3,2022-09-15
040033,22,258,22,00,38,+15,+37.82608,-109.70909,01.3,05,038,3,2022-09-15
040033,22,259,00,00,64,+11,+37.82636,-109.70886,01.1,08,038,3,2022-09-16
040033,22,259,06,00,36,+10,+37.82726,-109.70780,01.6,06,038,3,2022-09-16
040033,22,259,10,00,86,+21,+37.82992,-109.70752,01.1,06,038,3,2022-09-16
040033,22,259,12,00,36,+25,+37.83260,-109.70594,01.5,05,038,3,2022-09-16
040033,22,259,16,00,54,+26,+37.83269,-109.70714,01.6,06,046,3,2022-09-16
040033,22,259,20,00,90,+14,+37.83310,-109.71422,01.8,06,039,3,2022-09-16
040033,22,259,22,00,36,+12,+37.83221,-109.71437,01.7,04,038,3,2022-09-16
040033,22,260,00,00,44,+11,+37.83279,-109.71527,00.9,09,038,3,2022-09-17
040033,22,260,02,00,68,+13,+37.83269,-109.71468,01.3,06,039,3,2022-09-17
040033,22,260,04,00,26,+13,+37.83288,-109.71492,01.1,08,041,3,2022-09-17
040033,22,260,06,00,20,+10,+37.83275,-109.71473,01.1,08,039,3,2022-09-17
040033,22,260,08,00,78,+15,+37.83255,-109.70482,01.0,08,058,3,2022-09-17
040033,22,260,12,00,70,+25,+37.83517,-109.70453,01.5,05,038,3,2022-09-17
040033,22,260,16,00,94,+23,+37.83721,-109.70346,01.0,07,038,3,2022-09-17
040033,22,260,18,00,84,+18,+37.83663,-109.70848,01.4,05,038,3,2022-09-17
040033,22,260,22,00,32,+17,+37.83732,-109.71628,01.7,06,038,3,2022-09-17
040033,22,261,00,00,30,+19,+37.83728,-109.71649,00.9,09,038,3,2022-09-18
040033,22,261,02,00,88,+14,+37.83843,-109.71502,00.7,11,038,3,2022-09-18
040033,22,261,04,00,30,+14,+37.83840,-109.71512,00.9,09,038,3,2022-09-18
040033,22,261,06,00,16,+13,+37.83860,-109.71527,01.8,06,038,3,2022-09-18
040033,22,261,08,00,82,+19,+37.83821,-109.71519,00.9,08,038,3,2022-09-18
040033,22,261,10,00,94,+22,+37.83787,-109.71426,01.0,08,039,3,2022-09-18
040033,22,261,12,00,64,+24,+37.83771,-109.71260,01.0,06,038,3,2022-09-18
040033,22,261,14,00,64,+29,+37.83921,-109.71131,02.9,06,038,3,2022-09-18
040033,22,261,16,00,74,+24,+37.83902,-109.71221,00.9,08,038,3,2022-09-18
040033,22,261,18,00,92,+20,+37.83803,-109.71508,01.3,06,038,3,2022-09-18
040033,22,261,22,00,70,+19,+37.83793,-109.71733,00.8,09,038,3,2022-09-18
040033,22,262,00,00,28,+19,+37.83763,-109.71760,01.0,08,038,3,2022-09-19
040033,22,262,02,00,22,+16,+37.83733,-109.71815,00.8,08,040,3,2022-09-19
040033,22,262,04,00,34,+13,+37.83771,-109.71752,01.1,08,038,3,2022-09-19
040033,22,262,06,00,32,+13,+37.83816,-109.71687,01.3,08,038,3,2022-09-19
040033,22,262,08,00,96,+22,+37.83786,-109.71620,01.0,08,038,3,2022-09-19
040033,22,262,10,00,80,+23,+37.83922,-109.71067,00.7,11,038,3,2022-09-19
040033,22,262,12,00,20,+31,+37.83936,-109.71048,01.0,06,038,3,2022-09-19
040033,22,262,16,00,60,+26,+37.83775,-109.71412,00.9,08,038,3,2022-09-19
040033,22,262,18,00,94,+21,+37.83553,-109.71445,01.5,04,038,3,2022-09-19
040033,22,262,20,00,84,+14,+37.83510,-109.71548,01.8,06,038,3,2022-09-19
040033,22,263,00,00,34,+14,+37.83569,-109.71731,00.9,09,038,3,2022-09-20
040033,22,263,02,00,28,+16,+37.83580,-109.71725,00.7,10,038,3,2022-09-20
040033,22,263,04,00,38,+16,+37.83596,-109.71725,00.9,09,038,3,2022-09-20
040033,22,263,06,00,22,+15,+37.83613,-109.71733,01.0,09,040,3,2022-09-20
040033,22,263,08,00,84,+16,+37.83584,-109.71043,01.3,07,038,3,2022-09-20
040033,22,263,10,00,70,+14,+37.83827,-109.71460,00.7,11,038,3,2022-09-20
040033,22,263,12,00,98,+20,+37.83804,-109.71182,01.0,06,038,3,2022-09-20
040033,22,263,14,00,38,+20,+37.83817,-109.71239,02.8,06,040,3,2022-09-20
040033,22,263,16,00,86,+17,+37.83699,-109.71157,00.9,08,038,3,2022-09-20
040033,22,263,18,00,98,+15,+37.83939,-109.71100,01.1,07,038,3,2022-09-20
040033,22,263,20,00,80,+15,+37.83869,-109.71328,01.1,06,038,3,2022-09-20
040033,22,263,22,00,26,+15,+37.83827,-109.71334,00.7,10,038,3,2022-09-20
040033,22,264,00,00,30,+16,+37.83861,-109.71365,00.9,09,038,3,2022-09-21
040033,22,264,02,00,54,+15,+37.83806,-109.71575,00.7,10,040,3,2022-09-21
040033,22,264,04,00,82,+15,+37.83863,-109.71601,00.8,10,040,3,2022-09-21
040033,22,264,06,00,30,+15,+37.83857,-109.71598,01.0,09,039,3,2022-09-21
040033,22,264,08,00,92,+15,+37.83987,-109.71300,00.8,10,038,3,2022-09-21
040033,22,264,10,00,74,+14,+37.83984,-109.71201,00.7,10,038,3,2022-09-21
040033,22,264,12,00,28,+20,+37.83983,-109.71218,01.5,05,038,3,2022-09-21
040033,22,264,14,00,86,+17,+37.84202,-109.71366,02.2,06,050,3,2022-09-21
040033,22,264,16,00,70,+18,+37.83836,-109.71237,01.7,05,038,3,2022-09-21
040033,22,264,18,00,98,+15,+37.83684,-109.71401,01.3,06,038,3,2022-09-21
040033,22,264,20,00,74,+15,+37.83832,-109.71501,01.3,06,040,3,2022-09-21
040033,22,264,22,00,38,+17,+37.83825,-109.71508,00.8,09,039,3,2022-09-21
040033,22,265,00,00,20,+16,+37.83854,-109.71534,00.9,09,038,3,2022-09-22
040033,22,265,02,00,26,+14,+37.83863,-109.71504,01.0,08,038,3,2022-09-22
040033,22,265,04,00,26,+15,+37.83857,-109.71514,00.9,08,039,3,2022-09-22
040033,22,265,06,00,20,+14,+37.83902,-109.71508,01.0,09,040,3,2022-09-22
040033,22,265,14,00,38,+23,+37.83520,-109.71252,02.2,06,038,3,2022-09-22
040033,22,265,16,00,92,+21,+37.83676,-109.71706,01.1,06,038,3,2022-09-22
040033,22,265,18,00,84,+18,+37.83681,-109.71439,01.4,05,038,3,2022-09-22
040033,22,265,20,00,80,+15,+37.83726,-109.71389,01.1,07,038,3,2022-09-22
040033,22,265,22,00,32,+15,+37.83716,-109.71380,01.5,06,038,3,2022-09-22
040033,22,266,00,00,24,+20,+37.83708,-109.71384,00.9,09,040,3,2022-09-23
040033,22,266,02,00,28,+14,+37.83747,-109.71380,00.9,07,039,3,2022-09-23
040033,22,266,04,00,52,+14,+37.83734,-109.71375,00.9,09,038,3,2022-09-23
040033,22,266,06,00,32,+15,+37.83752,-109.71382,01.6,06,038,3,2022-09-23
040033,22,266,10,00,74,+20,+37.83633,-109.71416,00.7,09,038,3,2022-09-23
040033,22,266,12,00,24,+20,+37.83623,-109.71412,01.0,06,040,3,2022-09-23
040033,22,266,14,00,82,+25,+37.83674,-109.71355,02.6,06,038,3,2022-09-23
040033,22,266,16,00,90,+26,+37.83726,-109.71260,00.9,08,038,3,2022-09-23
040033,22,266,18,00,82,+19,+37.83826,-109.71208,01.1,06,038,3,2022-09-23
040033,22,266,20,00,76,+14,+37.83827,-109.71239,01.1,07,038,3,2022-09-23
040033,22,266,22,00,34,+12,+37.83787,-109.71249,01.0,08,041,3,2022-09-23
040033,22,267,00,00,40,+13,+37.83828,-109.71206,01.0,08,059,3,2022-09-24
040033,22,267,02,00,80,+10,+37.83817,-109.71258,00.9,07,038,3,2022-09-24
040033,22,267,04,00,26,+09,+37.83819,-109.71260,00.8,11,038,3,2022-09-24
040033,22,267,06,00,24,+11,+37.83804,-109.71228,01.2,08,038,3,2022-09-24
040033,22,267,08,00,88,+19,+37.83914,-109.71092,00.8,10,038,3,2022-09-24
040033,22,267,10,00,70,+21,+37.83855,-109.71035,00.8,08,040,3,2022-09-24
040033,22,267,12,00,20,+23,+37.83873,-109.71035,01.1,05,039,3,2022-09-24
040033,22,267,14,00,62,+27,+37.83869,-109.71151,02.0,07,038,3,2022-09-24
040033,22,267,16,00,98,+25,+37.83783,-109.71502,01.1,07,038,3,2022-09-24
040033,22,267,18,00,78,+18,+37.83827,-109.70326,01.3,05,038,3,2022-09-24
040033,22,268,02,00,64,+13,+37.83703,-109.71492,01.0,07,038,3,2022-09-25
040033,22,268,04,00,44,+12,+37.83768,-109.71546,00.8,10,038,3,2022-09-25
040033,22,268,06,00,32,+12,+37.83786,-109.71588,01.0,09,038,3,2022-09-25
040033,22,268,08,00,76,+17,+37.83811,-109.71743,00.8,10,038,3,2022-09-25
040033,22,268,10,00,74,+21,+37.83786,-109.71730,00.7,09,038,3,2022-09-25
040033,22,268,12,00,20,+29,+37.83768,-109.71731,01.0,06,040,3,2022-09-25
040033,22,268,14,00,94,+30,+37.83578,-109.71096,02.2,06,038,3,2022-09-25
040033,22,268,16,00,40,+35,+37.83848,-109.70365,01.2,06,038,3,2022-09-25
040033,22,268,20,00,88,+12,+37.83449,-109.71562,01.8,06,046,3,2022-09-25
040033,22,268,22,00,72,+15,+37.83926,-109.71652,01.4,05,040,3,2022-09-25
040033,22,269,00,00,32,+14,+37.83893,-109.71552,00.9,09,038,3,2022-09-26
040033,22,269,04,00,82,+16,+37.83882,-109.71567,00.9,09,038,3,2022-09-26
040033,22,269,06,00,32,+17,+37.83887,-109.71588,01.3,08,040,3,2022-09-26
040033,22,269,08,00,68,+14,+37.84019,-109.71778,02.0,07,038,3,2022-09-26
040033,22,269,10,00,90,+24,+37.84033,-109.71806,01.0,06,040,3,2022-09-26
040033,22,269,14,00,84,+27,+37.83967,-109.71907,03.2,06,038,3,2022-09-26
040033,22,269,16,00,60,+26,+37.83870,-109.71913,01.3,07,040,3,2022-09-26
040033,22,269,18,00,92,+18,+37.83922,-109.71889,01.1,06,060,2,2022-09-26
040033,22,269,20,00,56,+12,+37.83967,-109.71802,01.3,06,039,3,2022-09-26
040033,22,269,22,00,30,+10,+37.83946,-109.71844,01.0,07,040,3,2022-09-26
040033,22,270,00,00,32,+10,+37.83966,-109.71802,00.9,09,038,3,2022-09-27
040033,22,270,02,00,32,+12,+37.83973,-109.71794,01.3,06,038,3,2022-09-27
040033,22,270,04,00,42,+10,+37.83976,-109.71852,00.9,09,040,3,2022-09-27
040033,22,270,06,00,10,+09,+37.83970,-109.71805,01.1,08,039,3,2022-09-27
040033,22,270,10,00,62,+23,+37.83967,-109.71901,00.9,08,038,3,2022-09-27
040033,22,270,12,00,16,+22,+37.84006,-109.71936,01.4,05,040,3,2022-09-27
040033,22,270,14,00,80,+22,+37.83691,-109.70742,02.2,06,039,3,2022-09-27
040033,22,270,16,00,64,+25,+37.83540,-109.71477,01.2,07,038,3,2022-09-27
040033,22,270,18,00,96,+18,+37.83769,-109.71855,01.2,05,038,3,2022-09-27
040033,22,270,20,00,94,+15,+37.83787,-109.71752,01.4,05,040,3,2022-09-27
040033,22,270,22,00,32,+24,+37.83817,-109.71765,01.0,08,039,3,2022-09-27
040033,22,271,00,00,26,+15,+37.83813,-109.71762,00.7,11,038,3,2022-09-28
040033,22,271,02,00,24,+17,+37.83829,-109.71764,00.9,08,040,3,2022-09-28
040033,22,271,04,00,26,+13,+37.83816,-109.71762,00.8,10,038,3,2022-09-28
040033,22,271,06,00,14,+17,+37.83832,-109.71769,01.1,09,038,3,2022-09-28
040033,22,271,08,00,14,+18,+37.83969,-109.71585,00.9,09,038,3,2022-09-28
040033,22,271,10,00,46,+19,+37.83946,-109.71592,00.8,08,038,3,2022-09-28
040033,22,271,14,00,74,+25,+37.83909,-109.71905,03.0,05,038,3,2022-09-28
040033,22,271,18,00,96,+16,+37.83873,-109.72064,01.0,06,038,3,2022-09-28
040033,22,271,20,00,54,+14,+37.83885,-109.72025,01.7,05,038,3,2022-09-28
040033,22,272,00,00,62,+15,+37.83872,-109.72048,01.5,06,038,3,2022-09-29
040033,22,272,02,00,48,+12,+37.83859,-109.72004,01.1,07,038,3,2022-09-29
040033,22,272,04,00,52,+10,+37.83840,-109.71971,01.1,08,038,3,2022-09-29
040033,22,272,06,00,18,+10,+37.83829,-109.71901,00.9,09,038,3,2022-09-29
040033,22,272,08,00,78,+16,+37.84006,-109.71775,01.6,06,042,3,2022-09-29
040033,22,272,14,00,86,+23,+37.84103,-109.71752,03.3,05,049,3,2022-09-29
040033,22,272,18,00,94,+17,+37.83555,-109.71166,01.0,06,038,3,2022-09-29
040033,22,273,00,00,18,+10,+37.83829,-109.70349,00.9,07,038,3,2022-09-30
040033,22,273,02,00,34,+15,+37.83813,-109.70468,01.1,07,040,3,2022-09-30
040033,22,273,04,00,14,+11,+37.83800,-109.70497,01.2,08,038,3,2022-09-30
040033,22,273,06,00,18,+12,+37.83817,-109.70491,01.1,08,038,3,2022-09-30
040033,22,273,08,00,64,+19,+37.83927,-109.71630,01.4,07,038,3,2022-09-30
040033,22,273,10,00,30,+22,+37.83962,-109.71601,01.0,06,038,3,2022-09-30
040033,22,273,12,00,22,+24,+37.83964,-109.71632,01.0,06,039,3,2022-09-30
040033,22,273,14,00,78,+20,+37.83899,-109.72030,02.1,05,038,3,2022-09-30
040033,22,273,18,00,98,+12,+37.83884,-109.71929,01.0,06,038,3,2022-09-30
040033,22,273,22,00,52,+10,+37.83975,-109.71887,01.2,07,038,3,2022-09-30
040033,22,274,00,00,40,+11,+37.83976,-109.71897,01.1,08,038,3,2022-10-01
040033,22,274,02,00,24,+10,+37.83972,-109.71884,01.2,06,040,3,2022-10-01
040033,22,274,04,00,22,+12,+37.83949,-109.71859,00.9,09,038,3,2022-10-01
040033,22,274,06,00,20,+14,+37.83996,-109.71901,01.1,09,038,3,2022-10-01
040033,22,274,08,00,76,+12,+37.84021,-109.71829,01.6,06,038,3,2022-10-01
040033,22,274,12,00,30,+18,+37.84317,-109.71859,01.2,05,039,3,2022-10-01
040033,22,274,14,00,22,+20,+37.84223,-109.71971,01.1,06,038,3,2022-10-01
040033,22,274,18,00,86,+15,+37.85331,-109.72103,01.0,06,038,3,2022-10-01
040033,22,274,22,00,52,+13,+37.84366,-109.72306,00.9,08,038,3,2022-10-01
040033,22,275,00,00,36,+11,+37.84416,-109.72296,00.9,09,039,3,2022-10-02
040033,22,275,02,00,50,+13,+37.84395,-109.72293,01.0,07,038,3,2022-10-02
040033,22,275,04,00,22,+12,+37.84404,-109.72316,01.2,08,038,3,2022-10-02
040033,22,275,06,00,20,+11,+37.84389,-109.72328,00.9,10,038,3,2022-10-02
040033,22,275,08,00,78,+11,+37.84133,-109.72437,01.2,08,038,3,2022-10-02
040033,22,275,10,00,92,+11,+37.84702,-109.72068,01.0,06,040,3,2022-10-02
040033,22,275,12,00,20,+20,+37.84704,-109.72059,01.0,06,038,3,2022-10-02
040033,22,275,14,00,90,+20,+37.84784,-109.72068,01.1,06,051,3,2022-10-02
040033,22,275,16,00,56,+18,+37.85169,-109.71889,01.1,07,038,3,2022-10-02
040033,22,276,00,00,58,+09,+37.85305,-109.72252,00.7,11,045,3,2022-10-03
040033,22,276,04,00,24,+09,+37.85286,-109.72252,01.3,07,038,3,2022-10-03
040033,22,276,06,00,18,+13,+37.85297,-109.72256,01.2,07,039,3,2022-10-03
040033,22,276,10,01,96,+15,+37.85364,-109.72299,00.8,08,059,3,2022-10-03
040033,22,276,12,00,42,+10,+37.85030,-109.72122,01.0,07,038,3,2022-10-03
040033,22,276,14,00,42,+21,+37.85087,-109.72010,01.2,06,040,3,2022-10-03
040033,22,276,18,01,98,+13,+37.84730,-109.72111,01.9,04,059,3,2022-10-03
040033,22,276,20,00,72,+11,+37.84862,-109.72042,01.3,06,040,3,2022-10-03
040033,22,276,22,00,26,+10,+37.84840,-109.72055,01.7,06,038,3,2022-10-03
040033,22,277,00,00,84,+12,+37.84768,-109.72133,01.0,07,038,3,2022-10-04
040033,22,277,02,00,34,+10,+37.84777,-109.72133,01.0,07,040,3,2022-10-04
040033,22,277,04,00,30,+12,+37.84767,-109.72107,00.8,10,038,3,2022-10-04
040033,22,277,06,00,18,+14,+37.84771,-109.72122,00.7,11,038,3,2022-10-04
040033,22,277,08,00,72,+14,+37.84992,-109.72039,01.3,07,038,3,2022-10-04
040033,22,277,10,00,54,+22,+37.85127,-109.71984,00.8,08,038,3,2022-10-04
040033,22,277,12,00,86,+21,+37.85346,-109.71894,01.4,07,038,3,2022-10-04
040033,22,277,14,00,88,+18,+37.85486,-109.71817,01.5,05,038,3,2022-10-04
040033,22,277,18,00,92,+13,+37.85409,-109.71993,01.2,05,038,3,2022-10-04
040033,22,277,20,00,38,+13,+37.85528,-109.72026,00.9,09,040,3,2022-10-04
040033,22,278,00,00,26,+12,+37.85535,-109.72040,00.8,09,038,3,2022-10-05
040033,22,278,02,00,18,+12,+37.85513,-109.72054,00.9,08,038,3,2022-10-05
040033,22,278,10,00,68,+17,+37.85432,-109.72064,02.2,04,045,3,2022-10-05
040033,22,278,12,00,14,+20,+37.85339,-109.72128,01.1,05,039,3,2022-10-05
040033,22,278,14,00,32,+20,+37.85079,-109.72153,01.3,06,038,3,2022-10-05
040033,22,278,16,00,62,+17,+37.85453,-109.72029,02.4,04,042,3,2022-10-05
040033,22,279,00,00,82,+10,+37.83584,-109.71531,00.9,08,039,3,2022-10-06
040033,22,279,02,00,86,+13,+37.83717,-109.71674,01.1,07,038,3,2022-10-06
040033,22,279,04,00,34,+12,+37.83729,-109.71730,01.0,09,038,3,2022-10-06
040033,22,279,06,00,26,+10,+37.83728,-109.71726,00.9,09,038,3,2022-10-06
040033,22,279,08,00,70,+10,+37.83832,-109.72006,01.8,06,038,3,2022-10-06
040033,22,279,12,00,44,+21,+37.83887,-109.72057,01.1,07,053,3,2022-10-06
040033,22,279,14,00,48,+24,+37.83832,-109.71939,01.2,07,038,3,2022-10-06
040033,22,279,20,00,52,+09,+37.83974,-109.71899,01.0,07,048,3,2022-10-06
040033,22,279,22,00,30,+08,+37.83982,-109.71895,01.0,08,038,3,2022-10-06
040033,22,280,00,00,60,+08,+37.83897,-109.71875,00.8,09,038,3,2022-10-07
040033,22,280,04,00,32,+08,+37.83967,-109.71899,01.1,08,038,3,2022-10-07
040033,22,280,06,00,22,+07,+37.83962,-109.71858,00.9,09,038,3,2022-10-07
040033,22,280,10,00,84,+20,+37.83990,-109.71740,01.0,08,038,3,2022-10-07
040033,22,280,12,00,44,+27,+37.83996,-109.71805,01.0,08,039,3,2022-10-07
040033,22,280,16,00,84,+17,+37.84206,-109.72135,01.0,07,038,3,2022-10-07
040033,22,281,00,01,92,+09,+37.84164,-109.71962,00.9,08,050,3,2022-10-08
040033,22,281,04,00,54,+07,+37.84159,-109.72031,01.0,09,038,3,2022-10-08
040033,22,281,06,00,34,+08,+37.84162,-109.72032,00.7,11,038,3,2022-10-08
040033,22,281,08,00,18,+13,+37.84147,-109.72031,01.1,08,038,3,2022-10-08
040033,22,281,10,00,76,+16,+37.84040,-109.72039,00.9,08,038,3,2022-10-08
040033,22,281,12,00,22,+19,+37.84050,-109.72052,00.9,09,038,3,2022-10-08
040033,22,281,14,00,42,+10,+37.83985,-109.72194,00.9,09,038,3,2022-10-08
040033,22,281,22,00,82,+12,+37.84392,-109.72405,00.9,08,038,3,2022-10-08
040033,22,282,00,00,88,+11,+37.84402,-109.72325,00.9,09,039,3,2022-10-09
040033,22,282,02,00,32,+10,+37.84381,-109.72321,01.0,08,038,3,2022-10-09
040033,22,282,04,00,22,+10,+37.84387,-109.72339,01.1,08,038,3,2022-10-09
040033,22,282,06,00,14,+10,+37.84393,-109.72341,00.7,11,038,3,2022-10-09
040033,22,282,10,00,82,+20,+37.84379,-109.71872,00.8,09,038,3,2022-10-09
040033,22,282,12,00,20,+21,+37.84390,-109.71886,00.8,10,040,3,2022-10-09
040033,22,282,14,00,78,+15,+37.84416,-109.71933,00.9,09,038,3,2022-10-09
040033,22,282,16,00,96,+19,+37.84432,-109.71904,01.0,06,046,3,2022-10-09
040033,22,282,20,00,50,+10,+37.84626,-109.71784,01.1,07,038,3,2022-10-09
040033,22,282,22,00,30,+12,+37.84622,-109.71778,00.9,09,038,3,2022-10-09
040033,22,283,00,00,28,+08,+37.84651,-109.71779,00.8,10,038,3,2022-10-10
040033,22,283,02,00,86,+09,+37.84700,-109.71823,00.9,09,038,3,2022-10-10
040033,22,283,04,00,30,+08,+37.84694,-109.71828,01.0,09,038,3,2022-10-10
040033,22,283,06,00,28,+10,+37.84691,-109.71813,00.9,10,038,3,2022-10-10
040033,22,283,08,00,86,+19,+37.84827,-109.71540,00.9,09,038,3,2022-10-10
040033,22,283,10,00,64,+20,+37.84801,-109.71611,00.8,09,038,3,2022-10-10
040033,22,283,12,00,14,+20,+37.84800,-109.71594,00.8,10,038,3,2022-10-10
040033,22,283,14,00,60,+19,+37.84911,-109.71820,01.1,08,038,3,2022-10-10
040033,22,283,18,00,98,+10,+37.85966,-109.69881,01.5,06,038,3,2022-10-10
040033,22,283,20,00,90,+07,+37.85746,-109.69891,01.0,07,040,3,2022-10-10
040033,22,283,22,00,80,+07,+37.85768,-109.69998,01.3,07,038,3,2022-10-10
040033,22,284,04,00,44,+13,+37.85931,-109.70201,01.1,08,038,3,2022-10-11
040033,22,284,08,00,70,+15,+37.87190,-109.70320,01.2,07,038,3,2022-10-11
040033,22,284,10,00,96,+25,+37.92364,-109.68651,00.9,07,038,3,2022-10-11
040033,22,284,14,00,88,+31,+37.96591,-109.62204,02.1,06,038,3,2022-10-11
040033,22,284,18,00,84,+16,+37.96351,-109.62203,02.0,06,038,3,2022-10-11
040033,22,284,20,00,30,+16,+37.96392,-109.62208,01.1,07,040,3,2022-10-11
040033,22,284,22,00,28,+13,+37.96353,-109.62178,01.0,07,038,3,2022-10-11
040033,22,285,00,00,96,+10,+37.96167,-109.62928,00.9,08,038,3,2022-10-12
040033,22,285,04,00,22,+11,+37.96203,-109.63014,01.3,07,038,3,2022-10-12
040033,22,285,06,00,22,+05,+37.96194,-109.62994,00.9,10,038,3,2022-10-12
040033,22,285,10,00,92,+19,+37.96369,-109.62181,01.0,08,053,3,2022-10-12
040033,22,285,12,00,26,+26,+37.96346,-109.62229,00.9,09,040,3,2022-10-12
040033,22,285,14,00,46,+26,+37.96684,-109.62017,01.9,07,038,3,2022-10-12
040033,22,285,16,00,86,+30,+37.98324,-109.60974,01.1,05,038,3,2022-10-12
040033,22,285,18,00,98,+17,+37.98191,-109.60823,02.4,06,038,3,2022-10-12
040033,22,285,20,00,64,+13,+37.98288,-109.60797,01.1,08,040,3,2022-10-12
040033,22,285,22,00,22,+11,+37.98313,-109.60804,00.8,10,038,3,2022-10-12
040033,22,286,00,00,36,+10,+37.98313,-109.60771,00.9,08,038,3,2022-10-13
040033,22,286,02,00,46,+10,+37.98310,-109.60762,00.9,08,040,3,2022-10-13
040033,22,286,04,00,20,+10,+37.98314,-109.60768,01.1,08,038,3,2022-10-13
040033,22,286,06,00,18,+09,+37.98325,-109.60735,01.0,09,038,3,2022-10-13
040033,22,286,08,00,86,+10,+37.99385,-109.59812,01.0,08,038,3,2022-10-13
040033,22,286,10,00,98,+30,+38.03550,-109.58767,01.0,08,038,3,2022-10-13
040033,22,286,12,00,74,+32,+38.04861,-109.58305,01.0,08,038,3,2022-10-13
040033,22,286,14,00,24,+28,+38.04866,-109.58298,01.4,08,039,3,2022-10-13
040033,22,286,16,00,76,+33,+38.04410,-109.58559,01.4,05,038,3,2022-10-13
040033,22,286,18,00,94,+20,+38.03913,-109.58706,01.3,07,058,3,2022-10-13
040033,22,286,20,00,76,+13,+38.03762,-109.58555,01.0,07,039,3,2022-10-13
040033,22,286,22,00,46,+12,+38.03757,-109.58531,00.9,09,040,3,2022-10-13
040033,22,287,00,00,64,+12,+38.03678,-109.58515,00.9,08,038,3,2022-10-14
040033,22,287,04,00,36,+09,+38.03861,-109.58635,01.1,08,038,3,2022-10-14
040033,22,287,06,00,36,+11,+38.03866,-109.58630,00.9,09,038,3,2022-10-14
040033,22,287,08,00,80,+19,+38.07381,-109.57630,00.9,09,038,3,2022-10-14
040033,22,287,10,00,88,+30,+38.07373,-109.56425,01.2,06,038,3,2022-10-14
040033,22,287,12,00,54,+33,+38.07341,-109.56385,01.0,08,039,3,2022-10-14
040033,22,287,14,00,42,+31,+38.07299,-109.56401,01.1,07,038,3,2022-10-14
040033,22,287,16,00,54,+28,+38.07416,-109.56333,01.2,08,038,3,2022-10-14
040033,22,287,20,00,40,+14,+38.07487,-109.56341,00.7,09,038,3,2022-10-14
040033,22,287,22,00,36,+10,+38.07410,-109.56241,01.0,08,039,3,2022-10-14
040033,22,288,00,00,66,+10,+38.07420,-109.56430,01.1,08,039,3,2022-10-15
040033,22,288,02,00,34,+16,+38.07436,-109.56329,01.7,06,038,3,2022-10-15
040033,22,288,04,00,20,+10,+38.07474,-109.56320,01.0,08,041,3,2022-10-15
040033,22,288,06,00,24,+16,+38.07462,-109.56314,00.8,09,040,3,2022-10-15
040033,22,288,08,00,74,+18,+38.07468,-109.56306,00.8,10,038,3,2022-10-15
040033,22,288,10,00,32,+30,+38.07419,-109.56401,01.1,06,040,3,2022-10-15
040033,22,288,12,00,72,+29,+38.07336,-109.56368,01.2,06,038,3,2022-10-15
040033,22,288,14,00,32,+30,+38.07352,-109.56385,00.8,09,039,3,2022-10-15
040033,22,288,16,00,74,+32,+38.07355,-109.56360,00.9,09,038,3,2022-10-15
040033,22,288,18,00,84,+18,+38.07395,-109.56485,01.3,07,038,3,2022-10-15
040033,22,288,22,00,24,+13,+38.07379,-109.56211,01.1,08,038,3,2022-10-15
040033,22,289,00,00,36,+11,+38.07374,-109.56208,01.1,08,038,3,2022-10-16
040033,22,289,02,00,52,+10,+38.07429,-109.56425,00.9,08,038,3,2022-10-16
040033,22,289,04,00,46,+10,+38.07473,-109.56299,01.2,08,041,3,2022-10-16
040033,22,289,06,00,18,+09,+38.07466,-109.56302,00.8,09,038,3,2022-10-16
040033,22,289,08,00,68,+13,+38.07478,-109.56327,00.8,10,038,3,2022-10-16
040033,22,289,10,00,16,+25,+38.07453,-109.56423,00.9,08,040,3,2022-10-16
040033,22,289,12,00,72,+25,+38.07399,-109.56493,01.5,07,038,3,2022-10-16
040033,22,289,14,00,38,+31,+38.07363,-109.56485,01.0,07,038,3,2022-10-16
040033,22,289,18,00,92,+17,+38.07460,-109.56316,01.1,07,038,3,2022-10-16
040033,22,289,20,00,42,+15,+38.07366,-109.56314,00.7,11,038,3,2022-10-16
040033,22,289,22,00,22,+17,+38.07353,-109.56320,01.0,08,040,3,2022-10-16
040033,22,290,00,00,38,+12,+38.07397,-109.56179,01.1,07,039,3,2022-10-17
040033,22,290,02,00,14,+10,+38.07395,-109.56192,00.9,08,040,3,2022-10-17
040033,22,290,04,00,18,+10,+38.07393,-109.56184,01.3,09,039,3,2022-10-17
040033,22,290,06,00,16,+09,+38.07389,-109.56299,00.9,09,038,3,2022-10-17
040033,22,290,08,00,80,+17,+38.07363,-109.56333,00.8,10,038,3,2022-10-17
040033,22,290,10,00,62,+25,+38.07445,-109.56428,00.9,09,038,3,2022-10-17
040033,22,290,14,00,92,+28,+38.07336,-109.56375,00.9,09,038,3,2022-10-17
040033,22,290,16,00,64,+25,+38.07373,-109.56482,01.1,07,038,3,2022-10-17
040033,22,290,20,00,72,+14,+38.07339,-109.56851,00.8,08,038,3,2022-10-17
040033,22,290,22,00,26,+11,+38.07323,-109.56838,01.2,07,038,3,2022-10-17
040033,22,291,00,00,44,+10,+38.07326,-109.56770,04.3,06,040,3,2022-10-18
040033,22,291,02,00,42,+08,+38.07367,-109.56728,00.9,08,038,3,2022-10-18
040033,22,291,04,00,20,+09,+38.07336,-109.56719,01.0,08,039,3,2022-10-18
040033,22,291,06,00,24,+07,+38.07359,-109.56723,00.8,10,038,3,2022-10-18
040033,22,291,08,00,40,+19,+38.07315,-109.56401,00.9,10,038,3,2022-10-18
040033,22,291,12,00,58,+30,+38.07324,-109.56378,01.0,10,038,3,2022-10-18
040033,22,291,14,00,38,+30,+38.07442,-109.56291,01.3,08,038,3,2022-10-18
040033,22,291,16,00,60,+30,+38.07331,-109.56308,01.1,07,038,3,2022-10-18
040033,22,291,20,00,52,+13,+38.07474,-109.56298,00.8,09,038,3,2022-10-18
040033,22,291,22,00,24,+10,+38.07466,-109.56295,01.0,08,038,3,2022-10-18
040033,22,292,00,00,20,+10,+38.07477,-109.56285,01.0,08,039,3,2022-10-19
040033,22,292,02,00,70,+08,+38.07482,-109.56316,01.1,08,038,3,2022-10-19
040033,22,292,04,00,18,+09,+38.07481,-109.56302,01.1,08,038,3,2022-10-19
040033,22,292,06,00,16,+06,+38.07476,-109.56295,00.9,09,040,3,2022-10-19
040033,22,292,08,00,58,+18,+38.07304,-109.56429,00.7,10,038,3,2022-10-19
040033,22,292,10,00,62,+28,+38.07332,-109.56276,01.0,07,038,3,2022-10-19
040033,22,292,12,00,66,+28,+38.07350,-109.56295,01.0,09,038,3,2022-10-19
040033,22,292,14,00,50,+30,+38.07223,-109.56282,01.6,06,038,3,2022-10-19
040033,22,292,20,00,50,+13,+38.07393,-109.56182,01.0,08,038,3,2022-10-19
040033,22,292,22,00,54,+10,+38.07376,-109.56227,00.9,09,038,3,2022-10-19
040033,22,293,00,00,50,+10,+38.07384,-109.56192,00.9,09,040,3,2022-10-20
040033,22,293,02,00,20,+09,+38.07383,-109.56175,00.9,09,038,3,2022-10-20
040033,22,293,04,00,18,+08,+38.07389,-109.56171,00.9,10,038,3,2022-10-20
040033,22,293,06,00,22,+07,+38.07383,-109.56270,00.8,09,040,3,2022-10-20
040033,22,293,08,00,72,+19,+38.07334,-109.56375,00.8,08,038,3,2022-10-20
040033,22,293,10,00,20,+32,+38.07340,-109.56352,00.9,08,038,3,2022-10-20
040033,22,293,12,00,18,+25,+38.07342,-109.56352,01.2,09,057,3,2022-10-20
040033,22,293,14,00,64,+30,+38.07403,-109.56375,00.9,09,038,3,2022-10-20
040033,22,293,16,00,52,+30,+38.07341,-109.56253,01.0,08,038,3,2022-10-20
040033,22,293,20,00,76,+13,+38.07397,-109.56205,00.8,09,054,3,2022-10-20
040033,22,293,22,00,40,+11,+38.07391,-109.56215,01.0,08,038,3,2022-10-20
040033,22,294,00,00,48,+10,+38.07389,-109.56171,00.8,09,039,3,2022-10-21
040033,22,294,04,00,56,+08,+38.07380,-109.56211,01.0,09,038,3,2022-10-21
040033,22,294,06,00,18,+09,+38.07386,-109.56209,00.8,10,038,3,2022-10-21
040033,22,294,08,00,62,+16,+38.07440,-109.56413,00.9,08,038,3,2022-10-21
040033,22,294,10,00,56,+30,+38.07512,-109.56358,01.1,07,038,3,2022-10-21
040033,22,294,12,00,38,+26,+38.07348,-109.56382,01.4,06,040,3,2022-10-21
040033,22,294,14,00,26,+32,+38.07352,-109.56371,00.9,08,038,3,2022-10-21
040033,22,294,20,00,54,+17,+38.07491,-109.56325,01.5,04,038,3,2022-10-21
040033,22,295,00,00,34,+15,+38.07467,-109.56295,02.2,04,038,3,2022-10-22
040033,22,295,02,00,36,+15,+38.07474,-109.56301,01.2,06,039,3,2022-10-22
040033,22,295,04,00,20,+13,+38.07483,-109.56304,01.1,08,041,3,2022-10-22
040033,22,295,06,00,34,+15,+38.07371,-109.56299,01.8,04,038,3,2022-10-22
040033,22,295,08,00,66,+21,+38.07354,-109.56369,01.2,07,038,3,2022-10-22
040033,22,295,10,00,16,+21,+38.07333,-109.56326,00.9,09,038,3,2022-10-22
040033,22,295,12,00,36,+26,+38.07340,-109.56340,01.2,08,038,3,2022-10-22
040033,22,295,14,00,22,+27,+38.07380,-109.56211,00.9,08,038,3,2022-10-22
040033,22,295,16,00,68,+25,+38.07399,-109.56448,01.2,07,039,3,2022-10-22
040033,22,295,18,00,78,+20,+38.07361,-109.56433,01.2,07,048,3,2022-10-22
040033,22,295,20,00,88,+20,+38.07357,-109.56379,00.9,08,039,3,2022-10-22
040033,22,295,22,00,64,+18,+38.07566,-109.57019,01.0,07,038,3,2022-10-22
040033,22,296,00,00,84,+10,+38.07487,-109.56781,01.0,07,058,3,2022-10-23
040033,22,296,02,00,66,+12,+38.07336,-109.56748,00.9,09,038,3,2022-10-23
040033,22,296,04,00,46,+03,+38.07464,-109.56455,01.1,09,038,3,2022-10-23
040033,22,296,06,00,26,+04,+38.07448,-109.56539,00.9,09,038,3,2022-10-23
040033,22,296,08,00,86,+05,+38.07468,-109.56421,00.7,10,038,3,2022-10-23
040033,22,296,10,00,50,+12,+38.07369,-109.56676,00.9,09,039,3,2022-10-23
040033,22,296,14,00,60,+11,+38.07350,-109.56684,01.4,06,038,3,2022-10-23
040033,22,296,16,00,96,+07,+38.07420,-109.56266,01.5,06,039,3,2022-10-23
040033,22,296,20,00,50,+03,+38.07563,-109.56861,01.4,07,038,3,2022-10-23
040033,22,296,22,00,38,+05,+38.07434,-109.56285,00.9,09,038,3,2022-10-23
040033,22,297,00,00,48,+06,+38.07389,-109.56217,01.0,07,039,3,2022-10-24
040033,22,297,02,00,22,+02,+38.07388,-109.56214,00.9,09,038,3,2022-10-24
040033,22,297,04,00,12,+10,+38.07387,-109.56196,02.8,05,048,3,2022-10-24
040033,22,297,06,00,14,+08,+38.07386,-109.56211,00.9,09,041,3,2022-10-24
040033,22,297,08,00,60,+07,+38.07515,-109.56424,00.9,10,039,3,2022-10-24
040033,22,297,10,00,72,+16,+38.07720,-109.57253,00.8,10,038,3,2022-10-24
040033,22,297,12,00,44,+14,+38.07509,-109.56368,01.3,08,038,3,2022-10-24
040033,22,297,14,00,34,+16,+38.07481,-109.56336,01.3,08,038,3,2022-10-24
040033,22,297,16,00,48,+16,+38.07437,-109.56293,01.0,07,041,3,2022-10-24
040033,22,297,20,00,64,+03,+38.07283,-109.56787,01.0,07,038,3,2022-10-24
040033,22,297,22,00,24,+03,+38.07324,-109.56718,00.8,10,038,3,2022-10-24
040033,22,298,00,00,18,+13,+38.07324,-109.56713,01.0,07,039,3,2022-10-25
040033,22,298,02,00,18,+07,+38.07315,-109.56715,00.9,09,038,3,2022-10-25
040033,22,298,04,00,16,+03,+38.07317,-109.56705,01.0,08,038,3,2022-10-25
040033,22,298,06,00,12,+07,+38.07324,-109.56690,00.8,09,040,3,2022-10-25
040033,22,298,08,00,58,+06,+38.07441,-109.56439,00.8,10,038,3,2022-10-25
040033,22,298,10,00,40,+27,+38.07316,-109.56444,00.9,08,038,3,2022-10-25
040033,22,298,12,00,40,+17,+38.07350,-109.56391,01.3,08,040,3,2022-10-25
040033,22,298,14,00,46,+23,+38.07382,-109.56301,00.9,08,038,3,2022-10-25
040033,22,298,16,00,42,+14,+38.07443,-109.56367,01.0,07,038,3,2022-10-25
040033,22,298,18,00,76,+10,+38.07339,-109.56433,01.0,07,058,3,2022-10-25
040033,22,298,20,00,28,+09,+38.07336,-109.56455,01.4,07,038,3,2022-10-25
040033,22,298,22,00,38,+09,+38.07337,-109.56481,00.7,11,040,3,2022-10-25
040033,22,299,00,00,18,+12,+38.07392,-109.56459,01.4,06,039,3,2022-10-26
040033,22,299,02,00,58,+09,+38.07343,-109.56427,00.8,10,038,3,2022-10-26
040033,22,299,04,00,40,+09,+38.07455,-109.56631,01.2,07,040,3,2022-10-26
040033,22,299,06,00,18,+08,+38.07452,-109.56631,00.8,10,039,3,2022-10-26
040033,22,299,08,00,60,+10,+38.07336,-109.56394,00.8,10,038,3,2022-10-26
040033,22,299,10,00,16,+22,+38.07328,-109.56358,00.9,09,038,3,2022-10-26
040033,22,299,12,00,18,+22,+38.07353,-109.56378,01.2,08,038,3,2022-10-26
040033,22,299,14,00,14,+21,+38.07338,-109.56369,01.0,07,038,3,2022-10-26
040033,22,299,16,00,50,+23,+38.07351,-109.56295,01.2,06,038,3,2022-10-26
040033,22,299,18,00,78,+13,+38.07350,-109.56427,00.9,08,038,3,2022-10-26
040033,22,299,20,00,14,+10,+38.07424,-109.56436,01.0,08,037,3,2022-10-26
040033,22,299,22,00,92,+10,+38.07400,-109.56480,00.7,11,038,3,2022-10-26
040033,22,300,00,00,56,+05,+38.07379,-109.56457,01.0,07,038,3,2022-10-27
040033,22,300,02,00,26,+07,+38.07379,-109.56449,01.1,08,039,3,2022-10-27
040033,22,300,04,00,14,+10,+38.07378,-109.56453,01.1,08,038,3,2022-10-27
040033,22,300,06,00,20,+04,+38.07384,-109.56455,01.4,08,038,3,2022-10-27
040033,22,300,08,00,66,+04,+38.07382,-109.56440,00.8,10,038,3,2022-10-27
040033,22,300,10,00,20,+07,+38.07355,-109.56466,00.8,10,038,3,2022-10-27
040033,22,300,12,00,18,+20,+38.07344,-109.56371,01.3,08,038,3,2022-10-27
040033,22,300,14,00,14,+13,+38.07348,-109.56439,01.0,07,040,3,2022-10-27
040033,22,300,16,00,42,+13,+38.07423,-109.56327,01.1,07,038,3,2022-10-27
040033,22,300,18,00,58,+11,+38.07324,-109.56429,00.9,09,038,3,2022-10-27
040033,22,300,20,00,44,+05,+38.07476,-109.56642,00.8,09,038,3,2022-10-27
040033,22,300,22,00,18,+09,+38.07531,-109.56766,00.8,10,038,3,2022-10-27
040033,22,301,00,00,16,+03,+38.07534,-109.56733,01.7,05,038,3,2022-10-28
040033,22,301,02,00,14,+04,+38.07550,-109.56737,00.8,10,038,3,2022-10-28
040033,22,301,04,00,12,+02,+38.07551,-109.56738,01.4,07,038,3,2022-10-28
040033,22,301,06,00,06,+04,+38.07565,-109.56707,00.8,10,038,3,2022-10-28
040033,22,301,08,00,66,+07,+38.07328,-109.56371,00.9,09,038,3,2022-10-28
040033,22,301,10,00,30,+14,+38.07349,-109.56321,00.9,09,038,3,2022-10-28
040033,22,301,12,00,42,+21,+38.07397,-109.56341,00.9,09,040,3,2022-10-28
040033,22,301,14,00,38,+19,+38.07415,-109.56314,00.8,09,038,3,2022-10-28
040033,22,301,18,00,74,+09,+38.07729,-109.56587,01.0,07,038,3,2022-10-28
040033,22,301,20,00,58,+07,+38.07347,-109.56339,00.8,10,039,3,2022-10-28
040033,22,301,22,00,22,+06,+38.07343,-109.56345,00.9,08,038,3,2022-10-28
040033,22,302,00,00,30,+03,+38.07386,-109.56196,01.1,06,039,3,2022-10-29
