CollarSerialNumber,Year,Julianday,Hour,Minute,Activity,Temperature,Latitude,Longitude,HDOP,NumSats,FixTime,2D/3D,Date
040203,22,165,00,00,00,+24,+38.07023,-109.56552,01.2,06,039,3,2022-06-14
040203,22,165,02,00,00,+20,+38.07015,-109.56562,00.9,08,040,3,2022-06-14
040203,22,165,06,00,00,+17,+38.07023,-109.56546,00.9,09,039,3,2022-06-14
040203,22,165,08,00,02,+29,+38.07298,-109.56428,00.8,09,038,3,2022-06-14
040203,22,165,10,00,04,+36,+38.07300,-109.56433,00.9,09,040,3,2022-06-14
040203,22,165,12,00,88,+29,+38.07405,-109.56611,01.0,09,038,3,2022-06-14
040203,22,165,14,00,82,+30,+38.07347,-109.56314,00.7,12,038,3,2022-06-14
040203,22,165,16,00,72,+33,+38.07425,-109.56634,00.9,10,038,3,2022-06-14
040203,22,165,18,00,72,+30,+38.07329,-109.56669,00.8,09,038,3,2022-06-14
040203,22,165,20,00,98,+23,+38.07462,-109.56703,00.9,09,038,3,2022-06-14
040203,22,165,22,00,54,+19,+38.07451,-109.56732,00.9,08,038,3,2022-06-14
040203,22,166,00,00,72,+17,+38.07450,-109.56671,00.9,08,038,3,2022-06-15
040203,22,166,02,00,52,+18,+38.07456,-109.56728,00.9,08,040,3,2022-06-15
040203,22,166,04,00,36,+16,+38.07410,-109.56753,00.8,09,040,3,2022-06-15
040203,22,166,06,00,94,+20,+38.04663,-109.58664,00.8,10,038,3,2022-06-15
040203,22,166,08,00,88,+27,+37.99392,-109.59734,00.9,09,039,3,2022-06-15
040203,22,166,12,00,58,+31,+37.96781,-109.62105,01.1,08,038,3,2022-06-15
040203,22,166,14,00,38,+36,+37.96812,-109.62000,00.8,11,038,3,2022-06-15
040203,22,166,16,00,72,+33,+37.96686,-109.62093,01.3,07,038,3,2022-06-15
040203,22,166,20,00,78,+21,+37.96010,-109.62479,01.0,08,038,3,2022-06-15
040203,22,166,22,00,64,+20,+37.95970,-109.62488,01.4,08,041,3,2022-06-15
040203,22,167,00,00,34,+21,+37.95970,-109.62494,01.0,07,039,3,2022-06-16
040203,22,167,02,00,68,+18,+37.96022,-109.62502,00.9,08,038,3,2022-06-16
040203,22,167,04,00,42,+19,+37.96023,-109.62516,01.2,06,040,3,2022-06-16
040203,22,167,06,00,54,+19,+37.94964,-109.63503,01.0,09,038,3,2022-06-16
040203,22,167,08,00,90,+34,+37.93280,-109.66719,00.9,08,038,3,2022-06-16
040203,22,167,14,00,70,+40,+37.87065,-109.70501,00.8,10,038,3,2022-06-16
040203,22,167,16,00,78,+34,+37.87051,-109.70365,01.1,08,037,3,2022-06-16
040203,22,167,20,00,92,+23,+37.86710,-109.70153,00.9,09,038,3,2022-06-16
040203,22,167,22,00,60,+21,+37.86527,-109.70085,01.0,08,038,3,2022-06-16
040203,22,168,00,00,42,+17,+37.86484,-109.70078,01.3,06,038,3,2022-06-17
040203,22,168,02,00,50,+22,+37.86507,-109.70081,00.9,08,039,3,2022-06-17
040203,22,168,04,00,14,+25,+37.86498,-109.70081,00.9,08,038,3,2022-06-17
040203,22,168,06,00,92,+23,+37.86171,-109.70119,01.5,06,038,3,2022-06-17
040203,22,168,08,00,78,+28,+37.85965,-109.69886,01.4,06,042,3,2022-06-17
040203,22,168,12,00,40,+35,+37.87235,-109.70192,01.0,09,038,3,2022-06-17
040203,22,168,14,00,72,+33,+37.87383,-109.70365,04.1,05,039,3,2022-06-17
040203,22,168,16,00,90,+33,+37.87249,-109.70265,01.3,08,041,3,2022-06-17
040203,22,168,18,00,54,+28,+37.86678,-109.70167,00.9,08,040,3,2022-06-17
040203,22,168,22,00,64,+24,+37.86005,-109.70733,00.8,10,038,3,2022-06-17
040203,22,169,00,00,26,+21,+37.86020,-109.70739,01.3,07,038,3,2022-06-18
040203,22,169,04,00,88,+19,+37.85993,-109.70642,01.2,06,038,3,2022-06-18
040203,22,169,06,00,76,+20,+37.86013,-109.70485,00.9,09,040,3,2022-06-18
040203,22,169,08,00,62,+25,+37.86021,-109.70480,00.9,07,038,3,2022-06-18
040203,22,169,10,00,36,+26,+37.85967,-109.70514,01.1,08,040,3,2022-06-18
040203,22,169,12,00,60,+29,+37.86928,-109.70520,01.1,08,038,3,2022-06-18
040203,22,169,14,00,54,+29,+37.86776,-109.70455,00.8,10,039,3,2022-06-18
040203,22,169,16,00,94,+19,+37.86192,-109.70480,01.0,08,038,3,2022-06-18
040203,22,169,20,00,70,+17,+37.86035,-109.70486,01.0,08,038,3,2022-06-18
040203,22,169,22,00,42,+19,+37.85982,-109.70507,00.9,09,038,3,2022-06-18
040203,22,170,00,00,26,+17,+37.85968,-109.70508,01.3,07,040,3,2022-06-19
040203,22,170,02,00,94,+16,+37.85833,-109.70581,01.0,08,038,3,2022-06-19
040203,22,170,06,00,64,+15,+37.85884,-109.70413,00.9,09,038,3,2022-06-19
040203,22,170,08,00,76,+18,+37.85873,-109.70585,01.0,07,038,3,2022-06-19
040203,22,170,10,00,54,+21,+37.85884,-109.70621,01.2,08,040,3,2022-06-19
040203,22,170,12,00,66,+23,+37.85866,-109.70448,01.5,07,038,3,2022-06-19
040203,22,170,14,00,54,+25,+37.87044,-109.70285,00.8,09,039,3,2022-06-19
040203,22,170,16,00,38,+28,+37.87022,-109.70303,01.4,08,038,3,2022-06-19
040203,22,170,20,00,88,+20,+37.86853,-109.70275,01.2,07,039,3,2022-06-19
040203,22,170,22,00,70,+18,+37.86663,-109.70153,00.8,09,038,3,2022-06-19
040203,22,171,02,00,64,+10,+37.86660,-109.70085,00.9,08,038,3,2022-06-20
040203,22,171,04,00,52,+10,+37.86632,-109.70182,00.9,08,038,3,2022-06-20
040203,22,171,06,00,56,+08,+37.86713,-109.70207,01.0,08,038,3,2022-06-20
040203,22,171,08,00,60,+25,+37.86744,-109.70102,01.1,09,040,3,2022-06-20
040203,22,171,14,00,84,+30,+37.87109,-109.70772,00.8,09,038,3,2022-06-20
040203,22,171,16,00,98,+29,+37.85553,-109.73930,00.9,09,038,3,2022-06-20
040203,22,171,22,00,52,+14,+37.84586,-109.75138,00.8,09,038,3,2022-06-20
040203,22,172,00,00,62,+10,+37.84484,-109.75258,01.2,07,038,3,2022-06-21
040203,22,172,02,00,82,+13,+37.84625,-109.75160,00.7,10,039,3,2022-06-21
040203,22,172,04,00,28,+08,+37.84611,-109.75159,00.9,08,039,3,2022-06-21
040203,22,172,06,00,76,+17,+37.84583,-109.75200,01.3,07,038,3,2022-06-21
040203,22,172,08,00,86,+25,+37.84571,-109.75180,00.8,10,040,3,2022-06-21
040203,22,172,10,00,24,+28,+37.84606,-109.75170,00.9,08,039,3,2022-06-21
040203,22,172,12,00,84,+31,+37.84496,-109.75134,01.0,08,038,3,2022-06-21
040203,22,172,14,00,58,+30,+37.84623,-109.75097,00.8,08,040,3,2022-06-21
040203,22,172,16,00,58,+30,+37.84748,-109.74951,00.9,10,038,3,2022-06-21
040203,22,172,18,00,98,+29,+37.84436,-109.75109,00.9,09,038,3,2022-06-21
040203,22,172,20,00,86,+20,+37.84539,-109.75125,01.1,07,038,3,2022-06-21
040203,22,172,22,00,40,+20,+37.84576,-109.75173,00.9,08,038,3,2022-06-21
040203,22,173,00,00,22,+23,+37.84552,-109.75174,01.5,06,038,3,2022-06-22
040203,22,173,04,00,14,+17,+37.84568,-109.75212,00.9,08,038,3,2022-06-22
040203,22,173,06,00,76,+18,+37.84676,-109.75525,01.1,08,038,3,2022-06-22
040203,22,173,08,00,90,+20,+37.84667,-109.75559,00.8,10,039,3,2022-06-22
040203,22,173,10,00,60,+26,+37.84637,-109.75492,00.9,09,039,3,2022-06-22
040203,22,173,12,00,42,+27,+37.84840,-109.75009,00.9,10,038,3,2022-06-22
040203,22,173,14,00,62,+28,+37.85200,-109.75462,00.7,12,038,3,2022-06-22
040203,22,173,16,00,98,+22,+37.85011,-109.75639,01.0,08,038,3,2022-06-22
040203,22,173,18,00,90,+19,+37.84908,-109.75594,01.3,06,038,3,2022-06-22
040203,22,173,20,00,86,+19,+37.84755,-109.75032,01.1,08,039,3,2022-06-22
040203,22,173,22,00,42,+20,+37.84761,-109.75044,01.0,07,038,3,2022-06-22
040203,22,174,00,00,32,+15,+37.84749,-109.75006,01.2,07,038,3,2022-06-23
040203,22,174,02,00,28,+15,+37.84770,-109.75017,00.9,08,039,3,2022-06-23
040203,22,174,04,00,20,+15,+37.84763,-109.75019,00.9,08,038,3,2022-06-23
040203,22,174,06,00,68,+17,+37.84695,-109.75528,00.9,09,038,3,2022-06-23
040203,22,174,08,00,98,+20,+37.84563,-109.75759,00.8,11,038,3,2022-06-23
040203,22,174,14,00,64,+25,+37.84382,-109.76000,01.3,08,038,3,2022-06-23
040203,22,174,16,00,76,+30,+37.84486,-109.76074,00.9,08,040,3,2022-06-23
040203,22,174,18,00,76,+23,+37.84243,-109.76000,01.3,06,038,3,2022-06-23
040203,22,174,20,00,94,+21,+37.84162,-109.76034,01.3,08,038,3,2022-06-23
040203,22,174,22,00,50,+16,+37.84059,-109.76154,00.9,09,038,3,2022-06-23
040203,22,175,00,00,64,+14,+37.84072,-109.76168,01.0,08,038,3,2022-06-24
040203,22,175,02,00,34,+14,+37.84070,-109.76165,01.1,07,039,3,2022-06-24
040203,22,175,04,00,38,+14,+37.84063,-109.76229,00.7,10,038,3,2022-06-24
040203,22,175,06,00,80,+14,+37.84183,-109.76268,00.9,09,038,3,2022-06-24
040203,22,175,08,00,78,+23,+37.84141,-109.76463,00.8,09,038,3,2022-06-24
040203,22,175,10,00,26,+23,+37.84110,-109.76427,00.9,08,038,3,2022-06-24
040203,22,175,12,00,80,+27,+37.83918,-109.76029,01.2,07,038,3,2022-06-24
040203,22,175,14,00,62,+28,+37.84383,-109.75982,00.8,10,058,3,2022-06-24
040203,22,175,16,00,46,+27,+37.84436,-109.76473,00.8,09,038,3,2022-06-24
040203,22,175,20,00,84,+20,+37.83953,-109.77462,01.2,08,038,3,2022-06-24
040203,22,175,22,00,64,+18,+37.83876,-109.77392,00.9,08,038,3,2022-06-24
040203,22,176,00,00,36,+21,+37.83846,-109.77406,01.0,07,038,3,2022-06-25
040203,22,176,04,00,38,+16,+37.83932,-109.77432,00.8,09,038,3,2022-06-25
040203,22,176,06,00,94,+20,+37.84097,-109.77218,00.9,09,038,3,2022-06-25
040203,22,176,12,00,96,+23,+37.85180,-109.76188,01.2,07,040,3,2022-06-25
040203,22,176,14,00,40,+29,+37.85470,-109.75636,00.9,09,038,3,2022-06-25
040203,22,176,16,00,38,+29,+37.85460,-109.75807,01.1,08,041,3,2022-06-25
040203,22,176,18,00,88,+27,+37.84864,-109.76900,01.1,07,038,3,2022-06-25
040203,22,176,22,00,54,+21,+37.84572,-109.76992,01.2,06,039,3,2022-06-25
040203,22,177,00,00,38,+20,+37.84536,-109.76982,02.1,05,038,3,2022-06-26
040203,22,177,02,00,76,+20,+37.84566,-109.76980,01.1,06,041,3,2022-06-26
040203,22,177,04,00,24,+19,+37.84559,-109.76980,01.1,07,038,3,2022-06-26
040203,22,177,06,00,70,+19,+37.84675,-109.76953,01.3,06,038,3,2022-06-26
040203,22,177,08,00,84,+22,+37.84906,-109.77111,00.9,08,041,3,2022-06-26
040203,22,177,12,00,94,+21,+37.85248,-109.77410,01.1,08,038,3,2022-06-26
040203,22,177,14,00,38,+27,+37.85186,-109.77352,01.1,08,038,3,2022-06-26
040203,22,177,16,00,88,+24,+37.84963,-109.77407,00.8,09,049,3,2022-06-26
040203,22,177,18,00,88,+23,+37.85613,-109.77522,00.9,09,039,3,2022-06-26
040203,22,177,20,00,84,+19,+37.85650,-109.77600,01.3,08,041,3,2022-06-26
040203,22,177,22,00,54,+19,+37.85518,-109.77587,00.8,09,038,3,2022-06-26
040203,22,178,00,00,40,+18,+37.85519,-109.77635,01.0,07,038,3,2022-06-27
040203,22,178,02,00,26,+18,+37.85503,-109.77626,01.1,07,038,3,2022-06-27
040203,22,178,04,00,18,+17,+37.85507,-109.77623,01.1,08,039,3,2022-06-27
040203,22,178,06,00,88,+17,+37.85484,-109.78136,01.0,08,038,3,2022-06-27
040203,22,178,08,00,78,+23,+37.85462,-109.78060,00.8,09,041,3,2022-06-27
040203,22,178,10,00,14,+25,+37.85451,-109.78066,01.0,09,038,3,2022-06-27
040203,22,178,14,00,90,+31,+37.86430,-109.78836,00.8,09,038,3,2022-06-27
040203,22,178,16,00,92,+27,+37.86437,-109.78839,00.9,09,038,3,2022-06-27
040203,22,178,18,00,60,+27,+37.85298,-109.78302,00.9,09,038,3,2022-06-27
040203,22,178,22,00,76,+23,+37.84423,-109.78096,00.9,09,038,3,2022-06-27
040203,22,179,00,00,42,+19,+37.84400,-109.78057,00.9,08,039,3,2022-06-28
040203,22,179,04,00,38,+17,+37.84412,-109.78071,00.9,08,038,3,2022-06-28
040203,22,179,06,00,68,+18,+37.84502,-109.77919,00.8,10,038,3,2022-06-28
040203,22,179,08,00,84,+24,+37.84513,-109.77935,00.8,09,040,3,2022-06-28
040203,22,179,10,00,24,+27,+37.84540,-109.77920,00.8,11,038,3,2022-06-28
040203,22,179,12,00,78,+25,+37.84256,-109.77959,01.0,08,038,3,2022-06-28
040203,22,179,14,00,74,+28,+37.84263,-109.77931,00.8,09,038,3,2022-06-28
040203,22,179,16,00,50,+29,+37.84254,-109.77898,00.9,08,038,3,2022-06-28
040203,22,179,18,00,94,+25,+37.83870,-109.77387,00.9,08,038,3,2022-06-28
040203,22,179,22,00,62,+20,+37.83939,-109.77550,01.0,08,038,3,2022-06-28
040203,22,180,02,00,24,+19,+37.83915,-109.77569,01.1,07,038,3,2022-06-29
040203,22,180,04,00,26,+19,+37.83903,-109.77577,01.0,08,039,3,2022-06-29
040203,22,180,06,00,80,+19,+37.84280,-109.77989,00.8,10,038,3,2022-06-29
040203,22,180,08,00,90,+20,+37.84377,-109.78146,00.8,09,040,3,2022-06-29
040203,22,180,10,00,44,+25,+37.84370,-109.78108,00.9,10,038,3,2022-06-29
040203,22,180,12,00,78,+25,+37.86278,-109.78020,01.1,08,038,3,2022-06-29
040203,22,180,14,00,98,+28,+37.86310,-109.77821,01.4,07,038,3,2022-06-29
040203,22,180,16,00,50,+29,+37.86363,-109.77836,00.9,08,038,3,2022-06-29
040203,22,180,18,00,90,+27,+37.86020,-109.78376,00.8,09,040,3,2022-06-29
040203,22,180,20,00,54,+24,+37.86529,-109.78731,01.3,07,039,3,2022-06-29
040203,22,180,22,00,94,+20,+37.86597,-109.78941,01.2,08,038,3,2022-06-29
040203,22,181,00,00,32,+22,+37.86619,-109.78935,01.2,06,038,3,2022-06-30
040203,22,181,02,00,28,+20,+37.86624,-109.78937,01.3,06,039,3,2022-06-30
040203,22,181,04,00,12,+23,+37.86617,-109.78932,01.3,06,040,3,2022-06-30
040203,22,181,06,00,76,+21,+37.86722,-109.78647,00.7,11,038,3,2022-06-30
040203,22,181,08,00,96,+24,+37.86896,-109.78576,01.0,07,057,3,2022-06-30
040203,22,181,10,00,58,+25,+37.87162,-109.79429,01.1,08,040,3,2022-06-30
040203,22,181,12,00,46,+20,+37.87154,-109.79236,01.4,07,038,3,2022-06-30
040203,22,181,16,00,46,+27,+37.87208,-109.79381,00.9,08,038,3,2022-06-30
040203,22,181,18,00,60,+24,+37.87240,-109.78855,01.5,06,038,3,2022-06-30
040203,22,181,22,00,60,+21,+37.87067,-109.79015,00.9,08,038,3,2022-06-30
040203,22,182,00,00,26,+20,+37.87056,-109.79040,01.0,07,038,3,2022-07-01
040203,22,182,02,00,22,+23,+37.87066,-109.79011,01.2,05,038,3,2022-07-01
040203,22,182,04,00,18,+20,+37.87060,-109.79019,01.1,07,040,3,2022-07-01
040203,22,182,06,00,64,+20,+37.87120,-109.79105,01.0,08,038,3,2022-07-01
040203,22,182,14,00,86,+18,+37.87589,-109.78947,00.9,07,038,3,2022-07-01
040203,22,182,16,00,78,+29,+37.87654,-109.79027,01.1,08,041,3,2022-07-01
040203,22,182,18,00,68,+25,+37.87340,-109.78853,01.1,07,038,3,2022-07-01
040203,22,182,20,00,90,+21,+37.87313,-109.78693,01.6,06,038,3,2022-07-01
040203,22,182,22,00,72,+18,+37.87187,-109.78838,00.9,08,040,3,2022-07-01
040203,22,183,00,00,30,+23,+37.87199,-109.78836,01.2,06,038,3,2022-07-02
040203,22,183,02,00,34,+23,+37.87201,-109.78840,01.1,06,038,3,2022-07-02
040203,22,183,04,00,20,+19,+37.87196,-109.78859,00.9,08,040,3,2022-07-02
040203,22,183,06,00,70,+20,+37.87153,-109.78559,00.9,09,038,3,2022-07-02
040203,22,183,08,00,96,+25,+37.86996,-109.78554,01.0,07,039,3,2022-07-02
040203,22,183,10,00,60,+28,+37.86996,-109.78632,00.8,10,038,3,2022-07-02
040203,22,183,12,00,32,+17,+37.87025,-109.78619,00.9,08,038,3,2022-07-02
040203,22,183,14,00,80,+25,+37.87120,-109.78466,00.8,10,038,3,2022-07-02
040203,22,183,16,00,98,+30,+37.87162,-109.78546,00.9,08,038,3,2022-07-02
040203,22,183,18,00,54,+29,+37.87195,-109.78914,01.1,08,058,3,2022-07-02
040203,22,183,20,00,82,+21,+37.86782,-109.78645,01.2,08,038,3,2022-07-02
040203,22,183,22,00,60,+20,+37.86802,-109.78849,01.1,08,038,3,2022-07-02
040203,22,184,00,00,26,+17,+37.86798,-109.78834,01.2,06,040,3,2022-07-03
040203,22,184,04,00,18,+14,+37.86796,-109.78844,01.3,07,038,3,2022-07-03
040203,22,184,06,00,80,+18,+37.86648,-109.79420,00.8,09,038,3,2022-07-03
040203,22,184,08,00,90,+23,+37.86365,-109.79255,01.0,08,038,3,2022-07-03
040203,22,184,10,00,30,+24,+37.86322,-109.79225,00.9,09,038,3,2022-07-03
040203,22,184,12,00,68,+25,+37.86355,-109.79170,00.8,10,038,3,2022-07-03
040203,22,184,14,00,36,+32,+37.86794,-109.79290,01.0,08,038,3,2022-07-03
040203,22,184,16,00,90,+27,+37.86343,-109.79072,00.9,08,038,3,2022-07-03
040203,22,184,22,00,70,+18,+37.86629,-109.79240,01.1,06,038,3,2022-07-03
040203,22,185,00,00,42,+17,+37.86597,-109.79286,01.7,04,038,3,2022-07-04
040203,22,185,02,00,28,+21,+37.86621,-109.79248,01.0,06,040,3,2022-07-04
040203,22,185,04,00,28,+19,+37.86629,-109.79225,01.9,06,040,3,2022-07-04
040203,22,185,06,00,68,+17,+37.86195,-109.79293,00.8,10,038,3,2022-07-04
040203,22,185,08,00,90,+23,+37.86136,-109.79956,00.9,09,038,3,2022-07-04
040203,22,185,14,00,68,+29,+37.86066,-109.80114,00.9,08,038,3,2022-07-04
040203,22,185,18,00,90,+25,+37.86294,-109.79343,01.0,07,038,3,2022-07-04
040203,22,185,20,00,78,+21,+37.86610,-109.78620,00.9,08,038,3,2022-07-04
040203,22,185,22,00,82,+22,+37.86503,-109.78718,00.9,08,038,3,2022-07-04
040203,22,186,00,00,56,+18,+37.86420,-109.78585,01.5,05,038,3,2022-07-05
040203,22,186,02,00,30,+19,+37.86443,-109.78655,01.0,06,040,3,2022-07-05
040203,22,186,04,00,22,+18,+37.86451,-109.78665,01.0,08,040,3,2022-07-05
040203,22,186,06,00,60,+18,+37.86599,-109.78380,00.8,10,038,3,2022-07-05
040203,22,186,08,00,98,+25,+37.86619,-109.78287,01.1,07,038,3,2022-07-05
040203,22,186,10,00,72,+26,+37.86564,-109.78260,00.8,10,040,3,2022-07-05
040203,22,186,12,00,58,+24,+37.86275,-109.78165,01.1,08,038,3,2022-07-05
040203,22,186,18,00,50,+23,+37.86202,-109.77987,00.9,08,038,3,2022-07-05
040203,22,186,20,00,94,+18,+37.86036,-109.78178,00.8,10,038,3,2022-07-05
040203,22,186,22,00,80,+20,+37.86281,-109.77932,00.9,08,038,3,2022-07-05
040203,22,187,00,00,30,+23,+37.86279,-109.77936,01.1,06,039,3,2022-07-06
040203,22,187,02,00,28,+21,+37.86287,-109.77935,01.0,06,040,3,2022-07-06
040203,22,187,04,00,24,+20,+37.86293,-109.77932,00.8,09,040,3,2022-07-06
040203,22,187,06,00,54,+20,+37.85486,-109.78099,00.8,09,038,3,2022-07-06
040203,22,187,10,00,80,+25,+37.85277,-109.77851,00.9,09,038,3,2022-07-06
040203,22,187,12,00,30,+14,+37.85243,-109.77800,00.8,10,040,3,2022-07-06
040203,22,187,14,00,74,+16,+37.85043,-109.77585,01.1,08,038,3,2022-07-06
040203,22,187,18,00,72,+25,+37.84366,-109.78024,00.7,10,038,3,2022-07-06
040203,22,187,20,00,86,+20,+37.84024,-109.77654,01.0,08,038,3,2022-07-06
040203,22,187,22,00,80,+20,+37.84062,-109.77613,00.9,09,038,3,2022-07-06
040203,22,188,02,00,22,+21,+37.84037,-109.77577,00.9,07,038,3,2022-07-07
040203,22,188,04,00,26,+19,+37.84047,-109.77571,01.1,08,039,3,2022-07-07
040203,22,188,06,00,76,+19,+37.84229,-109.77547,00.8,09,038,3,2022-07-07
040203,22,188,08,00,94,+24,+37.84891,-109.77354,00.9,09,040,3,2022-07-07
040203,22,188,10,00,58,+28,+37.84766,-109.76866,01.0,08,040,3,2022-07-07
040203,22,188,12,00,14,+30,+37.84811,-109.76905,00.7,10,038,3,2022-07-07
040203,22,188,16,00,82,+30,+37.85013,-109.77142,01.2,06,038,3,2022-07-07
040203,22,188,18,00,98,+25,+37.85020,-109.77291,00.8,09,037,3,2022-07-07
040203,22,188,22,00,80,+18,+37.85168,-109.77440,01.2,06,038,3,2022-07-07
040203,22,189,00,00,28,+21,+37.85146,-109.77459,01.1,06,038,3,2022-07-08
040203,22,189,02,00,28,+18,+37.85148,-109.77452,01.0,07,059,3,2022-07-08
040203,22,189,04,00,36,+19,+37.85149,-109.77466,00.8,09,039,3,2022-07-08
040203,22,189,06,00,34,+19,+37.85579,-109.77588,00.8,10,038,3,2022-07-08
040203,22,189,08,00,98,+28,+37.85450,-109.77489,00.8,10,038,3,2022-07-08
040203,22,189,10,00,60,+29,+37.85483,-109.77508,00.9,09,041,3,2022-07-08
040203,22,189,12,00,42,+34,+37.85488,-109.77499,00.8,10,038,3,2022-07-08
040203,22,189,14,00,88,+32,+37.85587,-109.77520,01.0,09,040,3,2022-07-08
040203,22,189,16,00,34,+30,+37.85590,-109.77519,01.0,08,038,3,2022-07-08
040203,22,189,18,00,98,+27,+37.85690,-109.77383,01.0,08,038,3,2022-07-08
040203,22,189,20,00,98,+21,+37.85841,-109.77400,00.9,09,038,3,2022-07-08
040203,22,189,22,00,58,+20,+37.85659,-109.77487,00.9,08,039,3,2022-07-08
040203,22,190,00,00,28,+18,+37.85657,-109.77499,01.1,06,038,3,2022-07-09
040203,22,190,02,00,22,+21,+37.85646,-109.77499,01.0,06,039,3,2022-07-09
040203,22,190,04,00,22,+21,+37.85654,-109.77489,00.9,09,039,3,2022-07-09
040203,22,190,08,00,90,+28,+37.85936,-109.77474,01.2,07,038,3,2022-07-09
040203,22,190,10,00,76,+31,+37.85945,-109.77457,00.8,10,039,3,2022-07-09
040203,22,190,12,00,62,+31,+37.85949,-109.77474,00.7,11,038,3,2022-07-09
040203,22,190,14,00,94,+31,+37.86066,-109.78086,01.1,08,038,3,2022-07-09
040203,22,190,16,00,96,+31,+37.85853,-109.78092,01.0,08,041,3,2022-07-09
040203,22,190,18,00,50,+28,+37.85973,-109.78347,01.0,07,038,3,2022-07-09
040203,22,190,20,00,94,+25,+37.85746,-109.78252,00.9,09,038,3,2022-07-09
040203,22,190,22,00,58,+22,+37.85994,-109.78113,00.9,08,040,3,2022-07-09
040203,22,191,02,00,20,+23,+37.85990,-109.78119,00.9,07,038,3,2022-07-10
040203,22,191,04,00,34,+22,+37.85800,-109.78028,00.9,09,040,3,2022-07-10
040203,22,191,06,00,50,+20,+37.85639,-109.78169,00.9,08,038,3,2022-07-10
040203,22,191,08,00,90,+24,+37.85477,-109.78192,00.8,10,038,3,2022-07-10
040203,22,191,10,00,86,+27,+37.85444,-109.78239,00.9,09,041,3,2022-07-10
040203,22,191,12,00,28,+30,+37.85547,-109.78256,00.8,10,038,3,2022-07-10
040203,22,191,14,00,96,+29,+37.86022,-109.78225,01.1,09,038,3,2022-07-10
040203,22,191,18,00,76,+27,+37.86176,-109.78121,00.9,06,038,3,2022-07-10
040203,22,191,20,00,86,+23,+37.85593,-109.78271,00.9,08,038,3,2022-07-10
040203,22,191,22,00,74,+26,+37.85564,-109.78230,00.9,08,042,3,2022-07-10
040203,22,192,00,00,26,+24,+37.85535,-109.78227,01.1,06,038,3,2022-07-11
040203,22,192,04,00,20,+25,+37.85556,-109.78225,00.9,09,038,3,2022-07-11
040203,22,192,06,00,84,+23,+37.85173,-109.78235,01.0,07,038,3,2022-07-11
040203,22,192,10,00,64,+28,+37.84837,-109.78153,00.9,09,038,3,2022-07-11
040203,22,192,12,00,38,+32,+37.84865,-109.78099,01.8,09,038,3,2022-07-11
040203,22,192,14,00,86,+31,+37.84719,-109.78085,01.1,07,038,3,2022-07-11
040203,22,192,18,00,88,+27,+37.84361,-109.78034,02.4,04,037,3,2022-07-11
040203,22,192,20,00,70,+24,+37.84289,-109.77890,00.9,09,038,3,2022-07-11
040203,22,192,22,00,70,+25,+37.84360,-109.77981,01.0,07,040,3,2022-07-11
040203,22,193,00,00,26,+24,+37.84362,-109.77995,01.1,06,039,3,2022-07-12
040203,22,193,02,00,76,+24,+37.84331,-109.77949,01.5,06,038,3,2022-07-12
040203,22,193,04,00,20,+24,+37.84326,-109.77968,01.5,07,040,3,2022-07-12
040203,22,193,08,00,96,+25,+37.85848,-109.78285,01.0,08,038,3,2022-07-12
040203,22,193,10,00,92,+32,+37.86519,-109.82411,02.4,06,040,3,2022-07-12
040203,22,193,12,00,20,+29,+37.86520,-109.82415,00.7,11,039,3,2022-07-12
040203,22,193,14,00,76,+27,+37.86651,-109.82069,01.0,09,038,3,2022-07-12
040203,22,193,16,00,98,+28,+37.86596,-109.82269,01.5,06,038,3,2022-07-12
040203,22,193,18,00,76,+25,+37.87662,-109.80744,00.8,08,038,3,2022-07-12
040203,22,193,20,00,90,+21,+37.86766,-109.79086,01.0,07,038,3,2022-07-12
040203,22,194,00,00,78,+22,+37.86709,-109.79219,01.0,07,039,3,2022-07-13
040203,22,194,02,00,30,+24,+37.86734,-109.79225,01.6,05,038,3,2022-07-13
040203,22,194,04,00,18,+20,+37.86696,-109.79216,01.6,07,040,3,2022-07-13
040203,22,194,06,00,66,+20,+37.86241,-109.79139,00.9,07,039,3,2022-07-13
040203,22,194,08,00,96,+25,+37.85969,-109.79938,01.3,07,038,3,2022-07-13
040203,22,194,12,00,64,+30,+37.87881,-109.79808,00.7,11,039,3,2022-07-13
040203,22,194,14,00,22,+29,+37.87779,-109.79969,01.0,08,038,3,2022-07-13
040203,22,194,18,00,90,+25,+37.86529,-109.82048,01.0,07,038,3,2022-07-13
040203,22,194,20,00,92,+21,+37.85856,-109.83393,00.9,08,038,3,2022-07-13
040203,22,194,22,00,88,+21,+37.84613,-109.84130,00.9,08,038,3,2022-07-13
040203,22,195,00,00,36,+24,+37.84663,-109.84127,01.0,06,038,3,2022-07-14
040203,22,195,04,00,24,+24,+37.84812,-109.83898,00.9,09,038,3,2022-07-14
040203,22,195,06,00,34,+23,+37.84908,-109.83461,00.9,09,038,3,2022-07-14
040203,22,195,08,00,56,+26,+37.85154,-109.82559,00.9,09,046,3,2022-07-14
040203,22,195,10,00,10,+27,+37.85160,-109.82609,01.1,07,040,3,2022-07-14
040203,22,195,12,00,80,+35,+37.85161,-109.83528,00.9,09,038,3,2022-07-14
040203,22,195,16,00,48,+25,+37.84916,-109.84387,01.2,07,038,3,2022-07-14
040203,22,195,18,00,60,+25,+37.85254,-109.83843,01.0,07,038,3,2022-07-14
040203,22,195,20,00,90,+23,+37.85042,-109.84150,01.1,08,038,3,2022-07-14
040203,22,195,22,00,40,+22,+37.84911,-109.84402,01.3,07,038,3,2022-07-14
040203,22,196,00,00,86,+20,+37.84741,-109.84494,00.9,07,039,3,2022-07-15
040203,22,196,02,00,26,+23,+37.84727,-109.84485,01.2,07,040,3,2022-07-15
040203,22,196,04,00,14,+23,+37.84757,-109.84474,01.3,07,038,3,2022-07-15
040203,22,196,06,00,54,+20,+37.84624,-109.84246,01.0,08,038,3,2022-07-15
040203,22,196,08,00,98,+24,+37.84669,-109.84308,01.2,07,038,3,2022-07-15
040203,22,196,10,00,36,+27,+37.84645,-109.84300,01.1,08,040,3,2022-07-15
040203,22,196,12,00,24,+28,+37.84719,-109.84279,00.7,11,039,3,2022-07-15
040203,22,196,14,00,80,+31,+37.84474,-109.85102,00.9,09,041,3,2022-07-15
040203,22,196,16,00,84,+32,+37.84957,-109.85012,01.0,08,038,3,2022-07-15
040203,22,196,18,00,86,+27,+37.84948,-109.84953,01.1,07,039,3,2022-07-15
040203,22,196,20,00,86,+23,+37.85030,-109.84726,00.8,09,038,3,2022-07-15
040203,22,196,22,00,58,+23,+37.84946,-109.84977,00.8,09,056,3,2022-07-15
040203,22,197,00,00,24,+24,+37.84941,-109.84981,00.9,07,038,3,2022-07-16
040203,22,197,02,00,84,+20,+37.84930,-109.84761,00.8,09,038,3,2022-07-16
040203,22,197,04,00,24,+25,+37.84913,-109.84781,01.1,07,040,3,2022-07-16
040203,22,197,12,00,66,+30,+37.84845,-109.84541,00.9,07,038,3,2022-07-16
040203,22,197,14,00,82,+32,+37.84630,-109.85020,01.5,07,038,3,2022-07-16
040203,22,197,18,00,88,+29,+37.84849,-109.85012,00.9,09,038,3,2022-07-16
040203,22,198,00,00,24,+21,+37.84937,-109.84992,01.1,06,038,3,2022-07-17
040203,22,198,02,00,14,+23,+37.84915,-109.84978,00.7,10,038,3,2022-07-17
040203,22,198,04,00,16,+23,+37.84936,-109.84995,01.1,08,038,3,2022-07-17
040203,22,198,06,00,70,+22,+37.85272,-109.84665,00.9,08,038,3,2022-07-17
040203,22,198,08,00,80,+28,+37.85355,-109.84524,00.9,08,040,3,2022-07-17
040203,22,198,10,00,16,+27,+37.85359,-109.84526,00.9,10,038,3,2022-07-17
040203,22,198,12,00,82,+30,+37.85485,-109.84626,00.7,12,038,3,2022-07-17
040203,22,198,14,00,68,+28,+37.85520,-109.85263,00.9,09,040,3,2022-07-17
040203,22,198,16,00,88,+30,+37.85253,-109.85241,01.1,07,038,3,2022-07-17
040203,22,198,18,00,98,+29,+37.85290,-109.85136,01.1,07,038,3,2022-07-17
040203,22,198,20,00,76,+21,+37.85433,-109.84726,00.8,09,038,3,2022-07-17
040203,22,198,22,00,64,+24,+37.85450,-109.84729,01.1,06,040,3,2022-07-17
040203,22,199,00,00,22,+24,+37.85465,-109.84741,00.9,06,038,3,2022-07-18
040203,22,199,02,00,20,+21,+37.85449,-109.84738,00.8,09,040,3,2022-07-18
040203,22,199,04,00,24,+25,+37.85469,-109.84726,00.9,09,038,3,2022-07-18
040203,22,199,06,00,60,+21,+37.85634,-109.84622,00.8,10,038,3,2022-07-18
040203,22,199,12,00,50,+28,+37.85820,-109.83707,00.8,10,038,3,2022-07-18
040203,22,199,14,00,66,+32,+37.85877,-109.83727,00.9,09,038,3,2022-07-18
040203,22,199,16,00,62,+30,+37.85845,-109.83849,00.9,09,038,3,2022-07-18
040203,22,199,20,00,96,+25,+37.85039,-109.84121,01.0,08,038,3,2022-07-18
040203,22,199,22,00,86,+23,+37.84906,-109.84329,01.3,07,038,3,2022-07-18
040203,22,200,00,00,22,+21,+37.84951,-109.84340,00.9,07,040,3,2022-07-19
040203,22,200,02,00,14,+24,+37.84946,-109.84339,00.8,09,040,3,2022-07-19
040203,22,200,04,00,18,+22,+37.84957,-109.84352,00.9,09,038,3,2022-07-19
040203,22,200,06,00,58,+19,+37.85269,-109.83757,00.7,12,040,3,2022-07-19
040203,22,200,10,00,28,+30,+37.85100,-109.82942,03.1,06,038,3,2022-07-19
040203,22,200,12,00,60,+31,+37.85041,-109.83198,01.1,09,038,3,2022-07-19
040203,22,200,14,00,92,+32,+37.85196,-109.83885,00.9,10,040,3,2022-07-19
040203,22,200,16,00,28,+31,+37.85190,-109.83827,00.9,09,038,3,2022-07-19
040203,22,200,18,00,98,+30,+37.85311,-109.83715,01.5,06,049,3,2022-07-19
040203,22,200,22,00,60,+25,+37.85276,-109.83623,01.0,08,038,3,2022-07-19
040203,22,201,00,00,22,+24,+37.85311,-109.83627,00.9,07,040,3,2022-07-20
040203,22,201,04,00,16,+23,+37.85348,-109.83686,00.9,09,038,3,2022-07-20
040203,22,201,06,00,64,+20,+37.85301,-109.83680,00.7,11,038,3,2022-07-20
040203,22,201,10,00,20,+27,+37.85366,-109.83412,01.0,09,038,3,2022-07-20
040203,22,201,12,00,18,+30,+37.85387,-109.83506,01.2,08,038,3,2022-07-20
040203,22,201,14,00,70,+32,+37.84496,-109.85105,00.8,10,058,3,2022-07-20
040203,22,201,18,00,94,+32,+37.85048,-109.84359,02.6,07,038,3,2022-07-20
040203,22,201,20,00,98,+24,+37.85283,-109.84317,00.9,08,038,3,2022-07-20
040203,22,202,00,00,42,+23,+37.85366,-109.84253,01.0,06,038,3,2022-07-21
040203,22,202,04,00,12,+24,+37.85400,-109.84294,01.1,08,038,3,2022-07-21
040203,22,202,06,00,64,+21,+37.85419,-109.83948,00.8,11,038,3,2022-07-21
040203,22,202,10,00,46,+30,+37.85072,-109.83685,01.1,08,038,3,2022-07-21
040203,22,202,12,00,28,+34,+37.85058,-109.83894,00.7,11,058,3,2022-07-21
040203,22,202,14,00,76,+33,+37.84950,-109.84196,00.7,11,038,3,2022-07-21
040203,22,202,20,00,92,+25,+37.85277,-109.84425,01.0,07,038,3,2022-07-21
040203,22,202,22,00,72,+25,+37.85311,-109.84409,01.0,08,042,3,2022-07-21
040203,22,203,00,00,24,+24,+37.85360,-109.84447,01.0,06,059,3,2022-07-22
040203,22,203,02,00,76,+24,+37.85409,-109.84706,00.8,08,038,3,2022-07-22
040203,22,203,04,00,20,+24,+37.85413,-109.84705,00.9,09,038,3,2022-07-22
040203,22,203,06,00,50,+20,+37.85590,-109.84384,01.2,08,041,3,2022-07-22
040203,22,203,08,00,98,+28,+37.85676,-109.84257,01.1,06,038,3,2022-07-22
040203,22,203,10,00,34,+28,+37.85671,-109.84272,01.3,07,037,3,2022-07-22
040203,22,203,12,00,60,+30,+37.85602,-109.83911,00.7,11,038,3,2022-07-22
040203,22,203,14,00,78,+34,+37.85654,-109.83822,00.8,10,039,3,2022-07-22
040203,22,203,20,00,86,+25,+37.85346,-109.85161,01.1,07,038,3,2022-07-22
040203,22,203,22,00,94,+24,+37.85246,-109.84926,01.2,07,039,3,2022-07-22
040203,22,204,00,00,32,+25,+37.85238,-109.84861,01.6,04,052,3,2022-07-23
040203,22,204,02,00,70,+24,+37.85290,-109.84846,01.0,08,038,3,2022-07-23
040203,22,204,04,00,20,+25,+37.85287,-109.84846,01.0,09,040,3,2022-07-23
040203,22,204,06,00,50,+23,+37.85427,-109.84846,00.9,08,038,3,2022-07-23
040203,22,204,10,00,50,+30,+37.85484,-109.84745,01.0,09,038,3,2022-07-23
040203,22,204,12,00,42,+32,+37.85393,-109.84658,00.7,11,038,3,2022-07-23
040203,22,204,14,00,46,+30,+37.85278,-109.84556,00.7,11,038,3,2022-07-23
040203,22,204,16,00,28,+33,+37.85264,-109.84621,00.9,08,038,3,2022-07-23
040203,22,204,20,00,90,+25,+37.84878,-109.84654,01.0,08,038,3,2022-07-23
040203,22,204,22,00,76,+25,+37.84953,-109.84855,01.2,07,038,3,2022-07-23
040203,22,205,00,00,36,+21,+37.85022,-109.84985,01.0,06,041,3,2022-07-24
040203,22,205,04,00,18,+23,+37.85016,-109.84989,01.0,08,038,3,2022-07-24
040203,22,205,06,00,46,+21,+37.84872,-109.85166,00.7,11,038,3,2022-07-24
040203,22,205,08,00,94,+23,+37.84706,-109.85332,01.4,07,038,3,2022-07-24
040203,22,205,10,00,76,+25,+37.84784,-109.85424,03.8,06,038,3,2022-07-24
040203,22,205,14,00,82,+30,+37.84943,-109.84394,00.8,10,038,3,2022-07-24
040203,22,205,16,00,86,+20,+37.85063,-109.83936,00.9,07,038,3,2022-07-24
040203,22,205,18,00,82,+23,+37.85393,-109.83738,01.7,06,038,3,2022-07-24
040203,22,205,22,00,36,+25,+37.85295,-109.83704,01.1,07,038,3,2022-07-24
040203,22,206,00,00,18,+24,+37.85352,-109.83734,00.9,07,039,3,2022-07-25
040203,22,206,02,00,18,+20,+37.85315,-109.83801,01.0,07,039,3,2022-07-25
040203,22,206,04,00,62,+24,+37.85317,-109.83700,01.2,07,038,3,2022-07-25
040203,22,206,06,00,32,+22,+37.85406,-109.83616,00.8,09,038,3,2022-07-25
040203,22,206,08,00,96,+25,+37.85505,-109.83467,01.4,07,038,3,2022-07-25
040203,22,206,14,00,74,+23,+37.86040,-109.83627,01.2,06,045,3,2022-07-25
040203,22,206,18,00,82,+24,+37.86266,-109.83413,01.9,05,039,3,2022-07-25
040203,22,206,20,00,96,+21,+37.86179,-109.83467,00.8,10,038,3,2022-07-25
040203,22,206,22,00,30,+23,+37.86135,-109.83459,01.0,07,038,3,2022-07-25
040203,22,207,00,00,26,+20,+37.86173,-109.83478,01.0,06,038,3,2022-07-26
040203,22,207,02,00,16,+22,+37.86135,-109.83479,00.9,08,038,3,2022-07-26
040203,22,207,04,00,18,+21,+37.86164,-109.83486,00.9,09,040,3,2022-07-26
040203,22,207,06,00,44,+21,+37.86108,-109.83280,01.2,05,039,3,2022-07-26
040203,22,207,12,00,82,+28,+37.87798,-109.79221,00.8,08,038,3,2022-07-26
040203,22,207,14,00,92,+25,+37.87849,-109.79335,00.9,07,038,3,2022-07-26
040203,22,207,20,00,96,+22,+37.86764,-109.78958,01.0,07,038,3,2022-07-26
040203,22,207,22,00,78,+25,+37.86590,-109.78977,01.6,06,038,3,2022-07-26
040203,22,208,00,00,32,+19,+37.86576,-109.78974,01.0,06,038,3,2022-07-27
040203,22,208,04,00,38,+24,+37.86687,-109.79078,01.1,07,038,3,2022-07-27
040203,22,208,06,00,24,+19,+37.86687,-109.79231,00.9,08,039,3,2022-07-27
040203,22,208,08,00,92,+23,+37.87162,-109.79264,01.3,07,038,3,2022-07-27
040203,22,208,12,00,76,+22,+37.86846,-109.79132,00.8,09,038,3,2022-07-27
040203,22,208,14,00,98,+31,+37.86672,-109.79145,01.8,07,038,3,2022-07-27
040203,22,208,16,00,64,+27,+37.86794,-109.78857,00.9,08,040,3,2022-07-27
040203,22,208,20,00,90,+18,+37.86873,-109.79378,00.9,09,038,3,2022-07-27
040203,22,208,22,00,58,+24,+37.86901,-109.79380,01.2,06,038,3,2022-07-27
040203,22,209,00,00,16,+23,+37.86930,-109.79354,01.0,06,038,3,2022-07-28
040203,22,209,02,00,18,+23,+37.86874,-109.79373,01.9,06,038,3,2022-07-28
040203,22,209,04,00,26,+26,+37.86886,-109.79347,00.8,10,040,3,2022-07-28
040203,22,209,06,00,28,+18,+37.86731,-109.79621,01.5,07,038,3,2022-07-28
040203,22,209,12,00,98,+22,+37.86723,-109.79789,01.0,07,038,3,2022-07-28
040203,22,209,16,00,98,+25,+37.86661,-109.79843,01.0,07,039,3,2022-07-28
040203,22,209,18,00,62,+27,+37.86668,-109.79841,01.3,07,039,3,2022-07-28
040203,22,210,02,01,36,+23,+37.86832,-109.79759,01.1,06,050,3,2022-07-29
040203,22,210,04,00,28,+24,+37.86846,-109.79743,01.1,08,038,3,2022-07-29
040203,22,210,10,00,64,+23,+37.86900,-109.79755,01.1,08,049,3,2022-07-29
040203,22,210,12,00,90,+25,+37.86933,-109.79744,01.1,07,038,3,2022-07-29
040203,22,210,20,00,88,+20,+37.86617,-109.79273,01.0,08,038,3,2022-07-29
040203,22,210,22,00,32,+23,+37.86624,-109.79309,01.2,05,052,3,2022-07-29
040203,22,211,00,00,26,+23,+37.86614,-109.79311,01.2,06,040,3,2022-07-30
040203,22,211,02,00,28,+23,+37.86659,-109.79338,01.1,07,040,3,2022-07-30
040203,22,211,04,00,16,+25,+37.86656,-109.79325,01.0,08,048,3,2022-07-30
040203,22,211,06,00,18,+21,+37.86664,-109.79372,00.9,06,038,3,2022-07-30
040203,22,211,12,00,90,+24,+37.87196,-109.79542,00.8,08,049,3,2022-07-30
040203,22,211,14,00,54,+26,+37.87203,-109.79152,01.1,06,038,3,2022-07-30
040203,22,211,16,00,70,+18,+37.87036,-109.79032,00.8,09,039,3,2022-07-30
040203,22,211,18,00,84,+23,+37.86872,-109.79068,01.2,08,040,3,2022-07-30
040203,22,211,20,00,98,+23,+37.86781,-109.79133,01.1,08,038,3,2022-07-30
040203,22,212,02,00,28,+20,+37.86828,-109.79222,00.9,08,038,3,2022-07-31
040203,22,212,04,00,14,+21,+37.86819,-109.79171,00.9,08,038,3,2022-07-31
040203,22,212,06,00,14,+23,+37.86813,-109.79183,01.1,06,038,3,2022-07-31
040203,22,212,12,00,94,+23,+37.87044,-109.79158,00.8,08,044,3,2022-07-31
040203,22,212,14,00,88,+26,+37.87130,-109.78768,01.4,06,058,3,2022-07-31
040203,22,212,16,00,92,+25,+37.86664,-109.78779,01.3,07,039,3,2022-07-31
040203,22,212,18,00,92,+27,+37.86481,-109.79032,01.4,07,038,3,2022-07-31
040203,22,212,20,00,94,+23,+37.86577,-109.79080,01.3,06,038,3,2022-07-31
040203,22,213,00,00,18,+24,+37.87109,-109.79051,01.3,06,046,3,2022-08-01
040203,22,213,04,00,22,+20,+37.86563,-109.79051,00.8,09,038,3,2022-08-01
040203,22,213,06,00,26,+21,+37.86575,-109.78977,01.0,06,038,3,2022-08-01
040203,22,213,08,00,96,+25,+37.86352,-109.78880,01.2,06,038,3,2022-08-01
040203,22,213,12,00,98,+28,+37.86426,-109.78646,01.0,06,038,3,2022-08-01
040203,22,213,16,00,94,+30,+37.86470,-109.78806,00.9,08,038,3,2022-08-01
040203,22,213,18,00,64,+28,+37.86547,-109.78820,01.2,08,038,3,2022-08-01
040203,22,213,20,00,92,+22,+37.86559,-109.78806,01.1,08,038,3,2022-08-01
040203,22,213,22,00,60,+25,+37.86649,-109.78458,01.2,05,037,3,2022-08-01
040203,22,214,04,00,10,+23,+37.86642,-109.78455,01.0,08,038,3,2022-08-02
040203,22,214,06,00,56,+19,+37.86401,-109.78231,01.1,06,038,3,2022-08-02
040203,22,214,12,00,74,+27,+37.86423,-109.78253,01.5,06,038,3,2022-08-02
040203,22,214,14,00,66,+29,+37.86015,-109.78409,01.6,04,038,3,2022-08-02
040203,22,214,18,00,96,+26,+37.86045,-109.78398,01.1,08,038,3,2022-08-02
040203,22,214,20,00,96,+21,+37.86069,-109.78340,01.1,08,038,3,2022-08-02
040203,22,214,22,00,46,+23,+37.86088,-109.78272,01.2,05,038,3,2022-08-02
040203,22,215,00,00,16,+21,+37.86116,-109.78283,01.4,06,038,3,2022-08-03
040203,22,215,04,00,14,+21,+37.86095,-109.78302,00.9,09,038,3,2022-08-03
040203,22,215,06,00,54,+21,+37.85929,-109.78027,01.2,06,038,3,2022-08-03
040203,22,215,18,00,98,+28,+37.85684,-109.78089,01.2,06,038,3,2022-08-03
040203,22,215,20,00,92,+24,+37.85688,-109.77738,01.3,08,038,3,2022-08-03
040203,22,216,00,00,24,+24,+37.85608,-109.77613,01.4,06,038,3,2022-08-04
040203,22,216,02,00,32,+25,+37.85639,-109.77730,00.8,09,040,3,2022-08-04
040203,22,216,04,00,14,+23,+37.85643,-109.77734,00.9,09,038,3,2022-08-04
040203,22,216,06,00,56,+21,+37.85875,-109.77892,01.0,07,038,3,2022-08-04
040203,22,216,08,00,86,+29,+37.85757,-109.77845,01.0,08,038,3,2022-08-04
040203,22,216,12,00,80,+31,+37.85666,-109.77806,01.2,07,038,3,2022-08-04
040203,22,216,18,00,94,+28,+37.85684,-109.77871,01.8,06,038,3,2022-08-04
040203,22,216,20,00,86,+21,+37.85490,-109.78113,01.2,08,038,3,2022-08-04
040203,22,217,04,00,14,+23,+37.85492,-109.78115,00.8,09,038,3,2022-08-05
040203,22,217,06,00,50,+21,+37.85264,-109.78012,01.1,06,038,3,2022-08-05
040203,22,217,10,00,98,+26,+37.84644,-109.77602,00.9,08,038,3,2022-08-05
040203,22,217,14,00,82,+28,+37.84564,-109.78126,01.0,07,038,3,2022-08-05
040203,22,217,16,00,32,+30,+37.84634,-109.78112,00.8,09,038,3,2022-08-05
040203,22,217,20,00,98,+23,+37.84758,-109.78340,01.4,06,038,3,2022-08-05
040203,22,217,22,00,38,+25,+37.84662,-109.78329,01.1,05,038,3,2022-08-05
040203,22,218,00,00,18,+24,+37.84700,-109.78352,01.3,06,038,3,2022-08-06
040203,22,218,02,00,80,+22,+37.84692,-109.78267,00.8,09,039,3,2022-08-06
040203,22,218,04,00,16,+21,+37.84684,-109.78283,00.8,10,038,3,2022-08-06
040203,22,218,08,00,82,+25,+37.84770,-109.77886,01.0,08,038,3,2022-08-06
040203,22,218,10,00,96,+28,+37.84419,-109.77841,00.7,11,038,3,2022-08-06
040203,22,218,12,00,86,+28,+37.84920,-109.77333,01.2,08,038,3,2022-08-06
040203,22,218,16,00,34,+31,+37.84927,-109.77486,01.0,08,038,3,2022-08-06
040203,22,218,18,00,84,+27,+37.85163,-109.77596,00.9,09,040,3,2022-08-06
040203,22,218,20,00,90,+22,+37.85608,-109.77535,00.9,07,038,3,2022-08-06
040203,22,219,02,00,34,+25,+37.85469,-109.77533,00.9,09,049,3,2022-08-07
040203,22,219,04,00,12,+25,+37.85484,-109.77520,00.9,08,038,3,2022-08-07
040203,22,219,06,00,36,+21,+37.85267,-109.77326,00.9,09,038,3,2022-08-07
040203,22,219,10,00,60,+28,+37.85141,-109.77276,00.8,10,038,3,2022-08-07
040203,22,219,14,00,98,+33,+37.87075,-109.77907,01.2,06,039,3,2022-08-07
040203,22,219,16,00,54,+30,+37.85623,-109.77539,00.9,06,039,3,2022-08-07
040203,22,219,18,00,92,+28,+37.85425,-109.77430,01.0,08,038,3,2022-08-07
040203,22,219,20,00,98,+20,+37.85282,-109.77438,01.4,06,038,3,2022-08-07
040203,22,219,22,00,56,+24,+37.85407,-109.77607,01.1,05,038,3,2022-08-07
040203,22,220,00,00,16,+24,+37.85448,-109.77646,01.4,06,041,3,2022-08-08
040203,22,220,02,00,16,+23,+37.85448,-109.77569,00.9,09,039,3,2022-08-08
040203,22,220,04,00,12,+24,+37.85433,-109.77590,00.8,09,038,3,2022-08-08
040203,22,220,06,00,60,+21,+37.85269,-109.77373,01.1,08,038,3,2022-08-08
040203,22,220,08,00,92,+27,+37.85075,-109.77083,00.8,10,038,3,2022-08-08
040203,22,220,10,00,94,+30,+37.85120,-109.77092,00.8,09,040,3,2022-08-08
040203,22,220,12,00,24,+31,+37.85163,-109.77089,01.2,09,038,3,2022-08-08
040203,22,220,14,00,98,+29,+37.85219,-109.76892,01.0,07,038,3,2022-08-08
040203,22,220,16,00,90,+27,+37.85020,-109.77192,00.8,08,038,3,2022-08-08
040203,22,220,18,00,82,+24,+37.84592,-109.77115,01.1,07,038,3,2022-08-08
040203,22,220,20,00,96,+21,+37.83992,-109.77575,01.5,06,038,3,2022-08-08
040203,22,220,22,00,36,+23,+37.83989,-109.77589,01.1,05,038,3,2022-08-08
040203,22,221,02,00,18,+23,+37.83943,-109.77615,00.9,09,038,3,2022-08-09
040203,22,221,04,00,16,+23,+37.83940,-109.77611,00.9,08,038,3,2022-08-09
040203,22,221,06,00,50,+19,+37.83943,-109.77491,01.1,07,038,3,2022-08-09
040203,22,221,08,00,78,+27,+37.86383,-109.78935,00.9,10,038,3,2022-08-09
040203,22,221,10,00,62,+30,+37.86310,-109.78660,00.8,10,058,3,2022-08-09
040203,22,221,12,00,90,+34,+37.85292,-109.78160,01.2,07,038,3,2022-08-09
040203,22,221,18,00,86,+26,+37.84376,-109.78125,01.2,06,038,3,2022-08-09
040203,22,221,22,00,46,+25,+37.84239,-109.78025,01.1,05,038,3,2022-08-09
040203,22,222,02,00,82,+18,+37.84179,-109.78121,01.1,07,038,3,2022-08-10
040203,22,222,04,00,12,+21,+37.84180,-109.78115,00.8,09,038,3,2022-08-10
040203,22,222,06,00,66,+20,+37.84047,-109.77896,00.9,09,038,3,2022-08-10
040203,22,222,10,00,70,+29,+37.83855,-109.77668,00.8,09,038,3,2022-08-10
040203,22,222,12,00,58,+30,+37.84819,-109.74777,01.1,08,038,3,2022-08-10
040203,22,222,16,00,52,+30,+37.84822,-109.73102,02.1,06,038,3,2022-08-10
040203,22,222,18,00,84,+27,+37.84831,-109.73049,01.0,07,038,3,2022-08-10
040203,22,222,20,00,98,+24,+37.84252,-109.73348,01.8,05,038,3,2022-08-10
040203,22,223,02,00,34,+25,+37.84294,-109.73294,01.2,08,038,3,2022-08-11
040203,22,223,04,00,22,+25,+37.84297,-109.73390,01.1,07,041,3,2022-08-11
040203,22,223,10,00,90,+29,+37.83486,-109.68309,00.9,09,038,3,2022-08-11
040203,22,223,14,00,38,+34,+37.83183,-109.66934,01.0,08,038,3,2022-08-11
040203,22,223,16,00,50,+34,+37.83036,-109.66903,01.1,07,038,3,2022-08-11
040203,22,223,18,00,98,+29,+37.82951,-109.66791,01.5,07,038,3,2022-08-11
040203,22,223,20,00,74,+23,+37.83053,-109.66674,01.6,06,040,3,2022-08-11
040203,22,223,22,00,34,+28,+37.83068,-109.66730,01.0,06,038,3,2022-08-11
040203,22,224,00,00,40,+23,+37.82948,-109.66640,01.6,06,038,3,2022-08-12
040203,22,224,02,00,56,+26,+37.83018,-109.66715,01.2,08,040,3,2022-08-12
040203,22,224,04,00,18,+25,+37.83021,-109.66745,01.1,07,040,3,2022-08-12
040203,22,224,06,00,40,+21,+37.83203,-109.65873,00.9,07,038,3,2022-08-12
040203,22,224,08,00,68,+26,+37.83364,-109.65759,01.1,08,054,3,2022-08-12
040203,22,224,10,00,18,+27,+37.83400,-109.65788,00.8,10,040,3,2022-08-12
040203,22,224,14,00,90,+34,+37.83140,-109.66921,01.2,06,038,3,2022-08-12
040203,22,224,16,00,36,+34,+37.83160,-109.66942,01.1,07,040,3,2022-08-12
040203,22,224,18,00,84,+28,+37.83744,-109.67343,00.9,08,038,3,2022-08-12
040203,22,224,20,00,98,+24,+37.83003,-109.66692,01.4,05,038,3,2022-08-12
040203,22,225,02,00,38,+23,+37.83295,-109.66725,02.0,06,038,3,2022-08-13
040203,22,225,04,00,08,+23,+37.83109,-109.66606,01.1,07,040,3,2022-08-13
040203,22,225,10,00,40,+29,+37.83847,-109.65761,01.2,09,038,3,2022-08-13
040203,22,225,14,00,60,+31,+37.83260,-109.66066,01.2,06,038,3,2022-08-13
040203,22,225,18,00,88,+26,+37.83635,-109.66999,01.0,07,038,3,2022-08-13
040203,22,225,20,00,68,+25,+37.83689,-109.67041,01.9,05,038,3,2022-08-13
040203,22,226,02,00,42,+26,+37.83684,-109.66986,01.1,08,038,3,2022-08-14
040203,22,226,04,00,08,+25,+37.83710,-109.67041,00.9,08,058,3,2022-08-14
040203,22,226,10,01,92,+29,+37.82562,-109.66892,02.5,06,052,3,2022-08-14
040203,22,226,12,00,62,+37,+37.82774,-109.66915,01.4,08,058,3,2022-08-14
040203,22,226,14,00,78,+30,+37.83034,-109.66623,01.0,08,038,3,2022-08-14
040203,22,226,16,00,44,+30,+37.83111,-109.66589,01.1,07,043,3,2022-08-14
040203,22,226,18,00,94,+23,+37.83396,-109.64775,01.0,06,039,3,2022-08-14
040203,22,226,20,00,88,+24,+37.83517,-109.65177,01.0,06,038,3,2022-08-14
040203,22,226,22,00,26,+23,+37.83417,-109.65017,00.9,06,038,3,2022-08-14
040203,22,227,02,00,54,+23,+37.83428,-109.64807,01.0,08,038,3,2022-08-15
040203,22,227,04,00,20,+21,+37.83374,-109.64811,01.0,06,037,3,2022-08-15
040203,22,227,10,00,50,+27,+37.83193,-109.63504,00.9,06,038,3,2022-08-15
040203,22,227,12,00,36,+28,+37.83269,-109.63466,01.3,09,038,3,2022-08-15
040203,22,227,14,00,68,+23,+37.83410,-109.63718,01.3,06,038,3,2022-08-15
040203,22,227,20,00,82,+21,+37.83237,-109.63715,01.0,07,038,3,2022-08-15
040203,22,227,22,00,46,+23,+37.83201,-109.63558,00.9,06,041,3,2022-08-15
040203,22,228,02,00,58,+25,+37.83249,-109.63598,01.0,07,041,3,2022-08-16
040203,22,228,04,00,20,+22,+37.83180,-109.63499,01.3,07,039,3,2022-08-16
040203,22,228,10,00,38,+27,+37.83649,-109.63111,00.9,07,038,3,2022-08-16
040203,22,228,12,00,84,+27,+37.83598,-109.63184,01.6,07,038,3,2022-08-16
040203,22,228,16,00,46,+28,+37.83382,-109.63695,01.2,07,038,3,2022-08-16
040203,22,228,18,00,88,+25,+37.83419,-109.63194,01.0,07,038,3,2022-08-16
040203,22,228,20,00,76,+23,+37.83602,-109.63157,01.2,06,038,3,2022-08-16
040203,22,228,22,00,42,+23,+37.83735,-109.63026,01.2,04,048,3,2022-08-16
040203,22,229,04,00,18,+24,+37.83603,-109.63207,01.0,08,038,3,2022-08-17
040203,22,229,12,00,54,+23,+37.83817,-109.63289,01.5,08,038,3,2022-08-17
040203,22,229,14,00,72,+29,+37.83626,-109.63405,00.9,08,040,3,2022-08-17
040203,22,229,16,00,72,+28,+37.83397,-109.63738,03.4,05,038,3,2022-08-17
040203,22,229,20,00,80,+24,+37.83388,-109.63777,01.3,06,038,3,2022-08-17
040203,22,229,22,00,30,+25,+37.83424,-109.63809,01.7,05,040,3,2022-08-17
040203,22,230,00,00,44,+21,+37.83419,-109.63836,01.7,06,038,3,2022-08-18
040203,22,230,02,00,40,+21,+37.83406,-109.63780,01.0,09,039,3,2022-08-18
040203,22,230,04,00,16,+20,+37.83406,-109.63760,01.0,07,040,3,2022-08-18
040203,22,230,08,00,64,+25,+37.83684,-109.63879,00.9,09,038,3,2022-08-18
040203,22,230,10,00,14,+28,+37.83693,-109.63864,00.8,10,038,3,2022-08-18
040203,22,230,12,00,86,+21,+37.83865,-109.63680,01.3,06,038,3,2022-08-18
040203,22,230,14,00,92,+25,+37.84190,-109.63251,01.3,07,038,3,2022-08-18
040203,22,230,20,00,82,+22,+37.83634,-109.63146,01.2,06,038,3,2022-08-18
040203,22,230,22,00,24,+25,+37.83687,-109.63232,01.0,06,045,3,2022-08-18
040203,22,231,02,00,52,+23,+37.83684,-109.63192,01.1,08,038,3,2022-08-19
040203,22,231,04,00,20,+22,+37.83668,-109.63176,01.0,07,038,3,2022-08-19
040203,22,231,10,00,36,+23,+37.83464,-109.63359,01.0,08,038,3,2022-08-19
040203,22,231,12,00,84,+19,+37.83657,-109.63756,01.0,07,048,3,2022-08-19
040203,22,231,16,00,70,+25,+37.83076,-109.63774,01.2,08,038,3,2022-08-19
040203,22,231,18,00,86,+24,+37.83158,-109.63682,00.9,09,038,3,2022-08-19
040203,22,231,20,00,80,+21,+37.83149,-109.63699,01.2,06,040,3,2022-08-19
040203,22,231,22,00,30,+22,+37.83169,-109.63678,01.8,05,037,3,2022-08-19
040203,22,232,02,00,56,+26,+37.83115,-109.63638,01.0,08,038,3,2022-08-20
040203,22,232,04,00,12,+24,+37.83127,-109.63604,00.9,08,038,3,2022-08-20
040203,22,232,06,00,36,+19,+37.83164,-109.63722,01.3,08,038,3,2022-08-20
040203,22,232,08,00,80,+23,+37.83130,-109.66957,01.1,08,041,3,2022-08-20
040203,22,232,10,00,36,+26,+37.83718,-109.67020,01.7,06,045,3,2022-08-20
040203,22,232,14,01,98,+23,+37.83227,-109.68559,01.2,07,059,3,2022-08-20
040203,22,232,18,00,78,+25,+37.83153,-109.68659,01.0,08,042,3,2022-08-20
040203,22,233,00,00,14,+18,+37.83274,-109.68626,01.1,06,038,3,2022-08-21
040203,22,233,06,00,34,+15,+37.83241,-109.68979,01.3,06,051,3,2022-08-21
040203,22,233,10,00,72,+26,+37.83495,-109.69887,00.9,09,038,3,2022-08-21
040203,22,233,12,00,20,+26,+37.83433,-109.69917,01.0,07,038,3,2022-08-21
040203,22,233,14,00,94,+28,+37.82827,-109.70134,01.2,07,038,3,2022-08-21
040203,22,233,22,00,32,+21,+37.82672,-109.70320,02.1,05,038,3,2022-08-21
040203,22,234,00,00,26,+23,+37.82619,-109.70288,01.0,07,038,3,2022-08-22
040203,22,234,04,00,10,+21,+37.82627,-109.70355,00.9,08,038,3,2022-08-22
040203,22,234,06,00,40,+19,+37.82718,-109.70312,01.1,09,038,3,2022-08-22
040203,22,234,10,00,86,+25,+37.83013,-109.70146,00.7,11,038,3,2022-08-22
040203,22,234,12,00,38,+28,+37.83048,-109.70131,00.7,10,039,3,2022-08-22
040203,22,234,14,00,60,+30,+37.83012,-109.70154,01.2,07,038,3,2022-08-22
040203,22,234,18,00,68,+25,+37.82591,-109.70434,01.0,07,038,3,2022-08-22
040203,22,234,20,00,94,+23,+37.82258,-109.70877,00.9,08,038,3,2022-08-22
040203,22,234,22,00,38,+23,+37.82332,-109.70780,01.1,06,040,3,2022-08-22
040203,22,235,00,00,78,+23,+37.82342,-109.70793,01.0,08,038,3,2022-08-23
040203,22,235,02,00,22,+24,+37.82311,-109.70780,00.9,08,038,3,2022-08-23
040203,22,235,04,00,16,+23,+37.82312,-109.70764,00.8,09,040,3,2022-08-23
040203,22,235,06,00,24,+21,+37.82259,-109.70901,01.2,08,038,3,2022-08-23
040203,22,235,08,00,54,+25,+37.82419,-109.71721,01.0,09,040,3,2022-08-23
040203,22,235,10,00,14,+26,+37.82410,-109.71740,00.7,11,038,3,2022-08-23
040203,22,235,12,00,46,+31,+37.82377,-109.71739,00.8,09,038,3,2022-08-23
040203,22,235,16,00,98,+31,+37.85526,-109.72988,01.8,06,048,3,2022-08-23
040203,22,235,18,00,82,+27,+37.85375,-109.73160,01.1,07,038,3,2022-08-23
040203,22,235,22,00,68,+23,+37.84068,-109.73217,02.4,05,038,3,2022-08-23
040203,22,236,02,00,52,+20,+37.84070,-109.73207,00.9,09,038,3,2022-08-24
040203,22,236,04,00,10,+24,+37.84072,-109.73186,01.1,06,056,3,2022-08-24
040203,22,236,10,00,84,+27,+37.85232,-109.72788,00.8,10,049,3,2022-08-24
040203,22,236,12,00,30,+28,+37.85270,-109.72789,01.0,07,038,3,2022-08-24
040203,22,236,16,00,52,+31,+37.86915,-109.70093,01.5,06,038,3,2022-08-24
040203,22,236,18,00,76,+25,+37.86890,-109.70156,01.1,07,038,3,2022-08-24
040203,22,236,22,00,32,+25,+37.86629,-109.69929,01.1,06,038,3,2022-08-24
040203,22,237,00,00,20,+24,+37.86694,-109.69938,01.6,05,040,3,2022-08-25
040203,22,237,02,00,90,+23,+37.86719,-109.69963,01.1,08,039,3,2022-08-25
040203,22,237,04,00,64,+24,+37.86690,-109.70005,01.0,07,041,3,2022-08-25
040203,22,237,06,00,20,+23,+37.86694,-109.69963,01.0,08,038,3,2022-08-25
040203,22,237,10,00,22,+28,+37.87481,-109.70142,00.8,10,038,3,2022-08-25
040203,22,237,12,00,12,+27,+37.87475,-109.70127,00.8,08,040,3,2022-08-25
040203,22,237,18,00,54,+26,+37.87286,-109.70200,01.1,07,037,3,2022-08-25
040203,22,237,22,00,20,+25,+37.86714,-109.70203,03.3,05,038,3,2022-08-25
040203,22,238,00,00,90,+23,+37.86693,-109.70026,01.6,05,039,3,2022-08-26
040203,22,238,02,00,14,+23,+37.86695,-109.70022,00.9,09,038,3,2022-08-26
040203,22,238,04,00,60,+23,+37.86670,-109.69988,01.0,07,040,3,2022-08-26
040203,22,238,06,00,34,+21,+37.86655,-109.70157,01.2,08,039,3,2022-08-26
040203,22,238,10,00,58,+27,+37.89899,-109.69554,00.8,10,038,3,2022-08-26
040203,22,238,12,00,76,+25,+37.92964,-109.68084,00.8,09,039,3,2022-08-26
040203,22,238,16,00,36,+29,+37.93587,-109.66492,01.1,08,038,3,2022-08-26
040203,22,238,18,00,70,+26,+37.93409,-109.66560,01.0,08,038,3,2022-08-26
040203,22,238,20,00,80,+22,+37.93886,-109.64482,01.0,07,038,3,2022-08-26
040203,22,238,22,00,30,+23,+37.93900,-109.64426,01.2,06,039,3,2022-08-26
040203,22,239,00,00,82,+23,+37.93950,-109.64398,01.1,06,039,3,2022-08-27
040203,22,239,02,00,14,+21,+37.93936,-109.64420,00.8,10,038,3,2022-08-27
040203,22,239,04,00,18,+24,+37.93937,-109.64424,00.8,09,040,3,2022-08-27
040203,22,239,06,00,46,+19,+37.93716,-109.64469,00.9,09,039,3,2022-08-27
040203,22,239,08,00,80,+25,+37.93709,-109.64286,01.4,07,040,3,2022-08-27
040203,22,239,10,00,14,+30,+37.93706,-109.64283,00.7,11,038,3,2022-08-27
040203,22,239,14,00,88,+31,+37.93926,-109.64385,00.9,07,038,3,2022-08-27
040203,22,239,16,00,22,+30,+37.93920,-109.64299,01.2,08,041,3,2022-08-27
040203,22,239,18,00,54,+27,+37.93690,-109.64418,01.0,08,038,3,2022-08-27
040203,22,239,20,00,80,+21,+37.93948,-109.64414,01.2,06,043,3,2022-08-27
040203,22,239,22,00,30,+22,+37.93937,-109.64417,04.1,05,040,3,2022-08-27
040203,22,240,02,00,46,+21,+37.93941,-109.64363,01.1,08,038,3,2022-08-28
040203,22,240,04,00,26,+25,+37.93957,-109.64405,00.9,08,042,3,2022-08-28
040203,22,240,06,00,32,+22,+37.94174,-109.63970,01.0,09,039,3,2022-08-28
040203,22,240,08,00,64,+26,+37.95182,-109.62953,01.3,07,038,3,2022-08-28
040203,22,240,10,00,90,+28,+37.95899,-109.62646,00.8,10,038,3,2022-08-28
040203,22,240,14,00,60,+29,+37.95720,-109.62658,00.9,06,043,3,2022-08-28
040203,22,240,16,00,48,+30,+37.95790,-109.62605,01.8,06,041,3,2022-08-28
040203,22,240,18,00,76,+28,+37.96162,-109.63153,01.2,06,038,3,2022-08-28
040203,22,240,20,00,74,+26,+37.96151,-109.63207,01.2,05,038,3,2022-08-28
040203,22,240,22,00,28,+25,+37.96196,-109.63260,04.2,04,040,3,2022-08-28
040203,22,241,00,00,20,+25,+37.96162,-109.63288,01.1,07,038,3,2022-08-29
040203,22,241,02,00,12,+25,+37.96164,-109.63279,00.9,09,038,3,2022-08-29
040203,22,241,04,00,14,+24,+37.96155,-109.63278,00.9,08,038,3,2022-08-29
040203,22,241,06,00,32,+20,+37.96153,-109.63224,01.6,06,038,3,2022-08-29
040203,22,241,08,00,78,+26,+37.95824,-109.62619,01.3,07,040,3,2022-08-29
040203,22,241,10,00,62,+30,+37.95464,-109.62635,01.1,09,038,3,2022-08-29
040203,22,241,14,00,60,+34,+37.95429,-109.62906,00.9,07,038,3,2022-08-29
040203,22,241,16,00,30,+35,+37.95347,-109.62799,02.1,06,038,3,2022-08-29
040203,22,241,18,00,94,+30,+37.95573,-109.62742,01.3,06,038,3,2022-08-29
040203,22,241,20,00,70,+25,+37.95299,-109.62782,01.6,04,038,3,2022-08-29
040203,22,242,00,00,16,+20,+37.95282,-109.62852,01.0,07,038,3,2022-08-30
040203,22,242,02,00,48,+20,+37.95142,-109.62974,00.9,09,038,3,2022-08-30
040203,22,242,04,00,16,+21,+37.95143,-109.62971,00.8,09,040,3,2022-08-30
040203,22,242,06,00,44,+21,+37.95109,-109.63077,00.9,09,038,3,2022-08-30
040203,22,242,10,00,24,+35,+37.94635,-109.63276,00.8,09,038,3,2022-08-30
040203,22,242,12,00,26,+38,+37.94645,-109.63297,00.8,09,038,3,2022-08-30
040203,22,242,14,00,94,+41,+37.95074,-109.63565,00.9,07,038,3,2022-08-30
040203,22,242,16,00,70,+36,+37.94985,-109.63288,02.0,06,053,3,2022-08-30
040203,22,242,18,00,56,+31,+37.95210,-109.63081,01.6,05,038,3,2022-08-30
040203,22,243,02,00,16,+20,+37.95322,-109.62860,00.8,09,038,3,2022-08-31
040203,22,243,04,00,10,+23,+37.95317,-109.62852,00.9,08,039,3,2022-08-31
040203,22,243,06,00,32,+24,+37.95629,-109.62681,01.2,08,038,3,2022-08-31
040203,22,243,08,00,92,+27,+37.95866,-109.62665,02.1,06,038,3,2022-08-31
040203,22,243,10,00,72,+28,+37.95785,-109.62606,01.1,08,039,3,2022-08-31
040203,22,243,16,00,58,+39,+37.96869,-109.61870,01.4,06,038,3,2022-08-31
040203,22,243,18,00,64,+32,+37.97066,-109.61985,01.3,06,038,3,2022-08-31
040203,22,243,20,00,72,+27,+37.96794,-109.61898,01.2,05,038,3,2022-08-31
040203,22,244,00,00,22,+24,+37.96884,-109.61782,02.5,05,038,3,2022-09-01
040203,22,244,04,00,18,+24,+37.96876,-109.61767,00.8,09,038,3,2022-09-01
040203,22,244,06,00,30,+24,+37.96883,-109.61885,01.2,08,038,3,2022-09-01
040203,22,244,10,00,20,+32,+37.96961,-109.61651,01.3,07,038,3,2022-09-01
040203,22,244,12,00,62,+39,+37.96844,-109.61853,00.9,08,038,3,2022-09-01
040203,22,244,18,00,82,+32,+37.96619,-109.62274,01.3,06,038,3,2022-09-01
040203,22,245,02,00,10,+24,+37.96936,-109.61833,00.9,09,044,3,2022-09-02
040203,22,245,04,00,62,+22,+37.96903,-109.61763,01.5,06,038,3,2022-09-02
040203,22,245,06,00,36,+21,+37.96969,-109.61761,00.9,08,038,3,2022-09-02
040203,22,245,08,00,86,+25,+37.97412,-109.61266,02.2,06,038,3,2022-09-02
040203,22,245,10,00,36,+34,+37.97426,-109.61602,01.4,06,048,3,2022-09-02
040203,22,245,16,00,56,+37,+37.97644,-109.61448,01.5,06,038,3,2022-09-02
040203,22,245,20,00,82,+27,+37.98270,-109.61022,01.1,05,038,3,2022-09-02
040203,22,245,22,00,28,+25,+37.98260,-109.61060,01.8,05,040,3,2022-09-02
040203,22,246,00,00,12,+28,+37.98257,-109.61058,01.0,08,039,3,2022-09-03
040203,22,246,02,00,26,+25,+37.98229,-109.61058,00.8,10,038,3,2022-09-03
040203,22,246,04,00,10,+24,+37.98228,-109.61058,00.8,09,040,3,2022-09-03
040203,22,246,06,00,28,+23,+37.98402,-109.60666,00.8,10,038,3,2022-09-03
040203,22,246,10,00,64,+32,+37.98902,-109.60193,01.1,09,038,3,2022-09-03
040203,22,246,12,00,30,+36,+37.98899,-109.60129,01.1,06,038,3,2022-09-03
040203,22,246,14,00,76,+36,+37.98814,-109.60182,01.3,05,038,3,2022-09-03
040203,22,246,16,00,58,+37,+37.98745,-109.60581,02.1,05,039,3,2022-09-03
040203,22,246,18,00,80,+32,+37.98612,-109.60840,01.3,06,038,3,2022-09-03
040203,22,246,20,00,70,+28,+37.98133,-109.61014,01.1,05,038,3,2022-09-03
040203,22,246,22,00,54,+25,+37.98084,-109.61067,01.8,05,038,3,2022-09-03
040203,22,247,00,00,56,+25,+37.98186,-109.61042,02.7,06,040,3,2022-09-04
040203,22,247,04,00,14,+25,+37.98124,-109.61013,01.0,07,038,3,2022-09-04
040203,22,247,06,00,32,+24,+37.97977,-109.60941,00.9,09,038,3,2022-09-04
040203,22,247,12,00,62,+35,+37.97821,-109.60928,01.6,05,038,3,2022-09-04
040203,22,247,14,00,34,+36,+37.98152,-109.60981,01.0,06,060,2,2022-09-04
040203,22,247,18,00,80,+33,+37.98463,-109.60789,01.4,06,038,3,2022-09-04
040203,22,247,20,00,64,+27,+37.98316,-109.61065,01.2,05,060,2,2022-09-04
040203,22,248,00,00,58,+23,+37.98189,-109.61025,01.4,06,038,3,2022-09-05
040203,22,248,02,00,12,+25,+37.98186,-109.61035,01.4,06,038,3,2022-09-05
040203,22,248,04,00,10,+22,+37.98191,-109.61026,01.1,06,039,3,2022-09-05
040203,22,248,10,00,74,+32,+37.98529,-109.60653,01.6,06,038,3,2022-09-05
040203,22,248,12,00,18,+34,+37.98559,-109.60661,01.2,05,039,3,2022-09-05
040203,22,248,14,00,42,+37,+37.98616,-109.60385,01.0,06,038,3,2022-09-05
040203,22,248,16,00,58,+37,+37.98416,-109.60640,02.2,05,039,3,2022-09-05
040203,22,249,02,01,18,+23,+37.98315,-109.60938,01.0,06,047,3,2022-09-06
040203,22,249,10,00,52,+33,+37.97019,-109.61466,01.4,06,038,3,2022-09-06
040203,22,249,14,00,38,+42,+37.97352,-109.61578,01.0,07,039,3,2022-09-06
040203,22,249,16,00,70,+41,+37.97724,-109.61212,01.5,06,038,3,2022-09-06
040203,22,249,18,00,66,+34,+37.98620,-109.60720,01.9,05,038,3,2022-09-06
040203,22,250,00,00,42,+27,+37.98582,-109.60800,01.0,08,038,3,2022-09-07
040203,22,250,04,00,28,+27,+37.98609,-109.60800,01.3,06,053,3,2022-09-07
040203,22,250,06,00,36,+26,+37.98687,-109.60495,01.2,07,038,3,2022-09-07
040203,22,250,10,00,76,+33,+37.99367,-109.59678,01.1,08,038,3,2022-09-07
040203,22,250,12,00,56,+35,+37.99379,-109.59679,01.1,06,038,3,2022-09-07
040203,22,250,16,00,46,+39,+37.99380,-109.59638,01.6,07,038,3,2022-09-07
040203,22,250,18,00,96,+35,+37.99046,-109.59861,00.9,08,039,3,2022-09-07
040203,22,250,20,00,50,+30,+37.99211,-109.60289,01.0,07,038,3,2022-09-07
040203,22,250,22,00,24,+27,+37.99205,-109.60285,01.1,06,040,3,2022-09-07
040203,22,251,00,00,68,+25,+37.99010,-109.60092,01.0,08,039,3,2022-09-08
040203,22,251,02,00,40,+25,+37.99086,-109.60193,00.9,08,038,3,2022-09-08
040203,22,251,04,00,12,+28,+37.99089,-109.60197,01.0,08,040,3,2022-09-08
040203,22,251,06,00,28,+24,+37.99244,-109.59919,01.5,07,038,3,2022-09-08
040203,22,251,16,01,36,+35,+37.98517,-109.60657,00.9,09,048,3,2022-09-08
040203,22,251,18,00,72,+31,+37.97925,-109.61178,01.1,07,038,3,2022-09-08
040203,22,251,20,00,86,+27,+37.97737,-109.61393,01.0,07,038,3,2022-09-08
040203,22,251,22,00,16,+25,+37.97743,-109.61386,01.1,06,040,3,2022-09-08
040203,22,252,00,00,86,+24,+37.97767,-109.61185,00.9,09,038,3,2022-09-09
040203,22,252,02,00,28,+26,+37.97643,-109.61265,00.9,08,040,3,2022-09-09
040203,22,252,06,00,22,+22,+37.97652,-109.61292,01.2,08,038,3,2022-09-09
040203,22,252,10,00,28,+31,+37.97645,-109.61172,01.1,07,038,3,2022-09-09
040203,22,252,12,00,80,+37,+37.98187,-109.60884,01.3,05,038,3,2022-09-09
040203,22,252,16,00,16,+35,+37.98450,-109.60569,01.0,07,038,3,2022-09-09
040203,22,252,18,00,82,+31,+37.98444,-109.60758,00.9,08,038,3,2022-09-09
040203,22,252,22,00,30,+27,+37.98099,-109.60914,01.3,05,053,3,2022-09-09
040203,22,253,00,00,12,+26,+37.98107,-109.60923,01.0,08,038,3,2022-09-10
040203,22,253,02,00,54,+24,+37.98093,-109.60915,01.2,07,038,3,2022-09-10
040203,22,253,04,00,12,+25,+37.98094,-109.60914,01.0,07,039,3,2022-09-10
040203,22,253,12,00,54,+31,+37.99505,-109.59619,01.2,06,044,3,2022-09-10
040203,22,253,14,00,90,+34,+37.99449,-109.59854,02.4,05,038,3,2022-09-10
040203,22,253,16,00,54,+31,+37.99288,-109.59881,00.9,08,039,3,2022-09-10
040203,22,253,18,00,62,+29,+37.98986,-109.60114,01.0,07,038,3,2022-09-10
040203,22,253,20,00,54,+25,+37.99024,-109.60198,01.0,07,040,3,2022-09-10
040203,22,253,22,00,16,+24,+37.99023,-109.60199,01.1,06,039,3,2022-09-10
040203,22,254,02,00,40,+23,+37.99118,-109.60157,00.9,09,038,3,2022-09-11
040203,22,254,04,00,12,+23,+37.99125,-109.60166,01.0,08,038,3,2022-09-11
040203,22,254,06,00,14,+18,+37.99116,-109.60182,01.1,08,038,3,2022-09-11
040203,22,254,08,00,94,+21,+37.99489,-109.59786,01.2,08,038,3,2022-09-11
040203,22,254,12,00,42,+30,+38.00282,-109.59499,01.5,05,038,3,2022-09-11
040203,22,254,16,00,54,+31,+37.99444,-109.59880,02.3,07,038,3,2022-09-11
040203,22,254,18,00,74,+30,+37.99187,-109.59725,01.0,06,038,3,2022-09-11
040203,22,254,20,00,74,+25,+37.99327,-109.59800,01.4,07,058,3,2022-09-11
040203,22,255,00,00,18,+24,+37.99308,-109.59738,01.4,06,038,3,2022-09-12
040203,22,255,02,00,60,+24,+37.99326,-109.59808,00.9,07,038,3,2022-09-12
040203,22,255,06,00,14,+24,+37.99323,-109.59808,01.5,07,038,3,2022-09-12
040203,22,255,08,00,94,+23,+37.99496,-109.59667,00.9,09,038,3,2022-09-12
040203,22,255,10,00,74,+33,+37.99408,-109.59800,00.9,09,039,3,2022-09-12
040203,22,255,12,00,50,+29,+37.99446,-109.59700,01.3,05,038,3,2022-09-12
040203,22,255,16,00,68,+30,+37.99955,-109.59370,00.9,09,038,3,2022-09-12
040203,22,255,18,00,64,+29,+37.99791,-109.59381,01.0,08,038,3,2022-09-12
040203,22,255,20,00,44,+24,+37.99814,-109.59389,00.9,08,040,3,2022-09-12
040203,22,256,00,00,26,+25,+37.99788,-109.59312,01.2,08,038,3,2022-09-13
040203,22,256,02,00,42,+25,+37.99771,-109.59305,00.9,09,038,3,2022-09-13
040203,22,256,04,00,12,+24,+37.99772,-109.59299,01.0,08,039,3,2022-09-13
040203,22,256,06,00,14,+25,+37.99781,-109.59285,01.1,08,038,3,2022-09-13
040203,22,256,08,00,72,+23,+38.00498,-109.58958,00.9,09,045,3,2022-09-13
040203,22,256,12,00,70,+30,+38.02142,-109.58956,01.5,05,038,3,2022-09-13
040203,22,256,16,00,88,+26,+38.02550,-109.58732,01.0,08,037,3,2022-09-13
040203,22,256,18,00,94,+26,+38.02395,-109.58765,01.1,07,039,3,2022-09-13
040203,22,257,02,00,96,+20,+38.02528,-109.58615,00.8,10,038,3,2022-09-14
040203,22,257,04,00,22,+23,+38.02489,-109.58625,00.9,08,039,3,2022-09-14
040203,22,257,06,00,14,+21,+38.02501,-109.58614,01.4,06,038,3,2022-09-14
040203,22,257,08,00,52,+24,+38.03001,-109.58714,00.8,09,038,3,2022-09-14
040203,22,257,10,00,90,+24,+38.03220,-109.58609,01.6,06,038,3,2022-09-14
040203,22,257,16,00,32,+25,+38.02822,-109.58712,01.0,08,038,3,2022-09-14
040203,22,257,18,00,70,+24,+38.02984,-109.58361,01.1,07,038,3,2022-09-14
040203,22,257,22,00,12,+25,+38.02829,-109.58244,01.1,06,038,3,2022-09-14
040203,22,258,00,00,74,+23,+38.02719,-109.58263,01.1,08,038,3,2022-09-15
040203,22,258,02,00,18,+23,+38.02771,-109.58282,00.9,09,039,3,2022-09-15
040203,22,258,04,00,64,+21,+38.02672,-109.58214,01.2,07,039,3,2022-09-15
040203,22,258,08,00,60,+25,+38.03208,-109.59020,00.9,08,038,3,2022-09-15
040203,22,258,10,00,84,+25,+38.03049,-109.58931,01.2,06,038,3,2022-09-15
040203,22,258,12,00,26,+31,+38.03066,-109.58931,01.5,05,038,3,2022-09-15
040203,22,258,16,00,78,+30,+38.02754,-109.58789,01.0,08,038,3,2022-09-15
040203,22,258,18,00,72,+29,+38.02656,-109.58191,01.3,06,038,3,2022-09-15
040203,22,258,20,00,72,+25,+38.02566,-109.58040,01.4,07,039,3,2022-09-15
040203,22,258,22,00,14,+25,+38.02547,-109.58002,01.4,06,040,3,2022-09-15
040203,22,259,02,00,30,+20,+38.02516,-109.58097,01.6,06,038,3,2022-09-16
040203,22,259,08,00,74,+25,+38.03163,-109.58939,01.0,08,038,3,2022-09-16
040203,22,259,16,01,76,+30,+38.02680,-109.58840,01.1,07,050,3,2022-09-16
040203,22,259,18,00,66,+28,+38.02756,-109.58245,01.5,05,040,3,2022-09-16
040203,22,259,20,00,70,+26,+38.02633,-109.58025,01.4,07,039,3,2022-09-16
040203,22,259,22,00,20,+27,+38.02627,-109.58027,01.4,06,040,3,2022-09-16
040203,22,260,00,00,34,+22,+38.02602,-109.58023,01.1,07,038,3,2022-09-17
040203,22,260,02,00,84,+21,+38.02590,-109.58091,01.1,07,037,3,2022-09-17
040203,22,260,04,00,14,+25,+38.02583,-109.58100,01.3,06,041,3,2022-09-17
040203,22,260,06,00,12,+20,+38.02558,-109.58032,01.5,06,040,3,2022-09-17
040203,22,260,08,00,78,+20,+38.03155,-109.58401,00.9,07,038,3,2022-09-17
040203,22,260,10,00,56,+31,+38.03156,-109.58654,00.8,08,040,3,2022-09-17
040203,22,260,12,00,38,+31,+38.01965,-109.58778,01.5,05,038,3,2022-09-17
040203,22,260,16,00,34,+30,+38.02177,-109.58827,01.2,07,038,3,2022-09-17
040203,22,260,22,00,22,+20,+38.02396,-109.59629,01.1,06,049,3,2022-09-17
040203,22,261,00,00,12,+24,+38.02407,-109.59638,01.1,08,040,3,2022-09-18
040203,22,261,02,00,86,+20,+38.02524,-109.59626,00.8,09,038,3,2022-09-18
040203,22,261,04,00,22,+23,+38.02482,-109.59641,00.9,07,058,3,2022-09-18
040203,22,261,06,00,14,+21,+38.02486,-109.59614,01.3,08,038,3,2022-09-18
040203,22,261,12,00,44,+30,+37.99294,-109.59636,01.5,05,038,3,2022-09-18
040203,22,261,16,00,90,+30,+37.99093,-109.59846,00.9,09,038,3,2022-09-18
040203,22,261,18,00,96,+27,+37.99136,-109.60105,01.3,06,037,3,2022-09-18
040203,22,261,20,00,58,+21,+37.99213,-109.60100,01.9,06,038,3,2022-09-18
040203,22,262,00,00,28,+20,+37.99184,-109.60142,00.9,09,038,3,2022-09-19
040203,22,262,02,00,08,+24,+37.99180,-109.60161,01.4,06,048,3,2022-09-19
040203,22,262,04,00,10,+23,+37.99175,-109.60142,01.2,07,038,3,2022-09-19
040203,22,262,08,00,88,+21,+37.99072,-109.59942,00.9,07,038,3,2022-09-19
040203,22,262,14,00,56,+35,+37.98954,-109.60037,02.0,04,038,3,2022-09-19
040203,22,262,18,00,90,+27,+37.98833,-109.59999,01.4,06,038,3,2022-09-19
040203,22,263,00,00,14,+24,+37.98709,-109.60544,00.9,09,038,3,2022-09-20
040203,22,263,02,00,18,+21,+37.98710,-109.60543,00.9,08,040,3,2022-09-20
040203,22,263,04,00,16,+23,+37.98700,-109.60563,01.0,08,040,3,2022-09-20
040203,22,263,06,00,22,+21,+37.98630,-109.60598,01.8,06,038,3,2022-09-20
040203,22,263,10,00,40,+25,+37.98531,-109.60861,00.9,07,038,3,2022-09-20
040203,22,263,16,00,64,+23,+37.98127,-109.61098,00.9,09,038,3,2022-09-20
040203,22,263,18,00,96,+23,+37.98405,-109.60920,01.2,06,038,3,2022-09-20
040203,22,263,20,00,58,+22,+37.98349,-109.60968,01.1,07,040,3,2022-09-20
040203,22,263,22,00,14,+20,+37.98349,-109.60938,01.0,07,038,3,2022-09-20
040203,22,264,00,00,38,+24,+37.98347,-109.60968,00.9,09,039,3,2022-09-21
040203,22,264,04,00,24,+23,+37.98327,-109.60964,01.0,08,038,3,2022-09-21
040203,22,264,06,00,14,+22,+37.98323,-109.60888,01.5,07,038,3,2022-09-21
040203,22,264,08,00,78,+23,+37.98378,-109.60581,00.9,09,038,3,2022-09-21
040203,22,264,10,00,16,+23,+37.98612,-109.60424,00.9,07,058,3,2022-09-21
040203,22,264,16,00,66,+25,+37.98811,-109.60192,01.1,07,038,3,2022-09-21
040203,22,264,20,00,82,+24,+38.01576,-109.58821,01.7,04,038,3,2022-09-21
040203,22,264,22,00,34,+23,+38.01562,-109.58818,01.8,04,041,3,2022-09-21
040203,22,265,00,00,66,+22,+38.01549,-109.58765,02.0,06,039,3,2022-09-22
040203,22,265,02,00,18,+23,+38.01550,-109.58753,01.0,08,038,3,2022-09-22
040203,22,265,04,00,16,+19,+38.01543,-109.58746,01.2,07,038,3,2022-09-22
040203,22,265,08,00,96,+21,+38.01578,-109.58721,00.9,09,038,3,2022-09-22
040203,22,265,16,00,30,+29,+38.01950,-109.59114,01.1,07,038,3,2022-09-22
040203,22,265,18,00,78,+25,+38.01663,-109.58664,01.2,07,038,3,2022-09-22
040203,22,265,20,00,66,+23,+38.01628,-109.58667,01.1,06,038,3,2022-09-22
040203,22,265,22,00,16,+23,+38.01633,-109.58673,01.5,06,038,3,2022-09-22
040203,22,266,02,00,78,+23,+38.01609,-109.58649,01.4,06,038,3,2022-09-23
040203,22,266,08,00,98,+18,+38.01886,-109.58521,01.0,08,038,3,2022-09-23
040203,22,266,10,00,62,+26,+38.01910,-109.58496,01.0,06,057,3,2022-09-23
040203,22,266,14,00,62,+33,+38.01983,-109.58860,06.1,04,038,3,2022-09-23
040203,22,266,16,00,50,+31,+38.01826,-109.58962,01.1,06,038,3,2022-09-23
040203,22,266,18,00,98,+25,+38.02122,-109.58404,01.3,06,038,3,2022-09-23
040203,22,266,20,00,64,+23,+38.02153,-109.58535,00.9,08,040,3,2022-09-23
040203,22,266,22,00,14,+17,+38.02153,-109.58540,01.5,06,038,3,2022-09-23
040203,22,267,00,00,22,+18,+38.02087,-109.58551,01.2,08,038,3,2022-09-24
040203,22,267,02,00,82,+20,+38.02030,-109.58473,01.2,06,058,3,2022-09-24
040203,22,267,04,00,14,+23,+38.02036,-109.58466,01.3,06,038,3,2022-09-24
040203,22,267,10,00,48,+26,+38.02534,-109.57878,01.2,05,038,3,2022-09-24
040203,22,267,14,00,36,+34,+38.03236,-109.58925,01.4,06,038,3,2022-09-24
040203,22,267,16,00,32,+31,+38.02947,-109.59211,01.2,07,038,3,2022-09-24
040203,22,267,18,00,96,+25,+38.02084,-109.59387,01.8,06,038,3,2022-09-24
040203,22,267,20,00,84,+21,+38.02333,-109.59236,02.7,06,038,3,2022-09-24
040203,22,267,22,00,16,+20,+38.02329,-109.59230,01.0,07,039,3,2022-09-24
040203,22,268,00,00,12,+17,+38.02323,-109.59228,00.8,10,038,3,2022-09-25
040203,22,268,02,00,24,+14,+38.02260,-109.59182,01.0,07,038,3,2022-09-25
040203,22,268,04,00,38,+20,+38.02213,-109.59268,00.8,09,038,3,2022-09-25
040203,22,268,06,00,10,+15,+38.02217,-109.59267,01.2,07,038,3,2022-09-25
040203,22,268,08,00,94,+23,+38.02552,-109.59101,01.1,06,038,3,2022-09-25
040203,22,268,10,00,60,+28,+38.01954,-109.59140,00.9,07,039,3,2022-09-25
040203,22,268,16,00,34,+31,+38.01920,-109.58721,01.1,06,038,3,2022-09-25
040203,22,268,20,00,92,+23,+38.01649,-109.58820,01.8,06,038,3,2022-09-25
040203,22,269,00,00,24,+20,+38.01649,-109.58679,01.2,07,054,3,2022-09-26
040203,22,269,04,00,16,+19,+38.01642,-109.58679,01.0,08,038,3,2022-09-26
040203,22,269,06,00,18,+18,+38.01753,-109.58554,01.3,07,038,3,2022-09-26
040203,22,269,10,00,58,+31,+38.02181,-109.58714,00.9,07,038,3,2022-09-26
040203,22,269,12,00,22,+30,+38.02404,-109.58858,00.9,07,040,3,2022-09-26
040203,22,269,14,00,38,+31,+38.02391,-109.58862,01.5,06,038,3,2022-09-26
040203,22,269,16,00,92,+33,+38.03418,-109.58135,01.2,06,047,3,2022-09-26
040203,22,269,20,00,38,+25,+38.03409,-109.58260,01.2,06,038,3,2022-09-26
040203,22,269,22,00,14,+24,+38.03257,-109.58260,01.0,07,040,3,2022-09-26
040203,22,270,00,00,16,+24,+38.03241,-109.58271,01.0,08,038,3,2022-09-27
040203,22,270,02,00,14,+20,+38.03253,-109.58273,01.2,06,039,3,2022-09-27
040203,22,270,04,00,12,+20,+38.03228,-109.58245,00.9,09,040,3,2022-09-27
040203,22,270,08,00,96,+21,+38.05846,-109.57544,00.9,09,038,3,2022-09-27
040203,22,270,10,00,82,+28,+38.05948,-109.57565,00.9,07,040,3,2022-09-27
040203,22,270,14,00,44,+25,+38.05936,-109.57571,02.2,06,038,3,2022-09-27
040203,22,270,16,00,62,+28,+38.05453,-109.57599,01.0,07,038,3,2022-09-27
040203,22,270,18,00,60,+26,+38.05168,-109.57682,01.2,06,039,3,2022-09-27
040203,22,270,22,00,28,+23,+38.04979,-109.58420,01.0,08,038,3,2022-09-27
040203,22,271,00,00,14,+21,+38.04980,-109.58427,00.9,08,039,3,2022-09-28
040203,22,271,02,00,68,+18,+38.05033,-109.58462,00.9,08,038,3,2022-09-28
040203,22,271,04,00,18,+23,+38.05023,-109.58466,00.9,09,038,3,2022-09-28
040203,22,271,08,00,80,+26,+38.04070,-109.58457,01.6,06,038,3,2022-09-28
040203,22,271,10,00,66,+28,+38.04052,-109.58458,00.9,07,058,3,2022-09-28
040203,22,271,14,00,16,+34,+38.05246,-109.58221,01.8,07,038,3,2022-09-28
040203,22,271,16,00,80,+31,+38.05095,-109.58209,00.9,08,038,3,2022-09-28
040203,22,271,18,00,76,+25,+38.05130,-109.58284,01.0,07,038,3,2022-09-28
040203,22,272,00,00,22,+25,+38.03256,-109.59026,01.1,08,038,3,2022-09-29
040203,22,272,02,00,12,+25,+38.03255,-109.59024,00.9,08,040,3,2022-09-29
040203,22,272,04,00,12,+24,+38.03256,-109.59022,00.9,09,038,3,2022-09-29
040203,22,272,06,00,30,+19,+38.03366,-109.59074,01.2,08,038,3,2022-09-29
040203,22,272,08,00,90,+25,+38.03733,-109.58293,01.0,07,038,3,2022-09-29
040203,22,272,10,00,18,+31,+38.03842,-109.58511,01.0,06,038,3,2022-09-29
040203,22,272,12,00,84,+35,+38.03678,-109.58466,01.1,06,057,3,2022-09-29
040203,22,272,16,00,84,+29,+38.03280,-109.58774,01.2,07,038,3,2022-09-29
040203,22,272,18,00,80,+25,+38.03563,-109.58869,01.0,07,039,3,2022-09-29
040203,22,272,20,00,54,+25,+38.03508,-109.58980,01.0,07,038,3,2022-09-29
040203,22,272,22,00,14,+29,+38.03511,-109.58981,00.9,09,040,3,2022-09-29
040203,22,273,00,00,18,+23,+38.03517,-109.58977,01.4,06,038,3,2022-09-30
040203,22,273,02,00,48,+23,+38.03432,-109.59072,01.2,06,040,3,2022-09-30
040203,22,273,04,00,08,+21,+38.03422,-109.59075,01.2,07,040,3,2022-09-30
040203,22,273,06,00,16,+22,+38.03442,-109.58992,01.5,06,038,3,2022-09-30
040203,22,273,08,00,94,+24,+38.04344,-109.58419,01.5,07,058,3,2022-09-30
040203,22,273,10,00,64,+29,+38.05217,-109.57527,01.3,04,040,3,2022-09-30
040203,22,273,16,00,62,+17,+38.05033,-109.58807,01.0,07,038,3,2022-09-30
040203,22,273,18,00,96,+19,+38.04639,-109.58761,01.0,07,038,3,2022-09-30
040203,22,273,22,00,12,+22,+38.04538,-109.58805,00.8,10,054,3,2022-09-30
040203,22,274,00,00,28,+20,+38.04557,-109.58775,00.8,09,038,3,2022-10-01
040203,22,274,02,00,46,+21,+38.04605,-109.58751,01.2,07,038,3,2022-10-01
040203,22,274,04,00,12,+23,+38.04602,-109.58753,00.9,08,038,3,2022-10-01
040203,22,274,14,00,88,+25,+38.05788,-109.57665,01.4,07,038,3,2022-10-01
040203,22,274,16,00,62,+27,+38.05743,-109.57512,01.2,07,037,3,2022-10-01
040203,22,274,18,00,88,+24,+38.05436,-109.57131,01.4,05,038,3,2022-10-01
040203,22,275,00,00,44,+19,+38.05500,-109.57266,01.0,09,038,3,2022-10-02
040203,22,275,02,00,12,+21,+38.05494,-109.57266,01.2,06,058,3,2022-10-02
040203,22,275,04,00,06,+20,+38.05497,-109.57268,01.1,07,040,3,2022-10-02
040203,22,275,10,00,74,+21,+38.04891,-109.57245,01.0,06,038,3,2022-10-02
040203,22,275,12,00,10,+23,+38.05126,-109.57552,01.4,06,038,3,2022-10-02
040203,22,275,14,00,48,+32,+38.05629,-109.57514,01.5,06,040,3,2022-10-02
040203,22,275,16,00,88,+25,+38.06082,-109.56665,01.3,06,038,3,2022-10-02
040203,22,275,20,00,56,+17,+38.06193,-109.57275,00.9,08,038,3,2022-10-02
040203,22,275,22,00,52,+21,+38.05732,-109.57187,01.3,07,038,3,2022-10-02
040203,22,276,00,00,42,+20,+38.05676,-109.57089,00.9,09,038,3,2022-10-03
040203,22,276,02,00,16,+19,+38.05677,-109.57083,01.7,05,042,3,2022-10-03
040203,22,276,04,00,12,+20,+38.05675,-109.57085,01.1,08,040,3,2022-10-03
040203,22,276,08,00,60,+20,+38.06254,-109.56829,01.2,08,038,3,2022-10-03
040203,22,276,10,00,56,+28,+38.06505,-109.56774,01.0,06,039,3,2022-10-03
040203,22,276,12,00,66,+25,+38.06405,-109.57142,01.6,06,038,3,2022-10-03
040203,22,276,14,00,72,+29,+38.06226,-109.57352,01.8,06,038,3,2022-10-03
040203,22,276,16,00,32,+29,+38.06364,-109.57245,01.0,08,038,3,2022-10-03
040203,22,276,18,00,84,+24,+38.06689,-109.56906,01.0,07,038,3,2022-10-03
040203,22,276,20,00,26,+24,+38.06672,-109.56959,01.1,07,038,3,2022-10-03
040203,22,276,22,00,10,+20,+38.06671,-109.56962,00.8,09,038,3,2022-10-03
040203,22,277,00,00,60,+19,+38.06296,-109.56949,00.8,09,038,3,2022-10-04
040203,22,277,02,00,28,+24,+38.06270,-109.56415,01.8,06,042,3,2022-10-04
040203,22,277,04,00,10,+23,+38.06354,-109.56761,01.1,07,039,3,2022-10-04
040203,22,277,06,00,08,+17,+38.06381,-109.56813,01.0,08,040,3,2022-10-04
040203,22,277,08,00,82,+17,+38.06125,-109.57399,01.3,08,038,3,2022-10-04
040203,22,277,10,00,50,+26,+38.06073,-109.57338,00.9,06,038,3,2022-10-04
040203,22,277,12,00,38,+27,+38.06157,-109.57445,01.5,06,045,3,2022-10-04
040203,22,277,14,00,76,+30,+38.06320,-109.57411,02.1,06,040,3,2022-10-04
040203,22,277,16,00,42,+29,+38.06180,-109.57733,01.4,07,038,3,2022-10-04
040203,22,277,18,00,96,+23,+38.05950,-109.57813,01.0,08,038,3,2022-10-04
040203,22,277,20,00,28,+23,+38.05989,-109.57805,00.8,09,037,3,2022-10-04
040203,22,277,22,00,30,+18,+38.06026,-109.57707,01.6,07,038,3,2022-10-04
040203,22,278,00,00,52,+20,+38.05984,-109.57826,00.9,08,038,3,2022-10-05
040203,22,278,02,00,16,+15,+38.05982,-109.57817,01.0,07,039,3,2022-10-05
040203,22,278,04,00,10,+17,+38.05984,-109.57821,01.4,07,038,3,2022-10-05
040203,22,278,06,00,08,+17,+38.05960,-109.57781,00.9,09,038,3,2022-10-05
040203,22,278,10,00,74,+28,+38.05467,-109.58063,01.2,05,039,3,2022-10-05
040203,22,278,14,00,28,+29,+38.05348,-109.57908,01.2,07,038,3,2022-10-05
040203,22,278,16,00,82,+28,+38.05459,-109.57801,01.1,07,038,3,2022-10-05
040203,22,278,18,00,88,+23,+38.05377,-109.58267,00.9,08,038,3,2022-10-05
040203,22,278,20,00,62,+20,+38.05399,-109.58541,01.0,07,038,3,2022-10-05
040203,22,278,22,00,74,+19,+38.05467,-109.58652,01.1,08,038,3,2022-10-05
040203,22,279,00,00,22,+20,+38.05427,-109.58689,00.9,08,041,3,2022-10-06
040203,22,279,02,00,28,+20,+38.05406,-109.58675,01.1,07,038,3,2022-10-06
040203,22,279,04,00,14,+21,+38.05404,-109.58692,01.1,08,040,3,2022-10-06
040203,22,279,06,00,12,+19,+38.05399,-109.58696,01.1,09,038,3,2022-10-06
040203,22,279,08,00,94,+23,+38.05141,-109.58580,01.1,08,038,3,2022-10-06
040203,22,279,10,00,60,+21,+38.05004,-109.57772,01.5,06,040,3,2022-10-06
040203,22,279,12,00,48,+29,+38.05004,-109.57785,01.2,06,038,3,2022-10-06
040203,22,279,14,00,22,+32,+38.04943,-109.57857,01.1,07,038,3,2022-10-06
040203,22,279,16,00,76,+28,+38.04981,-109.58238,01.1,06,041,3,2022-10-06
040203,22,279,18,00,76,+23,+38.04633,-109.58521,01.1,07,038,3,2022-10-06
040203,22,279,20,00,52,+22,+38.04586,-109.58551,00.8,09,038,3,2022-10-06
040203,22,279,22,00,20,+19,+38.04611,-109.58546,00.8,10,038,3,2022-10-06
040203,22,280,00,00,82,+16,+38.05046,-109.59019,00.8,09,038,3,2022-10-07
040203,22,280,02,00,54,+21,+38.04996,-109.59064,00.9,08,039,3,2022-10-07
040203,22,280,04,00,08,+25,+38.04990,-109.59056,01.0,09,038,3,2022-10-07
040203,22,280,06,00,20,+19,+38.04967,-109.59024,00.8,10,039,3,2022-10-07
040203,22,280,08,00,94,+21,+38.05003,-109.58621,01.2,07,039,3,2022-10-07
040203,22,280,18,00,94,+24,+38.05020,-109.59244,01.2,07,038,3,2022-10-07
040203,22,280,20,00,30,+22,+38.05049,-109.59107,01.4,05,040,3,2022-10-07
040203,22,280,22,00,16,+23,+38.05007,-109.59101,01.5,07,038,3,2022-10-07
040203,22,281,00,00,90,+17,+38.05036,-109.59295,01.0,07,038,3,2022-10-08
040203,22,281,02,00,24,+18,+38.05034,-109.59288,01.4,06,040,3,2022-10-08
040203,22,281,04,00,12,+20,+38.05034,-109.59285,01.1,08,038,3,2022-10-08
040203,22,281,06,00,14,+20,+38.05033,-109.59278,00.8,10,038,3,2022-10-08
040203,22,281,08,00,84,+21,+38.04910,-109.58653,01.1,08,038,3,2022-10-08
040203,22,281,12,00,36,+32,+38.04993,-109.57749,00.9,08,038,3,2022-10-08
040203,22,281,14,00,26,+29,+38.05074,-109.58206,00.9,09,059,3,2022-10-08
040203,22,281,16,00,72,+25,+38.04987,-109.58274,01.0,07,038,3,2022-10-08
040203,22,281,20,01,32,+22,+38.04993,-109.58812,00.9,08,059,3,2022-10-08
040203,22,281,22,00,12,+20,+38.04992,-109.58821,00.9,09,038,3,2022-10-08
040203,22,282,00,00,90,+17,+38.05219,-109.58961,00.9,08,038,3,2022-10-09
040203,22,282,04,00,28,+20,+38.05136,-109.58876,01.0,09,038,3,2022-10-09
040203,22,282,06,00,12,+18,+38.05142,-109.58873,00.9,09,038,3,2022-10-09
040203,22,282,08,00,60,+23,+38.05320,-109.58450,01.0,08,038,3,2022-10-09
040203,22,282,10,00,38,+32,+38.06774,-109.57115,00.9,07,040,3,2022-10-09
040203,22,282,12,00,12,+37,+38.06699,-109.57125,00.9,08,039,3,2022-10-09
040203,22,282,14,00,72,+35,+38.06302,-109.57277,01.0,08,038,3,2022-10-09
040203,22,282,16,00,86,+21,+38.06351,-109.57367,01.2,07,039,3,2022-10-09
040203,22,282,22,00,14,+21,+38.05396,-109.59051,01.2,06,050,3,2022-10-09
040203,22,283,00,00,18,+21,+38.05401,-109.59046,01.0,07,038,3,2022-10-10
040203,22,283,04,00,46,+20,+38.05166,-109.59255,01.3,08,038,3,2022-10-10
040203,22,283,06,00,10,+17,+38.05118,-109.59255,00.8,10,038,3,2022-10-10
040203,22,283,08,00,92,+23,+38.04854,-109.58912,00.9,09,038,3,2022-10-10
040203,22,283,10,00,34,+21,+38.05000,-109.57760,01.1,06,038,3,2022-10-10
040203,22,283,20,01,40,+23,+38.04392,-109.57800,01.2,07,047,3,2022-10-10
040203,22,283,22,00,06,+20,+38.04393,-109.57806,01.0,08,038,3,2022-10-10
040203,22,284,00,00,08,+20,+38.04389,-109.57807,01.1,07,040,3,2022-10-11
040203,22,284,04,00,54,+20,+38.04440,-109.57813,01.5,05,038,3,2022-10-11
040203,22,284,06,00,08,+19,+38.04447,-109.57819,02.5,06,038,3,2022-10-11
040203,22,284,08,00,70,+17,+38.04626,-109.58029,00.9,09,038,3,2022-10-11
040203,22,284,10,00,80,+30,+38.04676,-109.58002,00.9,07,038,3,2022-10-11
040203,22,284,12,00,16,+35,+38.04683,-109.58003,01.3,07,038,3,2022-10-11
040203,22,284,14,00,62,+31,+38.04716,-109.58000,01.0,08,038,3,2022-10-11
040203,22,284,16,00,90,+30,+38.04643,-109.58320,01.1,07,038,3,2022-10-11
040203,22,284,20,00,32,+21,+38.04319,-109.58878,01.0,07,038,3,2022-10-11
040203,22,284,22,00,22,+20,+38.04290,-109.58851,01.1,08,038,3,2022-10-11
040203,22,285,00,00,84,+19,+38.04190,-109.58901,01.1,06,040,3,2022-10-12
040203,22,285,02,00,10,+19,+38.04195,-109.58898,01.1,07,039,3,2022-10-12
040203,22,285,04,00,10,+16,+38.04203,-109.58809,01.1,08,038,3,2022-10-12
040203,22,285,06,00,36,+14,+38.04175,-109.58700,01.2,09,038,3,2022-10-12
040203,22,285,08,00,90,+18,+38.04726,-109.58306,00.9,09,039,3,2022-10-12
040203,22,285,10,00,80,+27,+38.04811,-109.58107,01.2,06,038,3,2022-10-12
040203,22,285,14,00,44,+32,+38.05096,-109.58221,01.0,08,038,3,2022-10-12
040203,22,285,16,00,48,+32,+38.05081,-109.58466,01.2,07,038,3,2022-10-12
040203,22,285,20,00,64,+20,+38.05163,-109.59243,00.9,08,038,3,2022-10-12
040203,22,286,00,00,84,+18,+38.05186,-109.59217,00.9,08,038,3,2022-10-13
040203,22,286,02,00,16,+20,+38.05181,-109.59214,01.2,07,039,3,2022-10-13
040203,22,286,04,00,16,+17,+38.05173,-109.59217,01.1,08,040,3,2022-10-13
040203,22,286,06,00,36,+15,+38.05136,-109.58953,00.8,10,038,3,2022-10-13
040203,22,286,08,00,78,+20,+38.05069,-109.58652,01.0,08,038,3,2022-10-13
040203,22,286,10,00,52,+27,+38.05157,-109.58221,01.1,06,038,3,2022-10-13
040203,22,286,14,00,50,+33,+38.05191,-109.58363,00.9,09,038,3,2022-10-13
040203,22,286,16,00,58,+29,+38.05177,-109.58432,01.0,08,038,3,2022-10-13
040203,22,286,18,00,76,+23,+38.05166,-109.58454,00.8,09,038,3,2022-10-13
040203,22,286,20,00,52,+20,+38.05127,-109.58593,01.0,08,039,3,2022-10-13
040203,22,286,22,00,32,+15,+38.05168,-109.58821,00.9,09,038,3,2022-10-13
040203,22,287,00,00,64,+18,+38.05158,-109.58873,00.8,09,038,3,2022-10-14
040203,22,287,04,00,30,+20,+38.05167,-109.58788,01.1,08,038,3,2022-10-14
040203,22,287,06,00,18,+15,+38.05131,-109.58763,00.8,10,038,3,2022-10-14
040203,22,287,08,00,52,+18,+38.07387,-109.57643,00.9,07,038,3,2022-10-14
040203,22,287,12,00,56,+31,+38.07429,-109.56439,01.3,07,038,3,2022-10-14
040203,22,287,14,00,62,+30,+38.07412,-109.56411,00.8,09,040,3,2022-10-14
040203,22,287,16,00,46,+30,+38.07350,-109.56433,01.0,08,058,3,2022-10-14
040203,22,287,20,00,44,+20,+38.07413,-109.56481,00.8,08,038,3,2022-10-14
040203,22,287,22,00,50,+15,+38.07384,-109.56503,00.9,09,038,3,2022-10-14
040203,22,288,00,00,66,+13,+38.07381,-109.56481,00.8,09,042,3,2022-10-15
040203,22,288,02,00,48,+16,+38.07378,-109.56444,01.0,08,040,3,2022-10-15
040203,22,288,04,00,10,+16,+38.07382,-109.56449,01.0,09,038,3,2022-10-15
040203,22,288,06,00,14,+14,+38.07410,-109.56470,00.9,08,038,3,2022-10-15
040203,22,288,08,00,70,+25,+38.07405,-109.56457,01.1,06,038,3,2022-10-15
040203,22,288,10,00,38,+27,+38.07504,-109.56429,01.0,07,039,3,2022-10-15
040203,22,288,12,00,14,+34,+38.07501,-109.56428,01.1,07,040,3,2022-10-15
040203,22,288,14,00,76,+32,+38.07363,-109.56480,01.0,08,038,3,2022-10-15
040203,22,288,20,00,56,+20,+38.07433,-109.56455,00.7,11,038,3,2022-10-15
040203,22,288,22,00,52,+17,+38.07414,-109.56360,00.9,09,038,3,2022-10-15
040203,22,289,00,00,52,+15,+38.07499,-109.56390,01.0,07,038,3,2022-10-16
040203,22,289,02,00,20,+18,+38.07490,-109.56369,00.9,08,038,3,2022-10-16
040203,22,289,04,00,10,+24,+38.07462,-109.56386,01.7,07,038,3,2022-10-16
040203,22,289,08,00,78,+17,+38.07292,-109.56411,01.3,07,038,3,2022-10-16
040203,22,289,10,00,70,+27,+38.07397,-109.56455,01.0,07,038,3,2022-10-16
040203,22,289,14,00,36,+29,+38.07329,-109.56372,00.8,10,038,3,2022-10-16
040203,22,289,16,00,52,+24,+38.07456,-109.56349,01.0,08,038,3,2022-10-16
040203,22,289,20,00,62,+20,+38.07375,-109.56378,00.8,10,038,3,2022-10-16
040203,22,289,22,00,18,+22,+38.07382,-109.56375,00.9,09,038,3,2022-10-16
040203,22,290,00,00,52,+15,+38.07394,-109.56365,01.0,08,039,3,2022-10-17
040203,22,290,02,00,46,+14,+38.07389,-109.56372,00.9,09,039,3,2022-10-17
040203,22,290,04,00,10,+13,+38.07387,-109.56365,01.0,09,038,3,2022-10-17
040203,22,290,06,00,14,+14,+38.07408,-109.56373,00.8,10,038,3,2022-10-17
040203,22,290,08,00,82,+19,+38.07375,-109.56279,00.9,08,038,3,2022-10-17
040203,22,290,10,00,56,+24,+38.07342,-109.56386,01.0,07,038,3,2022-10-17
040203,22,290,12,00,36,+29,+38.07359,-109.56346,01.1,07,039,3,2022-10-17
040203,22,290,14,00,56,+28,+38.07342,-109.56327,00.8,09,057,3,2022-10-17
040203,22,290,16,00,34,+26,+38.07434,-109.56289,01.1,07,038,3,2022-10-17
040203,22,290,20,00,38,+18,+38.07346,-109.56411,00.9,08,038,3,2022-10-17
040203,22,290,22,00,42,+17,+38.07418,-109.56433,00.9,09,038,3,2022-10-17
040203,22,291,00,00,24,+13,+38.07418,-109.56434,01.0,08,038,3,2022-10-18
040203,22,291,02,00,20,+13,+38.07471,-109.56404,00.9,09,038,3,2022-10-18
040203,22,291,04,00,74,+14,+38.07419,-109.56227,01.2,07,038,3,2022-10-18
040203,22,291,06,00,16,+17,+38.07475,-109.56320,00.9,09,038,3,2022-10-18
040203,22,291,08,00,64,+18,+38.07317,-109.56413,00.9,08,038,3,2022-10-18
040203,22,291,10,00,80,+28,+38.07464,-109.56379,01.1,06,038,3,2022-10-18
040203,22,291,12,00,52,+27,+38.07329,-109.56365,01.3,06,039,3,2022-10-18
040203,22,291,14,00,24,+30,+38.07397,-109.56275,01.0,08,038,3,2022-10-18
040203,22,291,16,00,62,+28,+38.07344,-109.56314,01.2,07,058,3,2022-10-18
040203,22,291,18,00,86,+19,+38.07447,-109.56405,00.9,07,038,3,2022-10-18
040203,22,291,20,00,64,+18,+38.07418,-109.56436,01.8,06,042,3,2022-10-18
040203,22,291,22,00,36,+15,+38.07345,-109.56398,00.9,09,038,3,2022-10-18
040203,22,292,00,00,70,+15,+38.07438,-109.56444,01.0,08,038,3,2022-10-19
040203,22,292,02,00,18,+11,+38.07433,-109.56446,00.9,08,038,3,2022-10-19
040203,22,292,04,00,68,+17,+38.07427,-109.56474,01.0,09,038,3,2022-10-19
040203,22,292,06,00,20,+13,+38.07429,-109.56474,00.9,09,038,3,2022-10-19
040203,22,292,10,00,62,+29,+38.07434,-109.56438,01.0,06,037,3,2022-10-19
040203,22,292,14,00,36,+27,+38.07350,-109.56314,01.2,07,038,3,2022-10-19
040203,22,292,16,00,20,+28,+38.07347,-109.56221,01.4,06,039,3,2022-10-19
040203,22,292,20,00,60,+18,+38.07372,-109.56279,01.3,07,038,3,2022-10-19
040203,22,292,22,00,36,+17,+38.07373,-109.56303,01.1,08,039,3,2022-10-19
040203,22,293,00,00,76,+14,+38.07384,-109.56221,00.9,09,038,3,2022-10-20
040203,22,293,02,00,34,+15,+38.07369,-109.56299,00.9,07,040,3,2022-10-20
040203,22,293,04,00,16,+14,+38.07395,-109.56312,01.1,08,038,3,2022-10-20
040203,22,293,06,00,16,+13,+38.07391,-109.56304,01.0,08,038,3,2022-10-20
040203,22,293,08,00,72,+21,+38.07435,-109.56414,00.8,09,038,3,2022-10-20
040203,22,293,14,00,24,+34,+38.07399,-109.56335,01.2,07,038,3,2022-10-20
040203,22,293,18,00,78,+20,+38.07405,-109.56333,01.0,06,038,3,2022-10-20
040203,22,293,20,00,44,+18,+38.07375,-109.56324,00.9,08,038,3,2022-10-20
040203,22,293,22,00,44,+14,+38.07373,-109.56352,01.1,07,038,3,2022-10-20
040203,22,294,00,00,64,+14,+38.07422,-109.56359,00.9,08,038,3,2022-10-21
040203,22,294,02,00,34,+13,+38.07447,-109.56349,00.9,09,039,3,2022-10-21
040203,22,294,04,00,14,+10,+38.07442,-109.56333,01.1,08,038,3,2022-10-21
040203,22,294,06,00,10,+14,+38.07450,-109.56314,01.0,08,038,3,2022-10-21
040203,22,294,08,00,56,+18,+38.07455,-109.56434,00.8,08,038,3,2022-10-21
040203,22,294,10,00,64,+31,+38.07415,-109.56378,01.0,06,038,3,2022-10-21
040203,22,294,12,00,32,+30,+38.07473,-109.56491,01.3,07,040,3,2022-10-21
040203,22,294,14,00,24,+30,+38.07323,-109.56359,01.0,08,038,3,2022-10-21
040203,22,294,20,00,50,+20,+38.07450,-109.56436,01.3,08,038,3,2022-10-21
040203,22,294,22,00,72,+20,+38.07444,-109.56436,00.9,09,038,3,2022-10-21
040203,22,295,00,00,34,+20,+38.07418,-109.56466,01.1,07,038,3,2022-10-22
040203,22,295,02,00,46,+19,+38.07443,-109.56433,00.8,10,038,3,2022-10-22
040203,22,295,04,00,12,+17,+38.07439,-109.56434,01.0,09,038,3,2022-10-22
040203,22,295,06,00,30,+20,+38.07377,-109.56295,00.9,09,038,3,2022-10-22
040203,22,295,08,00,72,+23,+38.07361,-109.56340,00.7,09,038,3,2022-10-22
040203,22,295,10,00,48,+27,+38.07350,-109.56322,01.0,07,038,3,2022-10-22
040203,22,295,14,00,26,+26,+38.07330,-109.56311,00.9,08,038,3,2022-10-22
040203,22,295,16,00,82,+25,+38.07406,-109.56390,01.3,06,038,3,2022-10-22
040203,22,295,18,00,78,+22,+38.07698,-109.57039,01.1,07,038,3,2022-10-22
040203,22,295,20,00,52,+23,+38.07507,-109.56654,01.3,07,039,3,2022-10-22
040203,22,295,22,00,86,+20,+38.07413,-109.56482,01.0,08,038,3,2022-10-22
040203,22,296,00,00,48,+13,+38.07446,-109.56585,01.0,07,039,3,2022-10-23
040203,22,296,02,00,16,+15,+38.07483,-109.56594,00.9,09,038,3,2022-10-23
040203,22,296,04,00,26,+10,+38.07553,-109.56574,01.4,09,038,3,2022-10-23
040203,22,296,06,00,12,+13,+38.07508,-109.56631,01.0,08,048,3,2022-10-23
040203,22,296,08,00,76,+09,+38.07464,-109.56406,00.9,07,038,3,2022-10-23
040203,22,296,10,00,60,+15,+38.07428,-109.56627,01.0,07,038,3,2022-10-23
040203,22,296,14,00,48,+16,+38.07661,-109.56588,01.2,07,038,3,2022-10-23
040203,22,296,16,00,84,+12,+38.07412,-109.56451,01.3,06,039,3,2022-10-23
040203,22,296,18,00,92,+12,+38.07405,-109.56381,00.9,07,058,3,2022-10-23
040203,22,296,20,00,50,+14,+38.07387,-109.56417,01.1,07,040,3,2022-10-23
040203,22,296,22,00,34,+14,+38.07380,-109.56417,01.1,08,038,3,2022-10-23
040203,22,297,00,00,18,+20,+38.07386,-109.56410,01.0,07,040,3,2022-10-24
040203,22,297,04,00,12,+12,+38.07391,-109.56404,01.1,08,038,3,2022-10-24
040203,22,297,08,00,72,+18,+38.07469,-109.56322,01.0,08,038,3,2022-10-24
040203,22,297,14,00,72,+20,+38.07467,-109.56331,01.9,06,038,3,2022-10-24
040203,22,297,16,00,66,+18,+38.07364,-109.56306,01.0,07,038,3,2022-10-24
040203,22,297,18,00,84,+14,+38.07429,-109.56339,00.9,08,058,3,2022-10-24
040203,22,297,20,00,54,+15,+38.07462,-109.56358,00.9,08,038,3,2022-10-24
040203,22,297,22,00,20,+08,+38.07456,-109.56354,00.8,10,038,3,2022-10-24
040203,22,298,02,01,32,+13,+38.07434,-109.56348,01.0,08,057,3,2022-10-25
040203,22,298,04,00,10,+17,+38.07456,-109.56348,01.0,08,039,3,2022-10-25
040203,22,298,06,00,16,+13,+38.07453,-109.56346,00.9,09,038,3,2022-10-25
040203,22,298,08,00,70,+17,+38.07449,-109.56282,01.2,06,038,3,2022-10-25
040203,22,298,10,00,44,+21,+38.07336,-109.56433,01.5,06,039,3,2022-10-25
040203,22,298,12,00,62,+17,+38.07387,-109.56316,01.4,07,038,3,2022-10-25
040203,22,298,14,00,54,+21,+38.07352,-109.56288,00.9,09,038,3,2022-10-25
040203,22,298,16,00,52,+18,+38.07451,-109.56285,01.0,06,038,3,2022-10-25
040203,22,298,20,00,42,+15,+38.07477,-109.56302,01.0,08,038,3,2022-10-25
040203,22,298,22,00,34,+17,+38.07455,-109.56307,00.7,11,038,3,2022-10-25
040203,22,299,00,00,18,+19,+38.07468,-109.56304,01.4,06,040,3,2022-10-26
040203,22,299,02,00,78,+15,+38.07453,-109.56345,00.8,10,038,3,2022-10-26
040203,22,299,04,00,18,+13,+38.07453,-109.56348,00.9,09,039,3,2022-10-26
040203,22,299,06,00,22,+12,+38.07470,-109.56352,00.9,09,038,3,2022-10-26
040203,22,299,08,00,82,+15,+38.07343,-109.56359,01.0,07,040,3,2022-10-26
040203,22,299,10,00,42,+21,+38.07403,-109.56362,01.5,06,039,3,2022-10-26
040203,22,299,12,00,42,+22,+38.07420,-109.56299,01.4,07,038,3,2022-10-26
040203,22,299,14,00,58,+23,+38.07413,-109.56400,00.9,08,040,3,2022-10-26
040203,22,299,16,00,36,+23,+38.07449,-109.56287,01.2,06,038,3,2022-10-26
040203,22,299,18,00,86,+16,+38.07439,-109.56343,00.9,07,038,3,2022-10-26
040203,22,299,20,00,30,+19,+38.07462,-109.56344,01.0,08,058,3,2022-10-26
040203,22,299,22,00,62,+17,+38.07450,-109.56348,00.8,10,038,3,2022-10-26
040203,22,300,00,00,36,+09,+38.07495,-109.56320,01.1,06,038,3,2022-10-27
040203,22,300,02,00,32,+14,+38.07476,-109.56352,01.0,09,038,3,2022-10-27
040203,22,300,04,00,12,+12,+38.07474,-109.56359,01.0,08,038,3,2022-10-27
040203,22,300,06,00,14,+09,+38.07472,-109.56356,01.1,08,040,3,2022-10-27
040203,22,300,12,00,76,+16,+38.07462,-109.56452,01.4,07,038,3,2022-10-27
040203,22,300,16,00,84,+17,+38.07387,-109.56314,01.0,07,038,3,2022-10-27
040203,22,300,18,00,70,+14,+38.07410,-109.56318,00.9,08,038,3,2022-10-27
040203,22,300,20,00,32,+18,+38.07424,-109.56345,00.9,09,038,3,2022-10-27
040203,22,300,22,00,62,+10,+38.07420,-109.56333,00.7,11,038,3,2022-10-27
040203,22,301,00,00,46,+13,+38.07429,-109.56372,01.0,07,038,3,2022-10-28
040203,22,301,02,00,12,+19,+38.07427,-109.56375,01.0,08,038,3,2022-10-28
040203,22,301,04,00,42,+10,+38.07426,-109.56372,00.9,09,038,3,2022-10-28
040203,22,301,06,00,14,+10,+38.07414,-109.56379,01.3,08,038,3,2022-10-28
040203,22,301,08,00,68,+15,+38.07416,-109.56312,01.0,07,038,3,2022-10-28
040203,22,301,10,00,66,+19,+38.07356,-109.56385,00.9,07,038,3,2022-10-28
040203,22,301,14,00,36,+20,+38.07618,-109.56623,00.9,09,038,3,2022-10-28
040203,22,301,16,00,78,+22,+38.07387,-109.56282,01.1,06,038,3,2022-10-28
040203,22,301,18,00,68,+16,+38.07343,-109.56390,01.1,07,038,3,2022-10-28
040203,22,301,20,00,58,+10,+38.07439,-109.56379,00.7,10,039,3,2022-10-28
040203,22,301,22,00,40,+11,+38.07368,-109.56442,00.8,10,039,3,2022-10-28
040203,22,302,00,00,48,+11,+38.07403,-109.56394,01.0,07,038,3,2022-10-29
040203,22,302,02,00,34,+20,+38.07382,-109.56381,00.9,08,038,3,2022-10-29
040203,22,302,04,00,16,+13,+38.07386,-109.56379,00.9,08,038,3,2022-10-29
040203,22,302,06,00,42,+10,+38.07390,-109.56405,01.4,07,040,3,2022-10-29
040203,22,302,08,00,56,+13,+38.07378,-109.56379,00.8,08,039,3,2022-10-29
040203,22,302,10,00,76,+20,+38.07327,-109.56373,00.9,08,038,3,2022-10-29
040203,22,302,16,00,24,+13,+38.19879,-109.37545,01.5,04,038,3,2022-10-29
040203,22,302,18,00,82,+09,+39.46573,-110.49288,01.0,07,039,3,2022-10-29
040203,22,302,20,00,74,+07,+40.35116,-111.77054,01.2,06,042,3,2022-10-29
040203,22,302,22,00,70,+06,+41.74113,-111.82879,01.6,04,056,3,2022-10-29
040203,22,303,00,00,00,+06,+41.74122,-111.82849,01.2,06,039,3,2022-10-30
