CollarSerialNumber,Year,Julianday,Hour,Minute,Activity,Temperature,Latitude,Longitude,HDOP,NumSats,FixTime,2D/3D,Date
039971,22,165,00,00,00,+23,+38.07010,-109.56581,01.3,07,038,3,2022-06-14
039971,22,165,02,00,00,+19,+38.07027,-109.56565,01.0,08,038,3,2022-06-14
039971,22,165,04,00,00,+18,+38.07013,-109.56562,01.1,06,054,3,2022-06-14
039971,22,165,08,00,02,+23,+38.07293,-109.56428,00.8,09,038,3,2022-06-14
039971,22,165,10,00,44,+25,+38.07319,-109.56381,01.3,07,038,3,2022-06-14
039971,22,165,14,00,90,+29,+38.07353,-109.56565,00.8,11,038,3,2022-06-14
039971,22,165,16,00,60,+30,+38.07401,-109.56602,00.9,10,038,3,2022-06-14
039971,22,165,18,00,72,+30,+38.07406,-109.56613,00.8,09,038,3,2022-06-14
039971,22,165,22,00,64,+13,+38.07374,-109.56369,00.8,10,038,3,2022-06-14
039971,22,166,00,00,76,+13,+38.07406,-109.56569,00.9,08,038,3,2022-06-15
039971,22,166,02,00,44,+12,+38.07366,-109.56631,00.9,08,038,3,2022-06-15
039971,22,166,04,00,42,+10,+38.07416,-109.56578,01.0,08,038,3,2022-06-15
039971,22,166,08,00,98,+28,+37.99867,-109.59516,01.1,08,038,3,2022-06-15
039971,22,166,12,00,62,+32,+37.97309,-109.61996,01.4,07,038,3,2022-06-15
039971,22,166,14,00,62,+30,+37.97221,-109.61939,00.9,10,038,3,2022-06-15
039971,22,166,18,00,62,+26,+37.97327,-109.61729,01.2,07,038,3,2022-06-15
039971,22,166,20,00,98,+17,+37.97601,-109.61561,00.8,10,038,3,2022-06-15
039971,22,166,22,00,44,+20,+37.97464,-109.61672,01.0,08,038,3,2022-06-15
039971,22,167,00,00,30,+17,+37.97436,-109.61673,00.9,08,038,3,2022-06-16
039971,22,167,02,00,30,+18,+37.97447,-109.61670,00.9,08,040,3,2022-06-16
039971,22,167,04,00,22,+20,+37.97442,-109.61670,02.1,05,040,3,2022-06-16
039971,22,167,06,00,84,+16,+37.94981,-109.63499,01.0,09,038,3,2022-06-16
039971,22,167,08,00,90,+30,+37.93308,-109.66709,00.8,09,038,3,2022-06-16
039971,22,167,14,00,98,+34,+37.87081,-109.70266,00.8,10,038,3,2022-06-16
039971,22,167,16,00,74,+34,+37.87280,-109.70349,01.0,09,038,3,2022-06-16
039971,22,167,20,00,86,+19,+37.87077,-109.70224,01.2,07,038,3,2022-06-16
039971,22,167,22,00,68,+15,+37.87071,-109.70068,01.0,07,038,3,2022-06-16
039971,22,168,02,00,74,+20,+37.87086,-109.70115,00.9,09,038,3,2022-06-17
039971,22,168,04,00,48,+20,+37.87113,-109.70108,00.8,10,038,3,2022-06-17
039971,22,168,08,00,76,+24,+37.87240,-109.70181,00.7,10,038,3,2022-06-17
039971,22,168,12,00,46,+30,+37.87275,-109.70098,01.0,09,038,3,2022-06-17
039971,22,168,16,00,88,+28,+37.87360,-109.70405,00.9,08,039,3,2022-06-17
039971,22,168,18,00,82,+26,+37.87195,-109.70198,01.0,06,038,3,2022-06-17
039971,22,168,22,00,42,+22,+37.86856,-109.70491,00.9,09,038,3,2022-06-17
039971,22,169,00,00,52,+18,+37.86780,-109.70439,01.3,06,038,3,2022-06-18
039971,22,169,02,00,56,+16,+37.86710,-109.70432,00.8,09,038,3,2022-06-18
039971,22,169,04,00,38,+16,+37.86722,-109.70453,00.9,08,040,3,2022-06-18
039971,22,169,06,00,84,+15,+37.86924,-109.70578,00.9,08,038,3,2022-06-18
039971,22,169,08,00,74,+20,+37.86966,-109.70508,00.8,09,038,3,2022-06-18
039971,22,169,10,00,44,+24,+37.86856,-109.70312,01.0,08,038,3,2022-06-18
039971,22,169,12,00,96,+27,+37.87034,-109.70615,01.9,07,038,3,2022-06-18
039971,22,169,14,00,80,+27,+37.87181,-109.70733,00.7,10,038,3,2022-06-18
039971,22,169,16,00,62,+18,+37.87157,-109.70680,00.9,09,038,3,2022-06-18
039971,22,169,18,00,90,+17,+37.86923,-109.70340,00.9,08,038,3,2022-06-18
039971,22,169,20,00,92,+13,+37.87098,-109.70526,01.2,07,038,3,2022-06-18
039971,22,169,22,00,92,+14,+37.86980,-109.70588,00.9,09,040,3,2022-06-18
039971,22,170,00,00,46,+16,+37.86943,-109.70547,01.2,07,038,3,2022-06-19
039971,22,170,02,00,42,+14,+37.86982,-109.70543,00.9,09,038,3,2022-06-19
039971,22,170,04,00,32,+15,+37.86981,-109.70549,01.0,07,040,3,2022-06-19
039971,22,170,06,00,70,+13,+37.87178,-109.70700,01.2,07,039,3,2022-06-19
039971,22,170,08,00,98,+15,+37.87143,-109.70993,00.8,08,038,3,2022-06-19
039971,22,170,10,00,54,+20,+37.87186,-109.70905,01.1,08,040,3,2022-06-19
039971,22,170,12,00,66,+21,+37.87228,-109.70970,01.2,08,038,3,2022-06-19
039971,22,170,14,00,96,+24,+37.87340,-109.70575,00.7,10,039,3,2022-06-19
039971,22,170,16,00,68,+23,+37.87181,-109.70682,01.0,08,038,3,2022-06-19
039971,22,170,18,00,76,+25,+37.87076,-109.70632,00.9,09,038,3,2022-06-19
039971,22,170,20,00,98,+17,+37.87495,-109.70783,01.2,06,038,3,2022-06-19
039971,22,170,22,00,76,+15,+37.87538,-109.70779,00.8,10,039,3,2022-06-19
039971,22,171,00,00,36,+10,+37.87536,-109.70791,01.2,07,040,3,2022-06-20
039971,22,171,02,00,44,+08,+37.87543,-109.70730,00.8,09,040,3,2022-06-20
039971,22,171,04,00,54,+03,+37.87546,-109.70752,01.0,07,038,3,2022-06-20
039971,22,171,06,00,84,+05,+37.87302,-109.70335,01.0,07,038,3,2022-06-20
039971,22,171,10,00,26,+26,+37.87495,-109.70213,00.9,09,038,3,2022-06-20
039971,22,171,12,00,72,+26,+37.87477,-109.70260,01.1,08,038,3,2022-06-20
039971,22,171,14,00,82,+30,+37.87118,-109.70714,00.9,08,038,3,2022-06-20
039971,22,171,16,00,94,+27,+37.85718,-109.73126,01.1,07,039,3,2022-06-20
039971,22,171,18,00,92,+20,+37.85808,-109.73098,00.9,08,038,3,2022-06-20
039971,22,171,22,00,68,+11,+37.85763,-109.73297,00.8,10,038,3,2022-06-20
039971,22,172,04,01,60,+05,+37.85740,-109.73333,01.3,06,055,3,2022-06-21
039971,22,172,06,00,76,+08,+37.85779,-109.73323,01.0,09,038,3,2022-06-21
039971,22,172,08,00,94,+22,+37.86039,-109.72889,01.0,10,043,3,2022-06-21
039971,22,172,12,00,94,+30,+37.84938,-109.74768,01.0,09,038,3,2022-06-21
039971,22,172,14,00,78,+26,+37.84957,-109.74813,00.8,10,038,3,2022-06-21
039971,22,172,16,00,76,+28,+37.85065,-109.74611,00.9,09,040,3,2022-06-21
039971,22,172,18,00,76,+26,+37.85209,-109.74671,00.9,08,038,3,2022-06-21
039971,22,172,20,00,96,+16,+37.85263,-109.74815,01.3,07,058,3,2022-06-21
039971,22,172,22,00,46,+16,+37.85232,-109.74785,00.8,09,038,3,2022-06-21
039971,22,173,00,00,42,+17,+37.85276,-109.74815,01.1,08,038,3,2022-06-22
039971,22,174,04,01,30,+16,+37.85623,-109.74413,00.9,08,039,3,2022-06-23
039971,22,174,06,00,68,+14,+37.85471,-109.74348,00.9,08,058,3,2022-06-23
039971,22,174,08,00,76,+20,+37.85614,-109.74407,00.9,09,040,3,2022-06-23
039971,22,174,10,00,22,+23,+37.85625,-109.74433,00.9,09,040,3,2022-06-23
039971,22,174,12,00,72,+20,+37.85496,-109.74232,01.0,09,038,3,2022-06-23
039971,22,174,14,00,92,+24,+37.85697,-109.73972,00.8,11,058,3,2022-06-23
039971,22,174,18,00,86,+23,+37.85596,-109.74109,01.4,06,038,3,2022-06-23
039971,22,174,20,00,92,+20,+37.85619,-109.74793,01.0,08,038,3,2022-06-23
039971,22,174,22,00,50,+15,+37.85623,-109.74781,00.9,09,040,3,2022-06-23
039971,22,175,00,00,38,+13,+37.85591,-109.74768,01.0,08,038,3,2022-06-24
039971,22,175,02,00,26,+16,+37.85623,-109.74788,01.2,06,039,3,2022-06-24
039971,22,175,04,00,52,+15,+37.85591,-109.74849,00.8,09,038,3,2022-06-24
039971,22,175,06,00,74,+14,+37.85626,-109.75140,00.9,09,038,3,2022-06-24
039971,22,175,10,00,70,+24,+37.85570,-109.75748,00.9,09,038,3,2022-06-24
039971,22,175,14,00,98,+26,+37.85650,-109.76103,00.8,10,038,3,2022-06-24
039971,22,175,18,00,76,+23,+37.85505,-109.76361,01.6,07,038,3,2022-06-24
039971,22,175,20,00,98,+16,+37.85528,-109.76307,01.0,08,038,3,2022-06-24
039971,22,175,22,00,36,+15,+37.85530,-109.76345,00.9,09,038,3,2022-06-24
039971,22,176,00,00,60,+15,+37.85590,-109.76368,00.9,07,039,3,2022-06-25
039971,22,176,02,00,30,+18,+37.85574,-109.76333,01.1,06,041,3,2022-06-25
039971,22,176,04,00,26,+15,+37.85568,-109.76360,00.7,10,038,3,2022-06-25
039971,22,176,06,00,86,+19,+37.85594,-109.76235,00.9,09,038,3,2022-06-25
039971,22,176,10,00,52,+24,+37.85590,-109.76198,00.8,10,038,3,2022-06-25
039971,22,176,14,00,50,+27,+37.85476,-109.75649,00.7,10,038,3,2022-06-25
039971,22,176,16,00,40,+25,+37.85414,-109.75767,00.8,09,038,3,2022-06-25
039971,22,176,18,00,86,+24,+37.85478,-109.76376,01.1,07,038,3,2022-06-25
039971,22,176,22,00,50,+18,+37.85564,-109.76779,00.8,10,038,3,2022-06-25
039971,22,177,00,00,40,+19,+37.85559,-109.76799,00.9,08,041,3,2022-06-26
039971,22,177,02,00,62,+15,+37.85515,-109.76784,01.1,07,040,3,2022-06-26
039971,22,177,04,00,42,+15,+37.85519,-109.76789,00.8,10,040,3,2022-06-26
039971,22,177,06,00,74,+15,+37.85663,-109.76839,00.9,09,038,3,2022-06-26
039971,22,177,08,00,78,+17,+37.85655,-109.76671,00.8,09,039,3,2022-06-26
039971,22,177,10,00,38,+21,+37.85694,-109.76686,01.3,08,038,3,2022-06-26
039971,22,177,12,00,82,+19,+37.85690,-109.76877,01.0,09,038,3,2022-06-26
039971,22,177,14,00,74,+23,+37.85900,-109.75566,01.0,08,037,3,2022-06-26
039971,22,177,18,00,72,+20,+37.86110,-109.76431,01.1,06,038,3,2022-06-26
039971,22,177,22,00,42,+17,+37.86151,-109.76744,00.8,10,038,3,2022-06-26
039971,22,178,00,00,30,+13,+37.86169,-109.76753,01.1,07,038,3,2022-06-27
039971,22,178,02,00,38,+13,+37.86128,-109.76709,00.8,08,040,3,2022-06-27
039971,22,178,04,00,26,+08,+37.86143,-109.76715,01.0,07,040,3,2022-06-27
039971,22,178,06,00,76,+11,+37.85999,-109.76589,00.9,09,038,3,2022-06-27
039971,22,178,08,00,74,+20,+37.85895,-109.76599,00.8,08,040,3,2022-06-27
039971,22,178,10,00,34,+25,+37.85919,-109.76631,00.8,10,039,3,2022-06-27
039971,22,178,12,00,90,+27,+37.86175,-109.76207,01.1,08,038,3,2022-06-27
039971,22,178,14,00,80,+27,+37.85910,-109.75818,01.1,07,038,3,2022-06-27
039971,22,178,16,00,84,+25,+37.86149,-109.76342,00.7,10,040,3,2022-06-27
039971,22,178,18,00,74,+23,+37.86078,-109.76456,00.9,09,038,3,2022-06-27
039971,22,178,22,00,58,+15,+37.85996,-109.76808,00.8,10,038,3,2022-06-27
039971,22,179,00,00,30,+14,+37.86005,-109.76818,00.9,08,038,3,2022-06-28
039971,22,179,02,00,30,+20,+37.86010,-109.76831,00.9,08,038,3,2022-06-28
039971,22,179,04,00,30,+15,+37.85995,-109.76831,00.9,08,041,3,2022-06-28
039971,22,179,06,00,82,+15,+37.85950,-109.76812,00.9,09,038,3,2022-06-28
039971,22,179,08,00,64,+23,+37.85924,-109.76824,01.2,07,039,3,2022-06-28
039971,22,179,10,00,58,+28,+37.85866,-109.76698,00.8,11,038,3,2022-06-28
039971,22,179,16,00,50,+29,+37.86060,-109.76746,00.9,07,038,3,2022-06-28
039971,22,179,22,00,60,+17,+37.86042,-109.76612,00.9,09,038,3,2022-06-28
039971,22,180,00,00,54,+16,+37.86117,-109.76700,00.9,08,038,3,2022-06-29
039971,22,180,02,00,30,+17,+37.86094,-109.76696,01.0,07,038,3,2022-06-29
039971,22,180,06,00,94,+16,+37.86093,-109.76591,00.9,09,038,3,2022-06-29
039971,22,180,10,00,60,+25,+37.86102,-109.76593,01.1,09,038,3,2022-06-29
039971,22,180,14,00,94,+27,+37.85877,-109.76566,00.7,12,038,3,2022-06-29
039971,22,180,16,00,78,+27,+37.86043,-109.76652,00.8,09,038,3,2022-06-29
039971,22,180,18,00,90,+25,+37.86024,-109.76889,01.3,06,038,3,2022-06-29
039971,22,180,22,00,62,+19,+37.86095,-109.77095,01.0,08,038,3,2022-06-29
039971,22,181,00,00,32,+20,+37.86105,-109.77114,01.1,07,038,3,2022-06-30
039971,22,181,02,00,28,+19,+37.86105,-109.77114,00.9,07,040,3,2022-06-30
039971,22,181,04,00,28,+20,+37.86101,-109.77131,01.3,06,040,3,2022-06-30
039971,22,181,06,00,86,+17,+37.86314,-109.77218,00.9,09,038,3,2022-06-30
039971,22,181,08,00,86,+22,+37.86274,-109.77294,01.6,06,038,3,2022-06-30
039971,22,181,14,00,80,+26,+37.86040,-109.77355,00.9,08,049,3,2022-06-30
039971,22,181,16,00,56,+24,+37.86144,-109.77288,00.9,09,038,3,2022-06-30
039971,22,181,18,00,74,+20,+37.86087,-109.77514,00.8,09,038,3,2022-06-30
039971,22,181,22,00,86,+18,+37.85974,-109.76806,00.9,09,038,3,2022-06-30
039971,22,182,00,00,48,+16,+37.85925,-109.76959,01.2,06,038,3,2022-07-01
039971,22,182,02,00,52,+18,+37.85946,-109.76976,01.1,06,041,3,2022-07-01
039971,22,182,04,00,28,+18,+37.85955,-109.76971,01.0,08,039,3,2022-07-01
039971,22,182,06,00,62,+19,+37.85931,-109.76661,00.8,10,038,3,2022-07-01
039971,22,182,08,00,92,+21,+37.85868,-109.76536,01.2,07,038,3,2022-07-01
039971,22,182,14,00,60,+21,+37.85820,-109.76535,01.2,07,038,3,2022-07-01
039971,22,182,20,00,92,+16,+37.86088,-109.76547,05.7,04,039,3,2022-07-01
039971,22,182,22,00,72,+17,+37.86056,-109.76541,01.1,06,038,3,2022-07-01
039971,22,183,00,00,30,+17,+37.86046,-109.76445,01.7,06,038,3,2022-07-02
039971,22,183,02,00,26,+18,+37.86031,-109.76581,01.1,06,038,3,2022-07-02
039971,22,183,04,00,26,+16,+37.86089,-109.76554,01.1,07,038,3,2022-07-02
039971,22,183,06,00,86,+14,+37.86202,-109.76853,00.8,09,038,3,2022-07-02
039971,22,183,08,00,72,+23,+37.86166,-109.76974,01.0,08,039,3,2022-07-02
039971,22,183,10,00,78,+25,+37.85959,-109.76747,01.1,08,038,3,2022-07-02
039971,22,183,12,00,44,+13,+37.85889,-109.76694,01.1,08,038,3,2022-07-02
039971,22,183,16,00,50,+25,+37.85964,-109.76900,00.9,09,038,3,2022-07-02
039971,22,183,18,00,80,+25,+37.86043,-109.76791,00.9,09,038,3,2022-07-02
039971,22,183,20,00,94,+16,+37.85984,-109.76583,01.5,06,038,3,2022-07-02
039971,22,183,22,00,90,+15,+37.86164,-109.76751,00.9,08,039,3,2022-07-02
039971,22,184,00,00,48,+19,+37.86163,-109.76774,01.2,06,038,3,2022-07-03
039971,22,184,02,00,60,+17,+37.86148,-109.76746,00.9,07,039,3,2022-07-03
039971,22,184,04,00,28,+17,+37.86130,-109.76753,01.1,08,038,3,2022-07-03
039971,22,184,06,00,66,+15,+37.86177,-109.76975,00.8,10,038,3,2022-07-03
039971,22,184,08,00,98,+20,+37.86199,-109.77178,01.5,06,038,3,2022-07-03
039971,22,184,10,00,54,+23,+37.86199,-109.77134,00.8,10,040,3,2022-07-03
039971,22,184,12,00,66,+23,+37.86017,-109.77281,01.0,09,038,3,2022-07-03
039971,22,184,14,00,94,+26,+37.86128,-109.77073,00.9,08,040,3,2022-07-03
039971,22,184,16,00,76,+25,+37.86060,-109.76921,01.0,06,043,3,2022-07-03
039971,22,184,22,00,52,+15,+37.86083,-109.76947,01.2,07,039,3,2022-07-03
039971,22,185,00,00,32,+17,+37.86054,-109.76890,01.0,07,038,3,2022-07-04
039971,22,185,02,00,74,+14,+37.86046,-109.76887,00.9,08,039,3,2022-07-04
039971,22,185,04,00,24,+17,+37.86048,-109.76889,01.0,08,040,3,2022-07-04
039971,22,185,06,00,82,+14,+37.85959,-109.76799,01.0,09,038,3,2022-07-04
039971,22,185,08,00,98,+19,+37.85869,-109.76760,00.9,09,038,3,2022-07-04
039971,22,185,10,00,42,+25,+37.85886,-109.76793,00.8,10,039,3,2022-07-04
039971,22,185,12,00,60,+23,+37.86074,-109.77082,01.0,09,038,3,2022-07-04
039971,22,185,14,00,98,+26,+37.86150,-109.77284,01.0,08,039,3,2022-07-04
039971,22,185,18,00,92,+24,+37.86031,-109.76272,00.9,07,038,3,2022-07-04
039971,22,185,20,00,98,+19,+37.85940,-109.76673,01.0,07,038,3,2022-07-04
039971,22,185,22,00,56,+16,+37.85946,-109.76776,01.0,08,039,3,2022-07-04
039971,22,186,00,00,68,+17,+37.85978,-109.76747,01.0,07,038,3,2022-07-05
039971,22,186,02,00,62,+18,+37.85963,-109.76742,00.9,08,038,3,2022-07-05
039971,22,186,04,00,32,+17,+37.85953,-109.76744,00.9,09,038,3,2022-07-05
039971,22,186,06,00,64,+13,+37.85836,-109.76948,01.0,09,038,3,2022-07-05
039971,22,186,08,00,98,+20,+37.85517,-109.77072,01.5,06,038,3,2022-07-05
039971,22,186,10,00,38,+24,+37.85560,-109.77101,00.9,09,041,3,2022-07-05
039971,22,186,12,00,82,+19,+37.85652,-109.77230,01.1,08,038,3,2022-07-05
039971,22,186,14,00,96,+23,+37.85796,-109.77214,01.0,08,040,3,2022-07-05
039971,22,186,16,00,38,+22,+37.85800,-109.77218,00.8,09,040,3,2022-07-05
039971,22,186,18,00,90,+20,+37.85814,-109.76825,01.2,08,038,3,2022-07-05
039971,22,186,20,00,96,+16,+37.85743,-109.76988,01.4,07,038,3,2022-07-05
039971,22,187,00,00,44,+14,+37.85924,-109.77120,01.0,07,038,3,2022-07-06
039971,22,187,02,00,44,+13,+37.85921,-109.77181,00.9,08,038,3,2022-07-06
039971,22,187,04,00,56,+13,+37.85938,-109.77152,00.9,09,039,3,2022-07-06
039971,22,187,06,00,78,+13,+37.85950,-109.77312,00.7,11,038,3,2022-07-06
039971,22,187,08,00,86,+20,+37.86109,-109.77261,00.9,09,039,3,2022-07-06
039971,22,187,10,00,36,+23,+37.86159,-109.77272,01.5,07,038,3,2022-07-06
039971,22,187,20,00,90,+13,+37.85987,-109.77333,01.1,08,038,3,2022-07-06
039971,22,188,00,01,40,+14,+37.86008,-109.77465,01.0,07,059,3,2022-07-07
039971,22,188,02,00,80,+14,+37.86015,-109.77455,00.9,08,040,3,2022-07-07
039971,22,188,04,00,24,+18,+37.86035,-109.77375,01.8,06,040,3,2022-07-07
039971,22,188,06,00,74,+15,+37.86013,-109.77423,00.9,08,038,3,2022-07-07
039971,22,188,10,01,74,+23,+37.86509,-109.77455,01.0,08,059,3,2022-07-07
039971,22,188,12,00,62,+25,+37.86500,-109.77733,01.1,09,038,3,2022-07-07
039971,22,188,14,00,92,+28,+37.86561,-109.78157,01.1,09,038,3,2022-07-07
039971,22,188,16,00,36,+25,+37.86530,-109.78147,01.0,07,038,3,2022-07-07
039971,22,188,18,00,82,+25,+37.86569,-109.78075,00.9,09,038,3,2022-07-07
039971,22,188,20,00,92,+16,+37.86522,-109.77938,01.0,08,038,3,2022-07-07
039971,22,189,00,00,64,+16,+37.86593,-109.78023,01.1,07,053,3,2022-07-08
039971,22,189,02,00,30,+14,+37.86587,-109.78012,01.2,06,040,3,2022-07-08
039971,22,189,04,00,26,+16,+37.86588,-109.78014,01.0,08,038,3,2022-07-08
039971,22,189,06,00,80,+13,+37.86558,-109.77362,00.9,08,039,3,2022-07-08
039971,22,189,08,00,98,+23,+37.86206,-109.77146,01.2,06,038,3,2022-07-08
039971,22,189,10,00,36,+25,+37.86219,-109.77178,00.9,09,057,3,2022-07-08
039971,22,189,12,00,82,+28,+37.86001,-109.77024,01.2,08,038,3,2022-07-08
039971,22,189,14,00,84,+29,+37.85918,-109.77135,01.1,08,038,3,2022-07-08
039971,22,189,16,00,30,+40,+37.85908,-109.77140,00.9,08,038,3,2022-07-08
039971,22,189,20,00,98,+16,+37.86273,-109.77268,01.0,08,039,3,2022-07-08
039971,22,189,22,00,74,+13,+37.86281,-109.77241,01.1,07,037,3,2022-07-08
039971,22,190,00,00,36,+12,+37.86273,-109.77246,01.0,07,038,3,2022-07-09
039971,22,190,04,00,38,+11,+37.86211,-109.77327,00.9,09,038,3,2022-07-09
039971,22,190,06,00,68,+13,+37.86138,-109.77516,01.0,08,038,3,2022-07-09
039971,22,190,08,00,78,+23,+37.86060,-109.77554,01.0,09,040,3,2022-07-09
039971,22,190,10,00,18,+28,+37.86056,-109.77560,00.8,10,038,3,2022-07-09
039971,22,190,12,00,94,+29,+37.86095,-109.77659,00.7,12,038,3,2022-07-09
039971,22,190,16,00,98,+30,+37.86042,-109.78100,01.0,08,038,3,2022-07-09
039971,22,190,18,00,86,+27,+37.86108,-109.78374,01.2,07,038,3,2022-07-09
039971,22,190,20,00,98,+20,+37.86349,-109.78538,01.0,08,039,3,2022-07-09
039971,22,190,22,00,74,+20,+37.86409,-109.78254,00.9,08,038,3,2022-07-09
039971,22,191,00,00,50,+17,+37.86314,-109.78134,01.7,06,038,3,2022-07-10
039971,22,191,02,00,74,+17,+37.86219,-109.78173,00.9,08,038,3,2022-07-10
039971,22,191,04,00,28,+18,+37.86217,-109.78183,00.8,10,038,3,2022-07-10
039971,22,191,06,00,60,+18,+37.86267,-109.78186,00.8,09,038,3,2022-07-10
039971,22,191,08,00,98,+20,+37.86296,-109.77957,00.9,09,038,3,2022-07-10
039971,22,191,10,00,52,+24,+37.86314,-109.77991,00.8,10,038,3,2022-07-10
039971,22,191,12,00,54,+27,+37.85981,-109.78424,00.7,12,041,3,2022-07-10
039971,22,191,14,00,98,+28,+37.86079,-109.78256,00.9,10,038,3,2022-07-10
039971,22,191,16,00,84,+23,+37.86045,-109.78554,01.0,08,058,3,2022-07-10
039971,22,191,20,00,98,+18,+37.85529,-109.78248,00.8,09,038,3,2022-07-10
039971,22,192,00,00,52,+19,+37.85594,-109.78202,00.9,08,038,3,2022-07-11
039971,22,192,04,00,30,+20,+37.85548,-109.78166,01.0,09,038,3,2022-07-11
039971,22,192,06,00,60,+20,+37.85533,-109.78073,00.9,08,038,3,2022-07-11
039971,22,192,08,00,56,+23,+37.85462,-109.78113,01.2,08,040,3,2022-07-11
039971,22,192,10,00,32,+23,+37.85511,-109.78112,01.6,07,038,3,2022-07-11
039971,22,192,12,00,50,+29,+37.85688,-109.78157,00.7,11,038,3,2022-07-11
039971,22,192,14,00,92,+30,+37.86031,-109.78454,01.5,07,038,3,2022-07-11
039971,22,192,18,00,74,+23,+37.84775,-109.78327,01.0,08,038,3,2022-07-11
039971,22,192,20,00,98,+20,+37.85322,-109.78401,00.9,08,038,3,2022-07-11
039971,22,192,22,00,76,+18,+37.84799,-109.78399,00.9,08,040,3,2022-07-11
039971,22,193,00,00,46,+21,+37.84819,-109.78412,00.9,07,039,3,2022-07-12
039971,22,193,02,00,60,+20,+37.84866,-109.78420,00.9,08,038,3,2022-07-12
039971,22,193,04,00,26,+22,+37.84857,-109.78431,00.9,09,041,3,2022-07-12
039971,22,193,06,00,78,+16,+37.84815,-109.78411,00.8,09,038,3,2022-07-12
039971,22,193,12,00,34,+25,+37.86528,-109.82426,01.2,06,038,3,2022-07-12
039971,22,193,14,00,80,+24,+37.86669,-109.82186,02.3,04,038,3,2022-07-12
039971,22,193,16,00,46,+25,+37.86598,-109.82290,01.7,04,038,3,2022-07-12
039971,22,193,18,00,90,+23,+37.87522,-109.81367,01.5,06,040,3,2022-07-12
039971,22,193,20,00,92,+19,+37.87574,-109.80871,00.9,08,038,3,2022-07-12
039971,22,194,00,00,52,+18,+37.87855,-109.79145,01.8,06,038,3,2022-07-13
039971,22,194,02,00,34,+17,+37.87863,-109.79113,01.0,06,038,3,2022-07-13
039971,22,194,04,00,62,+20,+37.87877,-109.79119,00.9,08,040,3,2022-07-13
039971,22,194,06,00,52,+16,+37.87879,-109.79053,00.9,08,038,3,2022-07-13
039971,22,194,08,00,82,+20,+37.87900,-109.78981,00.9,09,040,3,2022-07-13
039971,22,194,10,00,32,+25,+37.87876,-109.78981,01.1,08,038,3,2022-07-13
039971,22,194,12,00,48,+31,+37.87874,-109.79077,00.7,10,038,3,2022-07-13
039971,22,194,16,00,94,+30,+37.86993,-109.80760,00.9,07,038,3,2022-07-13
039971,22,194,22,00,82,+16,+37.86041,-109.78473,01.0,07,038,3,2022-07-13
039971,22,195,02,00,58,+19,+37.86039,-109.78211,00.9,08,038,3,2022-07-14
039971,22,195,04,00,30,+18,+37.86043,-109.78215,00.9,10,040,3,2022-07-14
039971,22,195,06,00,66,+17,+37.85374,-109.78165,00.8,09,038,3,2022-07-14
039971,22,195,10,00,64,+25,+37.84540,-109.78086,01.0,09,038,3,2022-07-14
039971,22,195,12,00,46,+29,+37.84417,-109.77867,00.9,08,038,3,2022-07-14
039971,22,195,18,01,62,+21,+37.84683,-109.78000,00.8,08,059,3,2022-07-14
039971,22,195,20,00,98,+20,+37.84170,-109.77996,00.8,09,039,3,2022-07-14
039971,22,196,00,00,58,+20,+37.84290,-109.78108,00.9,08,038,3,2022-07-15
039971,22,196,02,00,58,+18,+37.84206,-109.78137,01.0,08,039,3,2022-07-15
039971,22,196,04,00,38,+17,+37.84236,-109.78112,00.8,10,038,3,2022-07-15
039971,22,196,22,01,68,+15,+37.86253,-109.78318,01.0,06,038,3,2022-07-15
039971,22,197,00,00,30,+20,+37.86243,-109.78314,01.0,07,038,3,2022-07-16
039971,22,197,02,00,72,+15,+37.86087,-109.78437,01.0,08,038,3,2022-07-16
039971,22,197,04,00,38,+17,+37.86266,-109.78404,01.0,07,038,3,2022-07-16
039971,22,197,06,00,70,+16,+37.86734,-109.78318,01.7,06,038,3,2022-07-16
039971,22,197,08,00,80,+21,+37.86667,-109.78215,01.1,07,038,3,2022-07-16
039971,22,197,10,00,22,+25,+37.86671,-109.78215,01.2,08,038,3,2022-07-16
039971,22,197,12,00,96,+29,+37.86589,-109.78897,00.8,10,038,3,2022-07-16
039971,22,197,14,00,92,+32,+37.86569,-109.78771,00.9,08,045,3,2022-07-16
039971,22,197,16,00,84,+32,+37.86672,-109.78771,00.9,08,040,3,2022-07-16
039971,22,197,18,00,94,+28,+37.86039,-109.78479,00.9,08,038,3,2022-07-16
039971,22,197,20,00,92,+20,+37.86331,-109.78941,01.1,07,038,3,2022-07-16
039971,22,198,02,00,78,+20,+37.86371,-109.79100,00.9,09,038,3,2022-07-17
039971,22,198,04,00,26,+22,+37.86370,-109.79090,01.0,08,038,3,2022-07-17
039971,22,198,06,00,56,+19,+37.86273,-109.78989,00.7,10,038,3,2022-07-17
039971,22,198,10,00,64,+28,+37.85939,-109.78887,01.0,08,053,3,2022-07-17
039971,22,198,12,00,54,+30,+37.86007,-109.78768,00.8,09,038,3,2022-07-17
039971,22,198,14,00,82,+30,+37.85980,-109.78468,00.8,08,038,3,2022-07-17
039971,22,198,16,00,90,+30,+37.86053,-109.78473,01.1,07,039,3,2022-07-17
039971,22,198,18,00,82,+27,+37.86114,-109.78767,01.0,08,039,3,2022-07-17
039971,22,198,20,00,90,+21,+37.85866,-109.78285,01.1,07,038,3,2022-07-17
039971,22,198,22,00,74,+22,+37.85718,-109.78332,01.6,06,040,3,2022-07-17
039971,22,199,02,00,72,+20,+37.85702,-109.78355,00.7,11,038,3,2022-07-18
039971,22,199,04,00,80,+17,+37.85824,-109.78369,01.0,08,038,3,2022-07-18
039971,22,199,06,00,62,+21,+37.85718,-109.78308,00.9,09,039,3,2022-07-18
039971,22,199,08,00,98,+21,+37.85026,-109.78424,00.9,09,041,3,2022-07-18
039971,22,199,12,00,92,+30,+37.84659,-109.78069,00.8,10,038,3,2022-07-18
039971,22,199,18,00,98,+26,+37.84189,-109.77909,00.9,08,038,3,2022-07-18
039971,22,199,20,00,96,+21,+37.84510,-109.78121,01.1,06,038,3,2022-07-18
039971,22,199,22,00,54,+21,+37.84745,-109.78340,01.2,07,038,3,2022-07-18
039971,22,201,00,01,40,+20,+37.84781,-109.78363,00.9,08,038,3,2022-07-20
039971,22,201,02,00,82,+18,+37.84836,-109.78372,00.8,10,040,3,2022-07-20
039971,22,201,04,00,50,+18,+37.84838,-109.78412,01.1,08,039,3,2022-07-20
039971,22,201,06,00,78,+17,+37.85038,-109.78445,00.7,11,038,3,2022-07-20
039971,22,201,08,00,88,+23,+37.85137,-109.78401,00.9,09,040,3,2022-07-20
039971,22,201,10,00,38,+25,+37.85149,-109.78397,01.0,09,038,3,2022-07-20
039971,22,201,12,00,92,+29,+37.84874,-109.78240,00.8,10,038,3,2022-07-20
039971,22,201,14,00,96,+31,+37.84361,-109.78109,00.8,09,038,3,2022-07-20
039971,22,201,18,00,98,+26,+37.84681,-109.78372,01.1,06,038,3,2022-07-20
039971,22,201,20,00,98,+22,+37.84644,-109.78151,01.0,06,038,3,2022-07-20
039971,22,201,22,00,48,+21,+37.84566,-109.78163,01.1,08,041,3,2022-07-20
039971,22,202,00,00,34,+23,+37.84618,-109.78092,00.7,10,039,3,2022-07-21
039971,22,202,02,00,30,+20,+37.84631,-109.78142,00.8,09,040,3,2022-07-21
039971,22,202,04,00,22,+20,+37.84633,-109.78117,01.3,07,038,3,2022-07-21
039971,22,202,06,00,86,+17,+37.84679,-109.78012,00.8,11,052,3,2022-07-21
039971,22,202,08,00,94,+23,+37.84824,-109.78155,01.2,07,040,3,2022-07-21
039971,22,202,10,00,48,+25,+37.84856,-109.78107,00.9,10,058,3,2022-07-21
039971,22,202,12,00,86,+30,+37.84539,-109.78132,00.8,10,038,3,2022-07-21
039971,22,202,14,00,98,+29,+37.84178,-109.78121,00.8,09,038,3,2022-07-21
039971,22,202,16,00,86,+28,+37.84125,-109.78117,01.0,08,043,3,2022-07-21
039971,22,202,18,00,80,+26,+37.83907,-109.78012,01.2,08,038,3,2022-07-21
039971,22,202,20,00,98,+21,+37.84447,-109.78088,01.0,07,039,3,2022-07-21
039971,22,202,22,00,76,+21,+37.84816,-109.78422,01.1,08,039,3,2022-07-21
039971,22,203,00,00,36,+20,+37.84819,-109.78427,00.9,08,040,3,2022-07-22
039971,22,203,02,00,76,+21,+37.84854,-109.78420,00.8,09,038,3,2022-07-22
039971,22,203,04,00,36,+19,+37.84868,-109.78431,01.3,07,038,3,2022-07-22
039971,22,203,06,00,62,+19,+37.84664,-109.78089,00.7,12,038,3,2022-07-22
039971,22,203,08,00,96,+31,+37.85050,-109.77585,01.0,08,040,3,2022-07-22
039971,22,203,12,00,78,+29,+37.85929,-109.77722,00.7,10,038,3,2022-07-22
039971,22,203,14,00,96,+28,+37.86303,-109.78920,00.9,09,039,3,2022-07-22
039971,22,203,20,00,98,+21,+37.86319,-109.78895,01.1,07,038,3,2022-07-22
039971,22,204,02,00,68,+21,+37.86261,-109.79022,00.8,09,038,3,2022-07-23
039971,22,204,04,00,28,+24,+37.86287,-109.79029,01.2,07,040,3,2022-07-23
039971,22,204,12,00,84,+25,+37.86522,-109.78366,00.8,09,038,3,2022-07-23
039971,22,204,14,00,68,+31,+37.86358,-109.78441,00.7,11,038,3,2022-07-23
039971,22,204,16,00,56,+26,+37.86329,-109.78408,01.0,08,038,3,2022-07-23
039971,22,204,18,00,98,+25,+37.86312,-109.78365,00.9,10,039,3,2022-07-23
039971,22,204,20,00,98,+22,+37.86440,-109.78694,00.9,08,038,3,2022-07-23
039971,22,204,22,00,60,+21,+37.86444,-109.78668,00.9,09,039,3,2022-07-23
039971,22,205,00,00,64,+18,+37.86425,-109.78664,00.9,08,040,3,2022-07-24
039971,22,205,02,00,34,+16,+37.86407,-109.78661,01.0,08,039,3,2022-07-24
039971,22,205,04,00,68,+17,+37.86436,-109.78656,01.3,07,039,3,2022-07-24
039971,22,205,06,00,60,+19,+37.86282,-109.78489,00.8,10,038,3,2022-07-24
039971,22,205,12,00,48,+25,+37.86323,-109.78279,00.8,10,038,3,2022-07-24
039971,22,205,14,00,92,+26,+37.86171,-109.78704,00.9,07,038,3,2022-07-24
039971,22,205,16,00,92,+15,+37.86076,-109.79626,01.4,06,038,3,2022-07-24
039971,22,205,22,00,62,+17,+37.86277,-109.80125,01.7,05,038,3,2022-07-24
039971,22,206,00,00,34,+19,+37.86282,-109.80205,01.1,06,039,3,2022-07-25
039971,22,206,02,00,62,+18,+37.86317,-109.80171,01.0,08,038,3,2022-07-25
039971,22,206,04,00,30,+17,+37.86323,-109.80164,00.9,09,038,3,2022-07-25
039971,22,206,12,00,86,+19,+37.86411,-109.80110,00.8,08,038,3,2022-07-25
039971,22,206,14,00,76,+20,+37.86434,-109.80186,00.8,09,040,3,2022-07-25
039971,22,206,20,00,90,+16,+37.86439,-109.79969,00.9,07,038,3,2022-07-25
039971,22,206,22,00,50,+19,+37.86367,-109.80013,01.1,08,038,3,2022-07-25
039971,22,207,00,00,32,+17,+37.86415,-109.80028,01.2,07,040,3,2022-07-26
039971,22,207,02,00,44,+23,+37.86383,-109.80017,01.0,08,038,3,2022-07-26
039971,22,207,04,00,18,+20,+37.86402,-109.80032,00.9,09,038,3,2022-07-26
039971,22,207,10,00,58,+24,+37.86743,-109.80000,01.2,08,038,3,2022-07-26
039971,22,207,12,00,86,+24,+37.86878,-109.80233,00.7,10,038,3,2022-07-26
039971,22,207,16,00,60,+22,+37.86869,-109.80831,01.1,07,039,3,2022-07-26
039971,22,207,20,00,70,+17,+37.86817,-109.80833,01.3,08,038,3,2022-07-26
039971,22,207,22,00,24,+19,+37.86861,-109.80861,01.2,07,040,3,2022-07-26
039971,22,208,02,00,30,+14,+37.86857,-109.80854,01.0,07,038,3,2022-07-27
039971,22,208,04,00,18,+12,+37.86846,-109.80844,00.9,08,040,3,2022-07-27
039971,22,208,12,00,78,+17,+37.86540,-109.78180,01.1,08,038,3,2022-07-27
039971,22,208,14,00,74,+25,+37.85995,-109.78385,00.9,08,038,3,2022-07-27
039971,22,208,16,00,64,+30,+37.85974,-109.78414,00.9,09,040,3,2022-07-27
039971,22,208,20,00,90,+10,+37.85055,-109.78441,00.9,09,038,3,2022-07-27
039971,22,208,22,00,68,+17,+37.84839,-109.78436,01.1,07,040,3,2022-07-27
039971,22,209,00,00,32,+15,+37.84865,-109.78401,01.1,07,038,3,2022-07-28
039971,22,209,02,00,74,+16,+37.84819,-109.78468,00.9,09,040,3,2022-07-28
039971,22,209,04,00,30,+16,+37.84841,-109.78454,00.9,08,038,3,2022-07-28
039971,22,209,06,00,52,+15,+37.84939,-109.78523,01.5,05,038,3,2022-07-28
039971,22,209,10,00,76,+20,+37.84775,-109.78617,01.5,06,038,3,2022-07-28
039971,22,209,12,00,74,+19,+37.84526,-109.78699,00.8,09,038,3,2022-07-28
039971,22,209,14,00,86,+15,+37.84576,-109.78736,01.1,06,038,3,2022-07-28
039971,22,209,16,00,76,+23,+37.84580,-109.78836,00.9,07,038,3,2022-07-28
039971,22,209,22,00,48,+15,+37.84359,-109.78947,01.1,07,038,3,2022-07-28
039971,22,210,02,00,24,+16,+37.84393,-109.79040,00.9,09,038,3,2022-07-29
039971,22,210,04,00,22,+20,+37.84395,-109.79053,01.1,08,038,3,2022-07-29
039971,22,210,08,00,82,+18,+37.84753,-109.79221,01.4,07,038,3,2022-07-29
039971,22,210,10,00,74,+20,+37.84658,-109.78933,01.1,08,040,3,2022-07-29
039971,22,210,12,00,62,+25,+37.84748,-109.78907,01.3,07,038,3,2022-07-29
039971,22,210,16,00,82,+14,+37.84563,-109.78802,01.0,08,038,3,2022-07-29
039971,22,210,18,00,84,+16,+37.84647,-109.78520,01.4,06,038,3,2022-07-29
039971,22,210,20,00,98,+14,+37.84521,-109.78340,01.5,07,038,3,2022-07-29
039971,22,210,22,00,40,+16,+37.84508,-109.78359,01.0,07,040,3,2022-07-29
039971,22,211,00,00,26,+17,+37.84576,-109.78319,01.2,06,038,3,2022-07-30
039971,22,211,02,00,66,+15,+37.84513,-109.78348,01.0,08,039,3,2022-07-30
039971,22,211,04,00,28,+16,+37.84508,-109.78363,00.9,10,038,3,2022-07-30
039971,22,211,06,00,54,+14,+37.84597,-109.78454,00.9,08,038,3,2022-07-30
039971,22,211,08,00,86,+15,+37.85170,-109.78630,00.9,09,038,3,2022-07-30
039971,22,211,10,00,82,+25,+37.85257,-109.78674,01.4,07,039,3,2022-07-30
039971,22,211,14,00,80,+22,+37.85669,-109.78502,00.9,08,038,3,2022-07-30
039971,22,211,16,00,54,+13,+37.85318,-109.78697,01.2,08,039,3,2022-07-30
039971,22,211,18,00,94,+17,+37.85478,-109.78577,01.4,06,038,3,2022-07-30
039971,22,211,20,00,90,+15,+37.85276,-109.78707,01.1,07,038,3,2022-07-30
039971,22,211,22,00,44,+20,+37.85262,-109.78688,01.3,05,040,3,2022-07-30
039971,22,212,02,00,30,+18,+37.85339,-109.78656,00.9,08,038,3,2022-07-31
039971,22,212,04,00,28,+14,+37.85332,-109.78636,00.8,09,040,3,2022-07-31
039971,22,212,06,00,24,+17,+37.85339,-109.78609,01.0,06,038,3,2022-07-31
039971,22,212,08,00,90,+18,+37.84378,-109.77733,00.9,09,038,3,2022-07-31
039971,22,212,10,00,76,+22,+37.84114,-109.78127,01.1,08,038,3,2022-07-31
039971,22,212,12,00,50,+19,+37.84423,-109.78058,01.2,07,038,3,2022-07-31
039971,22,212,14,00,92,+21,+37.84033,-109.78163,00.7,09,038,3,2022-07-31
039971,22,212,18,00,96,+23,+37.84278,-109.78366,01.2,08,038,3,2022-07-31
039971,22,212,20,00,88,+18,+37.84537,-109.78489,01.1,07,038,3,2022-07-31
039971,22,212,22,00,38,+24,+37.84415,-109.78392,01.1,06,037,3,2022-07-31
039971,22,213,00,00,40,+17,+37.84480,-109.78441,01.1,07,038,3,2022-08-01
039971,22,213,02,00,26,+16,+37.84466,-109.78428,00.8,09,038,3,2022-08-01
039971,22,213,04,00,20,+19,+37.84484,-109.78440,00.9,09,038,3,2022-08-01
039971,22,213,10,00,82,+20,+37.84651,-109.78718,01.1,08,049,3,2022-08-01
039971,22,213,12,00,56,+25,+37.84637,-109.78741,01.3,07,038,3,2022-08-01
039971,22,213,14,00,88,+26,+37.84435,-109.78720,00.8,08,038,3,2022-08-01
039971,22,213,16,00,84,+25,+37.84435,-109.78672,01.2,08,058,3,2022-08-01
039971,22,213,18,00,92,+24,+37.84461,-109.78825,01.2,08,038,3,2022-08-01
039971,22,213,20,00,86,+17,+37.84413,-109.78619,01.2,06,038,3,2022-08-01
039971,22,213,22,00,36,+16,+37.84422,-109.78662,01.0,06,038,3,2022-08-01
039971,22,214,00,00,60,+18,+37.84547,-109.78679,01.1,07,038,3,2022-08-02
039971,22,214,02,00,26,+20,+37.84523,-109.78688,01.1,07,041,3,2022-08-02
039971,22,214,04,00,28,+15,+37.84548,-109.78679,00.9,09,040,3,2022-08-02
039971,22,214,06,00,38,+16,+37.84571,-109.78721,01.1,07,039,3,2022-08-02
039971,22,214,10,00,86,+25,+37.84761,-109.78865,01.2,06,038,3,2022-08-02
039971,22,214,12,00,62,+27,+37.84776,-109.78842,01.5,06,038,3,2022-08-02
039971,22,214,14,00,86,+28,+37.84803,-109.78924,01.0,08,038,3,2022-08-02
039971,22,214,20,00,98,+17,+37.84502,-109.78542,01.2,07,038,3,2022-08-02
039971,22,215,00,00,36,+23,+37.84481,-109.78447,03.3,04,038,3,2022-08-03
039971,22,215,02,00,28,+19,+37.84468,-109.78453,00.9,08,040,3,2022-08-03
039971,22,215,04,00,26,+18,+37.84477,-109.78459,00.9,08,038,3,2022-08-03
039971,22,215,10,00,96,+25,+37.84365,-109.78384,01.8,06,038,3,2022-08-03
039971,22,215,12,00,56,+27,+37.84194,-109.78546,01.1,08,038,3,2022-08-03
039971,22,215,14,00,98,+28,+37.84414,-109.78355,01.1,07,038,3,2022-08-03
039971,22,215,18,00,98,+26,+37.84441,-109.78218,01.9,06,038,3,2022-08-03
039971,22,215,20,00,86,+20,+37.84349,-109.78313,01.5,06,040,3,2022-08-03
039971,22,215,22,00,62,+18,+37.84299,-109.78371,01.2,05,042,3,2022-08-03
039971,22,216,00,00,28,+19,+37.84327,-109.78321,01.1,07,038,3,2022-08-04
039971,22,216,02,00,26,+16,+37.84328,-109.78340,00.9,09,038,3,2022-08-04
039971,22,216,04,00,20,+20,+37.84338,-109.78340,00.8,09,038,3,2022-08-04
039971,22,216,06,00,42,+16,+37.84326,-109.78394,00.9,07,056,3,2022-08-04
039971,22,216,12,00,86,+28,+37.84381,-109.78771,01.4,06,038,3,2022-08-04
039971,22,216,14,00,52,+29,+37.84416,-109.78672,00.9,08,057,3,2022-08-04
039971,22,216,16,00,72,+26,+37.84529,-109.78820,01.0,09,038,3,2022-08-04
039971,22,216,18,00,98,+24,+37.84719,-109.78981,01.4,06,038,3,2022-08-04
039971,22,216,20,00,78,+18,+37.84439,-109.78507,01.0,06,038,3,2022-08-04
039971,22,216,22,00,48,+18,+37.84443,-109.78439,00.9,07,040,3,2022-08-04
039971,22,217,02,00,48,+17,+37.84440,-109.78401,00.9,09,038,3,2022-08-05
039971,22,217,04,00,22,+16,+37.84443,-109.78390,01.0,07,039,3,2022-08-05
039971,22,217,06,00,38,+16,+37.84465,-109.78366,01.0,07,038,3,2022-08-05
039971,22,217,10,00,50,+25,+37.84555,-109.78363,00.7,10,038,3,2022-08-05
039971,22,217,12,00,90,+25,+37.84412,-109.78470,01.2,07,038,3,2022-08-05
039971,22,217,14,00,78,+26,+37.84440,-109.78618,01.0,07,038,3,2022-08-05
039971,22,217,16,00,96,+30,+37.84622,-109.78672,01.1,07,038,3,2022-08-05
039971,22,217,20,00,90,+19,+37.84429,-109.78308,01.1,07,038,3,2022-08-05
039971,22,217,22,00,54,+19,+37.84505,-109.78356,00.9,07,038,3,2022-08-05
039971,22,218,00,00,28,+20,+37.84523,-109.78359,01.3,07,038,3,2022-08-06
039971,22,218,02,00,28,+18,+37.84511,-109.78355,00.8,10,038,3,2022-08-06
039971,22,218,04,00,22,+18,+37.84503,-109.78363,00.8,09,038,3,2022-08-06
039971,22,218,06,00,46,+16,+37.84653,-109.78495,01.1,06,038,3,2022-08-06
039971,22,218,10,00,96,+23,+37.85506,-109.78561,00.9,08,038,3,2022-08-06
039971,22,218,14,00,98,+27,+37.84976,-109.78538,01.0,07,038,3,2022-08-06
039971,22,218,16,00,90,+28,+37.84714,-109.78384,00.9,09,038,3,2022-08-06
039971,22,218,22,01,42,+21,+37.85264,-109.78633,01.2,05,054,3,2022-08-06
039971,22,219,00,00,30,+17,+37.85147,-109.79016,01.3,06,038,3,2022-08-07
039971,22,219,04,01,24,+14,+37.85277,-109.78632,00.8,08,059,3,2022-08-07
039971,22,219,10,00,88,+24,+37.85154,-109.78758,00.8,09,038,3,2022-08-07
039971,22,219,14,00,92,+28,+37.84908,-109.78062,01.5,06,038,3,2022-08-07
039971,22,219,20,00,98,+20,+37.84841,-109.78404,01.1,06,038,3,2022-08-07
039971,22,219,22,00,44,+23,+37.84942,-109.78323,01.0,06,038,3,2022-08-07
039971,22,220,00,00,34,+18,+37.84923,-109.78328,01.2,07,038,3,2022-08-08
039971,22,220,02,00,86,+17,+37.84794,-109.78279,00.8,10,038,3,2022-08-08
039971,22,220,04,00,28,+14,+37.84791,-109.78291,01.0,08,038,3,2022-08-08
039971,22,220,06,00,44,+15,+37.84901,-109.78243,00.9,09,038,3,2022-08-08
039971,22,220,10,00,18,+25,+37.85057,-109.78388,01.0,07,038,3,2022-08-08
039971,22,220,12,00,92,+26,+37.84719,-109.78080,01.4,07,038,3,2022-08-08
039971,22,220,16,00,82,+25,+37.84756,-109.78080,00.9,08,038,3,2022-08-08
039971,22,220,18,00,92,+21,+37.84775,-109.78376,01.5,06,038,3,2022-08-08
039971,22,220,20,00,98,+16,+37.84792,-109.78466,01.2,06,038,3,2022-08-08
039971,22,221,00,00,44,+16,+37.84809,-109.78363,01.0,07,038,3,2022-08-09
039971,22,221,02,00,44,+14,+37.84852,-109.78413,00.9,09,038,3,2022-08-09
039971,22,221,04,00,20,+17,+37.84864,-109.78403,00.8,09,038,3,2022-08-09
039971,22,221,06,00,36,+17,+37.84852,-109.78412,00.9,08,038,3,2022-08-09
039971,22,221,10,00,96,+30,+37.85822,-109.78160,00.9,08,038,3,2022-08-09
039971,22,221,14,00,98,+29,+37.84620,-109.78164,01.0,08,038,3,2022-08-09
039971,22,221,20,00,98,+19,+37.84421,-109.77972,01.3,06,038,3,2022-08-09
039971,22,222,00,00,52,+18,+37.84146,-109.78008,01.2,06,038,3,2022-08-10
039971,22,222,02,00,84,+16,+37.84266,-109.77999,00.9,09,037,3,2022-08-10
039971,22,222,04,00,26,+17,+37.84275,-109.77991,01.0,08,038,3,2022-08-10
039971,22,222,10,00,68,+25,+37.84334,-109.77947,00.9,07,049,3,2022-08-10
039971,22,222,14,00,94,+32,+37.85343,-109.73493,01.0,08,038,3,2022-08-10
039971,22,222,16,00,82,+27,+37.85171,-109.73064,01.0,06,038,3,2022-08-10
039971,22,223,02,00,26,+17,+37.84292,-109.73333,00.8,09,039,3,2022-08-11
039971,22,223,04,00,20,+18,+37.84262,-109.73326,00.9,08,038,3,2022-08-11
039971,22,223,06,00,44,+16,+37.84688,-109.73013,01.4,06,038,3,2022-08-11
039971,22,223,12,00,52,+25,+37.84590,-109.72721,00.9,09,049,3,2022-08-11
039971,22,223,14,00,92,+30,+37.84727,-109.73030,01.0,08,038,3,2022-08-11
039971,22,223,16,00,96,+29,+37.84758,-109.73094,01.0,07,038,3,2022-08-11
039971,22,223,18,00,78,+25,+37.84623,-109.73030,01.0,07,038,3,2022-08-11
039971,22,223,20,00,86,+17,+37.88906,-109.73033,02.1,04,042,3,2022-08-11
039971,22,223,22,00,88,+17,+37.84826,-109.72691,01.1,06,040,3,2022-08-11
039971,22,224,00,00,26,+20,+37.84845,-109.72685,01.0,08,039,3,2022-08-12
039971,22,224,04,00,56,+16,+37.84817,-109.72656,01.0,08,038,3,2022-08-12
039971,22,224,08,00,90,+19,+37.84853,-109.72679,01.1,08,038,3,2022-08-12
039971,22,224,10,00,28,+21,+37.84857,-109.72682,00.8,10,038,3,2022-08-12
039971,22,224,12,00,68,+25,+37.84883,-109.72454,01.0,09,038,3,2022-08-12
039971,22,224,14,00,90,+26,+37.84027,-109.73440,00.9,08,038,3,2022-08-12
039971,22,224,20,00,96,+17,+37.84805,-109.72715,01.2,06,038,3,2022-08-12
039971,22,224,22,00,44,+18,+37.84837,-109.72814,00.9,08,038,3,2022-08-12
039971,22,225,00,00,26,+19,+37.84836,-109.72790,01.0,08,038,3,2022-08-13
039971,22,225,02,00,66,+16,+37.84819,-109.72817,01.4,07,038,3,2022-08-13
039971,22,225,04,00,28,+15,+37.84824,-109.72820,01.1,08,039,3,2022-08-13
039971,22,225,06,00,38,+17,+37.84774,-109.72813,00.8,09,054,3,2022-08-13
039971,22,225,20,01,94,+22,+37.85010,-109.72961,03.3,04,056,3,2022-08-13
039971,22,225,22,00,38,+20,+37.85029,-109.72961,01.0,06,040,3,2022-08-13
039971,22,226,02,00,66,+17,+37.85025,-109.73051,00.9,09,038,3,2022-08-14
039971,22,226,04,00,26,+15,+37.85044,-109.73068,00.8,09,038,3,2022-08-14
039971,22,226,10,00,38,+25,+37.84956,-109.72934,01.3,07,038,3,2022-08-14
039971,22,226,12,00,62,+26,+37.84115,-109.73562,00.9,09,038,3,2022-08-14
039971,22,226,22,01,80,+20,+37.84363,-109.72882,01.0,07,052,3,2022-08-14
039971,22,227,00,00,56,+18,+37.84499,-109.73052,01.1,07,039,3,2022-08-15
039971,22,227,02,00,82,+17,+37.84441,-109.72875,01.0,08,038,3,2022-08-15
039971,22,227,04,00,50,+17,+37.84359,-109.72934,01.0,08,039,3,2022-08-15
039971,22,227,06,00,60,+18,+37.84311,-109.72847,01.1,08,038,3,2022-08-15
039971,22,227,08,00,88,+21,+37.84109,-109.73072,01.2,07,059,3,2022-08-15
039971,22,227,10,00,26,+25,+37.84122,-109.73062,00.8,09,039,3,2022-08-15
039971,22,227,12,00,68,+20,+37.84106,-109.73181,01.0,08,038,3,2022-08-15
039971,22,227,14,00,74,+18,+37.84548,-109.73541,01.2,06,038,3,2022-08-15
039971,22,227,18,00,94,+17,+37.84559,-109.73453,01.0,06,038,3,2022-08-15
039971,22,227,20,00,84,+19,+37.84714,-109.73628,01.1,06,040,3,2022-08-15
039971,22,227,22,00,40,+18,+37.84729,-109.73618,00.8,08,040,3,2022-08-15
039971,22,228,00,00,32,+18,+37.84739,-109.73660,01.1,07,038,3,2022-08-16
039971,22,228,02,00,86,+15,+37.84709,-109.73667,00.9,10,038,3,2022-08-16
039971,22,228,04,00,40,+17,+37.84725,-109.73625,00.9,08,038,3,2022-08-16
039971,22,228,06,00,34,+16,+37.84637,-109.73652,01.1,07,040,3,2022-08-16
039971,22,228,10,00,56,+22,+37.84781,-109.73768,00.7,11,038,3,2022-08-16
039971,22,228,12,00,46,+24,+37.84708,-109.73679,02.0,07,038,3,2022-08-16
039971,22,228,14,00,66,+17,+37.84919,-109.73671,00.9,08,040,3,2022-08-16
039971,22,228,16,00,74,+23,+37.85213,-109.73519,02.7,06,040,3,2022-08-16
039971,22,228,18,00,72,+22,+37.85057,-109.73066,01.5,06,038,3,2022-08-16
039971,22,228,20,00,98,+19,+37.84920,-109.72853,01.2,06,038,3,2022-08-16
039971,22,228,22,00,34,+18,+37.84938,-109.72822,01.0,07,039,3,2022-08-16
039971,22,229,00,00,28,+20,+37.84948,-109.72832,01.1,06,038,3,2022-08-17
039971,22,229,02,00,90,+15,+37.84943,-109.72799,01.0,08,038,3,2022-08-17
039971,22,229,04,00,36,+14,+37.84915,-109.72812,01.0,07,039,3,2022-08-17
039971,22,229,10,00,44,+22,+37.85131,-109.72967,01.0,07,038,3,2022-08-17
039971,22,229,12,00,74,+15,+37.85087,-109.72855,01.6,07,038,3,2022-08-17
039971,22,229,14,00,98,+26,+37.84848,-109.72874,01.1,07,039,3,2022-08-17
039971,22,229,18,00,92,+23,+37.84873,-109.72992,01.1,06,038,3,2022-08-17
039971,22,230,00,00,42,+17,+37.84779,-109.72692,01.1,07,037,3,2022-08-18
039971,22,231,02,01,26,+18,+37.83883,-109.67964,01.1,08,038,3,2022-08-19
039971,22,231,04,00,14,+20,+37.83857,-109.68013,00.8,10,038,3,2022-08-19
039971,22,231,08,00,92,+18,+37.83500,-109.68475,01.1,08,038,3,2022-08-19
039971,22,231,10,00,72,+15,+37.83496,-109.68681,00.9,09,038,3,2022-08-19
039971,22,231,12,00,32,+16,+37.83452,-109.68628,01.0,08,038,3,2022-08-19
039971,22,231,16,00,94,+23,+37.83184,-109.68582,02.6,06,038,3,2022-08-19
039971,22,231,18,00,84,+19,+37.83891,-109.68510,01.1,06,038,3,2022-08-19
039971,22,231,20,00,96,+16,+37.83709,-109.68672,01.3,06,038,3,2022-08-19
039971,22,232,00,00,28,+20,+37.83637,-109.68654,00.9,08,038,3,2022-08-20
039971,22,232,04,00,72,+19,+37.83483,-109.68754,00.9,09,038,3,2022-08-20
039971,22,232,08,00,82,+18,+37.83636,-109.68580,01.3,07,038,3,2022-08-20
039971,22,232,10,00,28,+28,+37.83626,-109.68563,00.8,09,038,3,2022-08-20
039971,22,232,14,00,98,+20,+37.83202,-109.68502,00.9,09,038,3,2022-08-20
039971,22,233,02,01,24,+17,+37.83771,-109.69109,01.1,08,049,3,2022-08-21
039971,22,233,04,00,48,+15,+37.83761,-109.69107,00.9,09,040,3,2022-08-21
039971,22,233,06,00,38,+13,+37.83813,-109.69284,01.1,08,038,3,2022-08-21
039971,22,233,10,00,94,+22,+37.87497,-109.69315,01.2,06,038,3,2022-08-21
039971,22,233,12,00,76,+25,+37.87797,-109.69240,00.8,10,038,3,2022-08-21
039971,22,233,14,00,82,+28,+37.87717,-109.69280,01.0,08,038,3,2022-08-21
039971,22,233,16,00,60,+25,+37.87738,-109.69311,01.4,06,058,3,2022-08-21
039971,22,233,18,00,80,+25,+37.87631,-109.69268,01.0,06,038,3,2022-08-21
039971,22,233,20,00,88,+17,+37.89617,-109.67604,01.9,04,045,3,2022-08-21
039971,22,233,22,00,74,+18,+37.89656,-109.67723,01.2,07,040,3,2022-08-21
039971,22,234,00,00,44,+16,+37.89637,-109.67722,00.9,09,038,3,2022-08-22
039971,22,234,02,00,68,+15,+37.89617,-109.67742,00.9,09,038,3,2022-08-22
039971,22,234,04,00,24,+13,+37.89609,-109.67741,00.7,10,038,3,2022-08-22
039971,22,234,06,00,66,+12,+37.89464,-109.67770,00.9,09,038,3,2022-08-22
039971,22,234,08,00,80,+20,+37.89056,-109.67567,01.0,09,039,3,2022-08-22
039971,22,234,10,00,30,+25,+37.89044,-109.67567,00.7,11,038,3,2022-08-22
039971,22,234,12,00,52,+26,+37.88867,-109.67353,00.7,11,038,3,2022-08-22
039971,22,234,14,00,54,+25,+37.88909,-109.67498,00.9,09,038,3,2022-08-22
039971,22,234,18,00,60,+23,+37.88713,-109.68239,00.9,08,038,3,2022-08-22
039971,22,234,22,00,44,+17,+37.89162,-109.66913,01.0,07,039,3,2022-08-22
039971,22,235,00,00,70,+16,+37.89142,-109.66989,00.7,11,039,3,2022-08-23
039971,22,235,02,00,46,+16,+37.89107,-109.66938,01.0,08,038,3,2022-08-23
039971,22,235,04,00,28,+16,+37.89110,-109.66934,00.8,09,040,3,2022-08-23
039971,22,235,06,00,76,+15,+37.89076,-109.67079,01.1,09,038,3,2022-08-23
039971,22,235,08,00,78,+23,+37.88019,-109.68788,01.0,09,038,3,2022-08-23
039971,22,235,10,00,34,+26,+37.88008,-109.68778,00.7,11,038,3,2022-08-23
039971,22,235,12,00,22,+25,+37.87972,-109.68791,01.0,07,038,3,2022-08-23
039971,22,235,14,00,88,+31,+37.88182,-109.68914,01.0,07,038,3,2022-08-23
039971,22,235,18,00,98,+23,+37.88046,-109.69165,01.1,07,038,3,2022-08-23
039971,22,235,20,00,82,+16,+37.87729,-109.69240,01.3,05,057,3,2022-08-23
039971,22,235,22,00,30,+16,+37.87729,-109.69261,00.9,08,038,3,2022-08-23
039971,22,236,00,00,66,+18,+37.87770,-109.69215,00.9,08,038,3,2022-08-24
039971,22,236,02,00,18,+21,+37.87772,-109.69217,00.9,09,038,3,2022-08-24
039971,22,236,04,00,40,+16,+37.87766,-109.69225,01.1,06,040,3,2022-08-24
039971,22,236,06,00,38,+14,+37.87900,-109.69234,00.8,10,038,3,2022-08-24
039971,22,236,10,00,56,+25,+37.87977,-109.68788,00.8,10,038,3,2022-08-24
039971,22,236,12,00,54,+27,+37.87858,-109.68578,00.8,10,038,3,2022-08-24
039971,22,236,14,00,98,+24,+37.87736,-109.68544,00.9,08,038,3,2022-08-24
039971,22,236,18,00,78,+23,+37.87683,-109.68724,00.9,08,038,3,2022-08-24
039971,22,236,20,00,92,+20,+37.87797,-109.68399,01.1,06,038,3,2022-08-24
039971,22,237,00,00,26,+18,+37.87712,-109.68584,00.8,09,038,3,2022-08-25
039971,22,237,02,00,66,+17,+37.87682,-109.68618,00.9,09,038,3,2022-08-25
039971,22,237,04,00,26,+18,+37.87683,-109.68612,01.1,07,040,3,2022-08-25
039971,22,237,06,00,34,+17,+37.87840,-109.68605,00.9,08,038,3,2022-08-25
039971,22,237,10,00,72,+24,+37.87952,-109.68476,01.0,09,038,3,2022-08-25
039971,22,237,12,00,30,+26,+37.87985,-109.68490,00.8,09,039,3,2022-08-25
039971,22,237,14,00,98,+17,+37.87915,-109.68347,01.4,06,038,3,2022-08-25
039971,22,237,16,00,66,+26,+37.88036,-109.68357,01.3,06,038,3,2022-08-25
039971,22,237,18,00,76,+20,+37.87781,-109.67983,01.3,07,038,3,2022-08-25
039971,22,237,20,00,92,+18,+37.87866,-109.68416,01.0,07,038,3,2022-08-25
039971,22,237,22,00,42,+19,+37.87892,-109.68418,01.2,06,040,3,2022-08-25
039971,22,238,00,00,46,+17,+37.87849,-109.68319,00.8,09,059,3,2022-08-26
039971,22,238,02,00,68,+16,+37.87870,-109.68407,00.8,10,038,3,2022-08-26
039971,22,238,04,00,26,+17,+37.87873,-109.68406,00.9,08,038,3,2022-08-26
039971,22,238,06,00,58,+16,+37.87794,-109.68303,00.9,08,038,3,2022-08-26
039971,22,238,10,00,62,+25,+37.87823,-109.68393,01.0,08,038,3,2022-08-26
039971,22,238,12,00,76,+14,+37.87711,-109.68315,01.3,06,038,3,2022-08-26
039971,22,238,14,00,50,+23,+37.87916,-109.68395,01.0,07,040,3,2022-08-26
039971,22,238,18,00,92,+19,+37.87891,-109.67995,01.8,06,043,3,2022-08-26
039971,22,238,22,00,46,+20,+37.88141,-109.68201,01.2,06,039,3,2022-08-26
039971,22,239,00,00,32,+16,+37.88145,-109.68199,00.9,08,039,3,2022-08-27
039971,22,239,02,00,70,+16,+37.88111,-109.68178,00.9,09,038,3,2022-08-27
039971,22,239,04,00,20,+17,+37.88129,-109.68166,01.1,07,038,3,2022-08-27
039971,22,239,12,00,64,+23,+37.87486,-109.67716,01.0,07,037,3,2022-08-27
039971,22,239,14,00,98,+25,+37.87273,-109.67722,01.0,07,038,3,2022-08-27
039971,22,239,18,00,86,+23,+37.87374,-109.67691,01.1,07,038,3,2022-08-27
039971,22,239,20,00,92,+16,+37.87620,-109.67620,01.1,06,038,3,2022-08-27
039971,22,239,22,00,32,+17,+37.87627,-109.67662,01.3,07,040,3,2022-08-27
039971,22,240,00,00,30,+18,+37.87596,-109.67655,01.4,06,040,3,2022-08-28
039971,22,240,02,00,58,+16,+37.87584,-109.67675,00.8,10,039,3,2022-08-28
039971,22,240,04,00,24,+16,+37.87590,-109.67678,00.9,08,038,3,2022-08-28
039971,22,240,06,00,46,+16,+37.87712,-109.67667,00.9,10,038,3,2022-08-28
039971,22,240,10,00,68,+25,+37.87410,-109.67378,00.7,11,038,3,2022-08-28
039971,22,240,12,00,64,+25,+37.87429,-109.67327,00.8,09,038,3,2022-08-28
039971,22,240,14,00,66,+26,+37.87630,-109.67338,00.9,08,038,3,2022-08-28
039971,22,240,16,00,86,+23,+37.87644,-109.67388,02.1,06,038,3,2022-08-28
039971,22,241,00,00,22,+20,+37.87650,-109.67617,00.9,09,045,3,2022-08-29
039971,22,241,02,00,70,+15,+37.87687,-109.67665,00.8,10,038,3,2022-08-29
039971,22,241,04,00,46,+17,+37.87678,-109.67666,00.9,08,040,3,2022-08-29
039971,22,241,08,00,82,+22,+37.87806,-109.67640,00.9,10,038,3,2022-08-29
039971,22,241,10,00,54,+28,+37.87860,-109.67724,00.8,10,038,3,2022-08-29
039971,22,241,12,00,76,+27,+37.87857,-109.67832,00.9,08,039,3,2022-08-29
039971,22,241,14,00,66,+29,+37.87826,-109.67855,00.9,08,038,3,2022-08-29
039971,22,241,16,00,58,+25,+37.87859,-109.67747,02.2,06,039,3,2022-08-29
039971,22,241,18,00,88,+23,+37.87903,-109.67958,01.3,07,038,3,2022-08-29
039971,22,241,20,00,76,+18,+37.88237,-109.67853,01.1,06,039,3,2022-08-29
039971,22,241,22,00,30,+19,+37.88252,-109.67849,01.3,07,039,3,2022-08-29
039971,22,242,00,00,32,+16,+37.88204,-109.67807,00.9,09,038,3,2022-08-30
039971,22,242,02,00,18,+17,+37.88198,-109.67803,00.7,11,038,3,2022-08-30
039971,22,242,04,00,44,+15,+37.88112,-109.68069,01.2,07,038,3,2022-08-30
039971,22,242,06,00,46,+16,+37.88026,-109.68052,00.9,09,038,3,2022-08-30
039971,22,242,08,00,90,+25,+37.87853,-109.67899,01.0,09,038,3,2022-08-30
039971,22,242,10,00,84,+26,+37.87802,-109.67873,00.8,10,039,3,2022-08-30
039971,22,242,14,00,56,+32,+37.87760,-109.67958,00.9,08,038,3,2022-08-30
039971,22,242,16,00,64,+25,+37.87592,-109.67842,02.0,06,038,3,2022-08-30
039971,22,242,18,00,98,+25,+37.87536,-109.67766,01.3,07,038,3,2022-08-30
039971,22,242,20,00,80,+17,+37.87404,-109.67747,01.0,07,038,3,2022-08-30
039971,22,242,22,00,58,+15,+37.87423,-109.67861,01.0,08,040,3,2022-08-30
039971,22,243,00,00,30,+23,+37.87396,-109.67845,00.8,09,038,3,2022-08-31
039971,22,243,02,00,60,+17,+37.87416,-109.67955,00.7,11,038,3,2022-08-31
039971,22,243,04,00,20,+19,+37.87417,-109.67958,01.1,07,038,3,2022-08-31
039971,22,243,10,00,36,+25,+37.87364,-109.68025,01.2,08,038,3,2022-08-31
039971,22,243,12,00,88,+27,+37.87435,-109.68130,00.9,08,039,3,2022-08-31
039971,22,243,16,00,78,+28,+37.87536,-109.68481,01.1,06,038,3,2022-08-31
039971,22,243,20,00,82,+20,+37.87404,-109.68733,01.0,06,038,3,2022-08-31
039971,22,243,22,00,50,+17,+37.87149,-109.68641,01.0,08,040,3,2022-08-31
039971,22,244,00,00,50,+15,+37.87165,-109.68565,00.8,10,038,3,2022-09-01
039971,22,244,02,00,24,+23,+37.87167,-109.68523,00.7,11,039,3,2022-09-01
039971,22,244,04,00,24,+18,+37.87178,-109.68534,00.8,09,038,3,2022-09-01
039971,22,244,06,00,46,+17,+37.87260,-109.68443,01.1,08,038,3,2022-09-01
039971,22,244,08,00,88,+25,+37.87243,-109.68247,00.9,10,039,3,2022-09-01
039971,22,244,10,00,68,+25,+37.87211,-109.68153,01.2,09,038,3,2022-09-01
039971,22,244,12,00,74,+29,+37.87353,-109.68107,00.7,10,039,3,2022-09-01
039971,22,244,14,00,92,+30,+37.87266,-109.68155,00.9,06,038,3,2022-09-01
039971,22,244,16,00,62,+30,+37.87266,-109.68222,01.1,06,038,3,2022-09-01
039971,22,244,18,00,86,+25,+37.87008,-109.68182,01.0,07,038,3,2022-09-01
039971,22,244,20,00,92,+19,+37.86884,-109.68429,01.0,07,040,3,2022-09-01
039971,22,244,22,00,48,+21,+37.86917,-109.68487,01.0,08,038,3,2022-09-01
039971,22,245,00,00,56,+16,+37.86933,-109.68569,00.8,09,038,3,2022-09-02
039971,22,245,02,00,34,+14,+37.86975,-109.68540,00.8,10,038,3,2022-09-02
039971,22,245,04,00,14,+20,+37.86976,-109.68544,00.9,09,038,3,2022-09-02
039971,22,245,06,00,54,+15,+37.86940,-109.68365,00.9,08,038,3,2022-09-02
039971,22,245,08,00,72,+23,+37.86699,-109.68225,00.9,10,038,3,2022-09-02
039971,22,245,14,00,66,+30,+37.86917,-109.68357,01.2,06,038,3,2022-09-02
039971,22,245,16,00,50,+28,+37.87772,-109.67987,01.8,06,039,3,2022-09-02
039971,22,245,18,00,86,+25,+37.87385,-109.68486,01.1,07,038,3,2022-09-02
039971,22,245,22,00,26,+17,+37.87263,-109.68460,01.0,08,038,3,2022-09-02
039971,22,246,00,00,42,+17,+37.87282,-109.68601,00.7,11,040,3,2022-09-03
039971,22,246,02,00,70,+18,+37.87258,-109.68605,00.8,10,038,3,2022-09-03
039971,22,246,04,00,24,+17,+37.87260,-109.68612,00.8,10,038,3,2022-09-03
039971,22,246,06,00,54,+18,+37.87264,-109.68734,01.0,09,038,3,2022-09-03
039971,22,246,08,00,94,+23,+37.87057,-109.68907,01.1,09,038,3,2022-09-03
039971,22,246,10,00,46,+32,+37.87117,-109.68830,02.2,06,040,3,2022-09-03
039971,22,246,12,00,78,+29,+37.87247,-109.68855,01.0,07,040,3,2022-09-03
039971,22,246,16,00,54,+32,+37.87460,-109.67876,01.1,06,038,3,2022-09-03
039971,22,246,18,00,88,+25,+37.87238,-109.68743,01.7,06,038,3,2022-09-03
039971,22,246,20,00,94,+19,+37.87287,-109.68884,00.9,07,038,3,2022-09-03
039971,22,246,22,00,30,+19,+37.87305,-109.68887,00.9,09,038,3,2022-09-03
039971,22,247,00,00,68,+16,+37.87347,-109.68801,00.8,09,038,3,2022-09-04
039971,22,247,02,00,18,+17,+37.87353,-109.68814,00.7,11,038,3,2022-09-04
039971,22,247,04,00,18,+16,+37.87355,-109.68807,00.8,10,039,3,2022-09-04
039971,22,247,06,00,38,+14,+37.87411,-109.68784,00.8,10,038,3,2022-09-04
039971,22,247,08,00,98,+20,+37.87330,-109.68487,00.7,11,038,3,2022-09-04
039971,22,247,10,00,18,+25,+37.87354,-109.68519,01.2,08,040,3,2022-09-04
039971,22,247,14,00,46,+29,+37.87723,-109.67980,01.0,08,038,3,2022-09-04
039971,22,247,16,00,36,+30,+37.87592,-109.67901,01.0,07,038,3,2022-09-04
039971,22,247,18,00,72,+25,+37.87423,-109.67602,01.0,07,038,3,2022-09-04
039971,22,247,20,00,86,+15,+37.87145,-109.67590,01.4,06,038,3,2022-09-04
039971,22,247,22,00,62,+15,+37.87139,-109.67779,00.9,09,038,3,2022-09-04
039971,22,248,00,00,56,+16,+37.87076,-109.67930,00.9,10,040,3,2022-09-05
039971,22,248,02,00,32,+13,+37.87083,-109.67971,00.8,09,038,3,2022-09-05
039971,22,248,04,00,16,+15,+37.87076,-109.67964,00.8,09,038,3,2022-09-05
039971,22,248,06,00,48,+13,+37.86980,-109.67861,00.8,10,038,3,2022-09-05
039971,22,248,08,00,86,+25,+37.86886,-109.68107,00.8,10,039,3,2022-09-05
039971,22,248,10,00,54,+27,+37.86930,-109.68106,01.1,09,040,3,2022-09-05
039971,22,248,12,00,46,+30,+37.87693,-109.68294,00.9,07,038,3,2022-09-05
039971,22,248,16,00,80,+30,+37.87860,-109.68701,01.0,07,038,3,2022-09-05
039971,22,248,20,00,80,+20,+37.87521,-109.68612,01.2,06,038,3,2022-09-05
039971,22,249,00,00,56,+14,+37.87574,-109.68599,00.8,09,038,3,2022-09-06
039971,22,249,02,00,40,+17,+37.87574,-109.68634,00.9,08,038,3,2022-09-06
039971,22,249,04,00,16,+19,+37.87574,-109.68631,00.8,10,038,3,2022-09-06
039971,22,249,06,00,58,+15,+37.87579,-109.68784,00.9,09,038,3,2022-09-06
039971,22,249,08,00,94,+27,+37.87348,-109.69026,00.8,10,038,3,2022-09-06
039971,22,249,10,00,48,+28,+37.87300,-109.69066,01.1,10,038,3,2022-09-06
039971,22,249,12,00,60,+29,+37.86437,-109.69259,00.8,08,040,3,2022-09-06
039971,22,249,16,00,74,+30,+37.83814,-109.69747,01.7,06,045,3,2022-09-06
039971,22,249,18,00,82,+27,+37.85157,-109.69123,01.9,06,042,3,2022-09-06
039971,22,249,20,00,70,+24,+37.85436,-109.69169,01.2,07,040,3,2022-09-06
039971,22,249,22,00,42,+21,+37.85484,-109.69120,01.2,06,038,3,2022-09-06
039971,22,250,02,00,42,+23,+37.85699,-109.69212,00.8,09,038,3,2022-09-07
039971,22,250,04,00,18,+24,+37.85709,-109.69189,00.9,09,040,3,2022-09-07
039971,22,250,08,00,98,+21,+37.85622,-109.69252,00.7,12,038,3,2022-09-07
039971,22,250,12,00,38,+30,+37.85766,-109.69226,01.0,06,038,3,2022-09-07
039971,22,250,14,00,60,+30,+37.85636,-109.69278,00.9,08,039,3,2022-09-07
039971,22,250,16,00,50,+33,+37.85620,-109.69261,01.7,05,038,3,2022-09-07
039971,22,250,18,00,42,+27,+37.85158,-109.69081,01.0,07,038,3,2022-09-07
039971,22,250,22,00,80,+19,+37.83489,-109.68467,01.2,06,038,3,2022-09-07
039971,22,251,02,00,38,+17,+37.83250,-109.68561,01.3,06,038,3,2022-09-08
039971,22,251,06,00,12,+17,+37.83243,-109.68582,01.0,09,038,3,2022-09-08
039971,22,251,08,00,66,+21,+37.83380,-109.69099,01.1,09,038,3,2022-09-08
039971,22,251,10,00,92,+26,+37.83279,-109.69160,01.2,07,038,3,2022-09-08
039971,22,251,12,00,36,+35,+37.83216,-109.69259,00.9,07,038,3,2022-09-08
039971,22,251,14,00,94,+25,+37.83069,-109.69219,01.6,06,047,3,2022-09-08
039971,22,251,20,00,94,+21,+37.82766,-109.70060,01.9,04,042,3,2022-09-08
039971,22,252,00,00,98,+20,+37.82482,-109.71691,01.1,07,038,3,2022-09-09
039971,22,252,02,00,84,+17,+37.83277,-109.72419,00.9,08,058,3,2022-09-09
039971,22,252,04,00,24,+18,+37.83274,-109.72406,01.0,07,040,3,2022-09-09
039971,22,252,06,00,52,+15,+37.83360,-109.72416,01.3,07,038,3,2022-09-09
039971,22,252,08,00,76,+16,+37.83983,-109.70314,01.0,08,041,3,2022-09-09
039971,22,252,12,00,22,+42,+37.83843,-109.70349,01.2,06,038,3,2022-09-09
039971,22,252,14,00,46,+23,+37.83854,-109.70573,01.6,06,038,3,2022-09-09
039971,22,252,20,00,86,+17,+37.83745,-109.71775,00.9,07,049,3,2022-09-09
039971,22,252,22,00,32,+18,+37.83733,-109.71741,01.3,06,038,3,2022-09-09
039971,22,253,00,00,92,+18,+37.83895,-109.71649,00.9,08,038,3,2022-09-10
039971,22,253,02,00,94,+18,+37.83762,-109.71474,00.8,09,038,3,2022-09-10
039971,22,253,04,00,36,+19,+37.83758,-109.71475,00.9,09,038,3,2022-09-10
039971,22,253,06,00,34,+17,+37.83766,-109.71466,01.2,07,038,3,2022-09-10
039971,22,253,08,00,86,+20,+37.83668,-109.71741,00.9,10,038,3,2022-09-10
039971,22,253,10,00,40,+24,+37.83766,-109.71731,01.3,06,038,3,2022-09-10
039971,22,253,12,00,30,+25,+37.83779,-109.71784,01.2,06,038,3,2022-09-10
039971,22,254,00,01,54,+11,+37.83626,-109.71797,01.0,09,048,3,2022-09-11
039971,22,254,02,00,24,+13,+37.83594,-109.71834,00.9,09,038,3,2022-09-11
039971,22,254,08,00,92,+21,+37.83457,-109.72174,00.9,09,038,3,2022-09-11
039971,22,254,10,00,70,+28,+37.83419,-109.72180,01.1,07,040,3,2022-09-11
039971,22,254,14,00,48,+26,+37.83539,-109.72441,01.6,06,038,3,2022-09-11
039971,22,254,16,00,60,+25,+37.83859,-109.72601,01.2,06,038,3,2022-09-11
039971,22,254,20,00,52,+17,+37.83583,-109.72053,00.8,08,038,3,2022-09-11
039971,22,254,22,00,22,+16,+37.83572,-109.72048,01.0,07,038,3,2022-09-11
039971,22,255,00,00,58,+18,+37.83589,-109.72068,01.0,09,038,3,2022-09-12
039971,22,255,02,00,48,+13,+37.83798,-109.70527,00.9,08,038,3,2022-09-12
039971,22,255,04,00,56,+16,+37.83614,-109.71820,01.3,07,040,3,2022-09-12
039971,22,255,08,00,92,+20,+37.83252,-109.72113,00.9,09,038,3,2022-09-12
039971,22,255,10,00,24,+25,+37.83306,-109.72164,00.9,09,039,3,2022-09-12
039971,22,255,12,00,78,+25,+37.83287,-109.72322,00.9,07,038,3,2022-09-12
039971,22,255,16,00,92,+17,+37.83283,-109.72414,01.0,06,038,3,2022-09-12
039971,22,255,18,00,62,+19,+37.83332,-109.72397,01.2,06,038,3,2022-09-12
039971,22,255,20,00,74,+15,+37.83356,-109.72404,01.0,07,040,3,2022-09-12
039971,22,255,22,00,24,+13,+37.83335,-109.72420,00.9,08,038,3,2022-09-12
039971,22,256,00,00,48,+19,+37.83341,-109.72444,00.8,10,038,3,2022-09-13
039971,22,256,02,00,56,+15,+37.83384,-109.72488,00.9,08,040,3,2022-09-13
039971,22,256,04,00,44,+18,+37.83371,-109.72489,00.8,09,040,3,2022-09-13
039971,22,256,06,00,18,+13,+37.83388,-109.72466,01.0,09,038,3,2022-09-13
039971,22,256,08,00,94,+13,+37.83350,-109.72685,00.9,09,038,3,2022-09-13
039971,22,256,10,00,64,+17,+37.83544,-109.72649,00.9,09,038,3,2022-09-13
039971,22,256,12,00,46,+16,+37.83633,-109.72605,01.0,06,038,3,2022-09-13
039971,22,256,14,00,64,+16,+37.83772,-109.72640,01.1,07,040,3,2022-09-13
039971,22,256,16,00,90,+16,+37.84143,-109.72435,01.2,06,038,3,2022-09-13
039971,22,256,22,00,18,+16,+37.83619,-109.70993,01.5,05,049,3,2022-09-13
039971,22,257,00,00,28,+14,+37.83681,-109.70958,01.1,08,040,3,2022-09-14
039971,22,257,04,00,10,+14,+37.83673,-109.70993,01.1,07,053,3,2022-09-14
039971,22,257,06,00,14,+13,+37.83676,-109.70986,01.1,08,040,3,2022-09-14
039971,22,257,08,00,64,+14,+37.83596,-109.70951,01.0,09,038,3,2022-09-14
039971,22,257,12,00,72,+12,+37.83601,-109.72015,03.2,05,038,3,2022-09-14
039971,22,257,16,00,72,+18,+37.83425,-109.72358,01.0,07,038,3,2022-09-14
039971,22,257,20,00,76,+14,+37.83409,-109.72681,01.0,07,038,3,2022-09-14
039971,22,257,22,00,28,+13,+37.83403,-109.72691,00.8,09,038,3,2022-09-14
039971,22,258,00,00,92,+12,+37.83374,-109.72672,00.9,09,038,3,2022-09-15
039971,22,258,02,00,38,+17,+37.83366,-109.72679,01.0,09,038,3,2022-09-15
039971,22,258,04,00,66,+13,+37.83377,-109.72695,01.1,08,039,3,2022-09-15
039971,22,258,06,00,24,+13,+37.83377,-109.72692,01.2,08,038,3,2022-09-15
039971,22,258,08,00,86,+11,+37.83439,-109.72814,00.9,09,038,3,2022-09-15
039971,22,258,10,00,82,+19,+37.83548,-109.72658,00.8,10,040,3,2022-09-15
039971,22,258,12,00,26,+22,+37.83536,-109.72658,01.0,07,040,3,2022-09-15
039971,22,258,14,00,30,+23,+37.83641,-109.72711,02.1,06,038,3,2022-09-15
039971,22,258,16,00,84,+20,+37.83854,-109.72626,01.0,08,058,3,2022-09-15
039971,22,258,20,00,70,+14,+37.83873,-109.72625,01.0,07,038,3,2022-09-15
039971,22,258,22,00,24,+17,+37.83857,-109.72625,01.0,08,038,3,2022-09-15
039971,22,259,00,00,28,+12,+37.83873,-109.72625,00.9,09,038,3,2022-09-16
039971,22,259,02,00,66,+13,+37.83880,-109.72586,00.8,10,038,3,2022-09-16
039971,22,259,04,00,20,+13,+37.83864,-109.72595,01.0,08,038,3,2022-09-16
039971,22,259,06,00,18,+14,+37.83935,-109.72528,01.4,07,038,3,2022-09-16
039971,22,259,08,00,90,+15,+37.84437,-109.72172,00.9,10,038,3,2022-09-16
039971,22,259,10,00,42,+25,+37.84481,-109.71985,00.8,10,040,3,2022-09-16
039971,22,259,12,00,76,+24,+37.84303,-109.71688,01.1,06,038,3,2022-09-16
039971,22,259,16,00,64,+23,+37.83795,-109.70597,01.1,07,039,3,2022-09-16
039971,22,259,22,00,18,+13,+37.83657,-109.70954,01.1,07,048,3,2022-09-16
039971,22,260,00,00,22,+15,+37.83677,-109.70943,01.2,07,038,3,2022-09-17
039971,22,260,02,00,56,+13,+37.83880,-109.70680,01.0,08,041,3,2022-09-17
039971,22,260,04,00,14,+17,+37.83863,-109.70678,01.4,07,047,3,2022-09-17
039971,22,260,06,00,20,+14,+37.83846,-109.70687,01.1,08,040,3,2022-09-17
039971,22,260,08,00,64,+17,+37.83660,-109.70938,01.0,08,058,3,2022-09-17
039971,22,260,12,00,54,+25,+37.83741,-109.70948,01.1,06,038,3,2022-09-17
039971,22,261,04,01,30,+13,+37.83752,-109.71600,01.2,07,038,3,2022-09-18
039971,22,261,06,00,34,+10,+37.83665,-109.71552,01.1,08,058,3,2022-09-18
039971,22,261,08,00,76,+13,+37.83829,-109.70327,01.0,08,038,3,2022-09-18
039971,22,261,12,00,90,+21,+37.83219,-109.70772,01.1,06,038,3,2022-09-18
039971,22,261,16,00,60,+23,+37.83172,-109.70905,01.4,06,038,3,2022-09-18
039971,22,261,22,00,66,+12,+37.83251,-109.71730,01.2,06,042,3,2022-09-18
039971,22,262,00,00,20,+13,+37.83300,-109.71699,01.4,06,038,3,2022-09-19
039971,22,262,04,00,70,+11,+37.83319,-109.71743,00.9,09,038,3,2022-09-19
039971,22,262,06,00,32,+10,+37.83288,-109.71577,01.1,08,043,3,2022-09-19
039971,22,262,08,00,86,+14,+37.83084,-109.70695,01.0,08,038,3,2022-09-19
039971,22,262,10,00,26,+25,+37.83140,-109.70691,01.2,05,040,3,2022-09-19
039971,22,262,12,00,54,+26,+37.83098,-109.70726,01.1,06,038,3,2022-09-19
039971,22,263,00,00,60,+14,+37.82676,-109.70907,01.1,08,038,3,2022-09-20
039971,22,263,04,00,82,+16,+37.82736,-109.70941,01.2,07,038,3,2022-09-20
039971,22,263,06,00,28,+13,+37.82732,-109.70936,01.1,08,039,3,2022-09-20
039971,22,263,08,00,80,+15,+37.82796,-109.70909,01.0,08,038,3,2022-09-20
039971,22,263,12,00,40,+19,+37.82629,-109.71047,01.1,06,038,3,2022-09-20
039971,22,263,22,01,32,+16,+37.82713,-109.71012,01.7,06,052,3,2022-09-20
039971,22,264,00,00,26,+15,+37.82698,-109.70983,01.2,07,038,3,2022-09-21
039971,22,264,02,00,30,+16,+37.82617,-109.70989,01.1,06,039,3,2022-09-21
039971,22,264,04,00,14,+15,+37.82633,-109.71012,01.2,07,040,3,2022-09-21
039971,22,264,06,00,16,+15,+37.82621,-109.71009,01.3,08,040,3,2022-09-21
039971,22,264,12,00,64,+17,+37.83111,-109.70783,01.1,06,038,3,2022-09-21
039971,22,264,16,00,82,+14,+37.82611,-109.71287,01.2,06,038,3,2022-09-21
039971,22,264,18,00,94,+13,+37.82898,-109.71718,01.3,06,037,3,2022-09-21
039971,22,264,20,00,66,+14,+37.82922,-109.71665,01.4,06,039,3,2022-09-21
039971,22,264,22,00,20,+14,+37.82903,-109.71649,00.8,10,039,3,2022-09-21
039971,22,265,02,00,92,+12,+37.82806,-109.71437,01.4,07,038,3,2022-09-22
039971,22,265,04,00,22,+15,+37.82873,-109.71607,00.9,09,040,3,2022-09-22
039971,22,265,06,00,20,+13,+37.82865,-109.71611,01.1,08,039,3,2022-09-22
039971,22,265,12,00,66,+20,+37.83253,-109.72443,01.0,07,038,3,2022-09-22
039971,22,265,14,00,28,+25,+37.83227,-109.72503,02.2,06,038,3,2022-09-22
039971,22,265,16,00,90,+25,+37.83344,-109.72625,01.2,06,039,3,2022-09-22
039971,22,265,20,00,52,+14,+37.83348,-109.72658,01.3,07,039,3,2022-09-22
039971,22,265,22,00,22,+13,+37.83348,-109.72660,00.8,09,039,3,2022-09-22
039971,22,266,00,00,56,+11,+37.83360,-109.72685,01.0,08,038,3,2022-09-23
039971,22,266,02,00,20,+14,+37.83359,-109.72692,01.1,06,039,3,2022-09-23
039971,22,266,04,00,40,+10,+37.83330,-109.72647,00.7,11,038,3,2022-09-23
039971,22,266,06,00,20,+13,+37.83371,-109.72640,01.0,09,040,3,2022-09-23
039971,22,266,08,00,82,+15,+37.83359,-109.72461,00.8,10,038,3,2022-09-23
039971,22,266,10,00,18,+17,+37.83346,-109.72458,00.9,08,040,3,2022-09-23
039971,22,266,12,00,56,+21,+37.83278,-109.72259,01.1,06,038,3,2022-09-23
039971,22,266,16,00,54,+24,+37.83737,-109.71651,01.0,07,038,3,2022-09-23
039971,22,266,18,00,84,+14,+37.84096,-109.72269,01.3,05,038,3,2022-09-23
039971,22,266,20,00,86,+13,+37.84350,-109.72271,01.3,07,040,3,2022-09-23
039971,22,266,22,00,22,+10,+37.84339,-109.72288,00.9,08,039,3,2022-09-23
039971,22,267,00,00,86,+08,+37.84312,-109.72254,00.9,09,038,3,2022-09-24
039971,22,267,02,00,42,+10,+37.84360,-109.72194,01.2,06,040,3,2022-09-24
039971,22,267,04,00,22,+12,+37.84353,-109.72223,00.8,10,038,3,2022-09-24
039971,22,267,06,00,20,+08,+37.84296,-109.72213,01.2,08,038,3,2022-09-24
039971,22,267,08,00,90,+19,+37.84164,-109.71862,01.0,08,038,3,2022-09-24
039971,22,267,10,00,56,+19,+37.84212,-109.71760,00.8,08,038,3,2022-09-24
039971,22,267,12,00,48,+28,+37.84221,-109.71809,01.1,06,038,3,2022-09-24
039971,22,267,16,00,36,+23,+37.84342,-109.71739,01.4,06,038,3,2022-09-24
039971,22,267,20,00,68,+15,+37.84326,-109.71607,01.0,08,038,3,2022-09-24
039971,22,267,22,00,22,+14,+37.84327,-109.71630,00.9,08,040,3,2022-09-24
039971,22,268,00,00,12,+15,+37.84336,-109.71620,00.8,10,039,3,2022-09-25
039971,22,268,04,00,24,+09,+37.84311,-109.71651,00.9,09,038,3,2022-09-25
039971,22,268,06,00,20,+11,+37.84290,-109.71679,01.6,07,038,3,2022-09-25
039971,22,268,08,00,68,+20,+37.84331,-109.71773,00.9,09,038,3,2022-09-25
039971,22,268,10,00,40,+20,+37.84330,-109.71740,00.8,08,040,3,2022-09-25
039971,22,268,12,00,26,+30,+37.84339,-109.71729,01.0,06,038,3,2022-09-25
039971,22,268,14,00,54,+23,+37.84296,-109.71748,02.3,06,038,3,2022-09-25
039971,22,268,16,00,76,+21,+37.83980,-109.72080,02.2,05,038,3,2022-09-25
039971,22,268,20,00,30,+11,+37.83956,-109.71866,01.3,06,038,3,2022-09-25
039971,22,269,00,00,36,+07,+37.83945,-109.71907,01.1,08,038,3,2022-09-26
039971,22,269,02,00,70,+07,+37.83892,-109.71935,01.1,07,038,3,2022-09-26
039971,22,269,04,00,16,+08,+37.83888,-109.71905,01.4,07,040,3,2022-09-26
039971,22,269,08,01,88,+13,+37.83999,-109.71778,02.0,05,057,3,2022-09-26
039971,22,269,14,00,80,+34,+37.86014,-109.70173,02.5,05,039,3,2022-09-26
039971,22,269,16,00,82,+25,+37.86068,-109.70215,01.2,07,048,3,2022-09-26
039971,22,269,20,00,32,+15,+37.86050,-109.70211,01.6,05,038,3,2022-09-26
039971,22,270,00,00,82,+09,+37.86043,-109.70159,00.8,10,038,3,2022-09-27
039971,22,270,02,00,40,+11,+37.86064,-109.70158,01.1,06,040,3,2022-09-27
039971,22,270,04,00,12,+10,+37.86048,-109.70166,01.0,08,038,3,2022-09-27
039971,22,270,06,00,48,+08,+37.86109,-109.70137,01.3,06,038,3,2022-09-27
039971,22,270,08,00,84,+13,+37.86264,-109.70014,02.3,06,038,3,2022-09-27
039971,22,270,12,00,46,+22,+37.86849,-109.70223,01.1,06,038,3,2022-09-27
039971,22,270,14,00,74,+24,+37.86339,-109.70017,02.4,05,058,3,2022-09-27
039971,22,270,16,00,58,+26,+37.86174,-109.70234,01.3,06,038,3,2022-09-27
039971,22,270,20,00,40,+14,+37.85993,-109.70001,01.7,06,038,3,2022-09-27
039971,22,270,22,00,30,+11,+37.86013,-109.69988,01.0,07,038,3,2022-09-27
039971,22,271,00,00,70,+10,+37.86053,-109.70005,00.8,10,039,3,2022-09-28
039971,22,271,02,00,54,+13,+37.86041,-109.69953,01.2,06,038,3,2022-09-28
039971,22,271,04,00,20,+12,+37.86023,-109.69913,01.0,08,038,3,2022-09-28
039971,22,271,12,00,42,+27,+37.86856,-109.70264,01.0,06,039,3,2022-09-28
039971,22,271,14,00,84,+28,+37.86159,-109.69999,02.3,05,040,3,2022-09-28
039971,22,271,20,00,78,+13,+37.86102,-109.69947,01.2,06,049,3,2022-09-28
039971,22,271,22,00,34,+15,+37.86133,-109.70012,01.1,06,038,3,2022-09-28
039971,22,272,00,00,62,+13,+37.86190,-109.70146,00.9,09,038,3,2022-09-29
039971,22,272,02,00,24,+11,+37.86215,-109.70173,01.0,07,039,3,2022-09-29
039971,22,272,04,00,16,+13,+37.86209,-109.70177,01.2,08,038,3,2022-09-29
039971,22,272,06,00,30,+09,+37.86079,-109.70146,01.0,07,038,3,2022-09-29
039971,22,272,08,00,98,+19,+37.85980,-109.70125,01.6,07,038,3,2022-09-29
039971,22,272,10,00,84,+21,+37.86016,-109.70047,00.9,07,040,3,2022-09-29
039971,22,272,12,00,36,+25,+37.86021,-109.70072,01.4,06,041,3,2022-09-29
039971,22,272,14,00,82,+25,+37.86147,-109.70159,01.2,06,038,3,2022-09-29
039971,22,272,16,00,90,+23,+37.86051,-109.70236,01.1,06,038,3,2022-09-29
039971,22,272,20,00,54,+19,+37.85943,-109.70365,01.1,07,038,3,2022-09-29
039971,22,272,22,00,40,+16,+37.85944,-109.70207,00.9,09,039,3,2022-09-29
039971,22,273,00,00,38,+12,+37.86069,-109.70211,01.0,08,038,3,2022-09-30
039971,22,273,02,00,20,+13,+37.86069,-109.70201,01.2,06,038,3,2022-09-30
039971,22,273,04,00,64,+10,+37.86024,-109.69995,01.0,09,039,3,2022-09-30
039971,22,273,20,01,40,+13,+37.86359,-109.69894,01.3,06,038,3,2022-09-30
039971,22,273,22,00,18,+14,+37.86371,-109.69900,01.8,06,039,3,2022-09-30
039971,22,274,04,00,20,+12,+37.86359,-109.69932,01.0,08,038,3,2022-10-01
039971,22,274,06,00,26,+10,+37.86310,-109.69932,00.9,09,040,3,2022-10-01
039971,22,274,10,00,96,+15,+37.86165,-109.69955,00.8,08,038,3,2022-10-01
039971,22,274,12,00,52,+19,+37.86076,-109.69925,00.9,08,038,3,2022-10-01
039971,22,274,20,00,40,+19,+37.86132,-109.69896,01.2,07,038,3,2022-10-01
039971,22,274,22,00,32,+14,+37.86140,-109.69864,01.0,07,039,3,2022-10-01
039971,22,275,00,00,48,+12,+37.86157,-109.69892,01.0,08,038,3,2022-10-02
039971,22,275,02,00,94,+12,+37.86222,-109.69947,01.0,07,040,3,2022-10-02
039971,22,275,04,00,26,+10,+37.86207,-109.69948,00.9,09,039,3,2022-10-02
039971,22,275,06,00,18,+13,+37.86197,-109.69946,00.8,10,038,3,2022-10-02
039971,22,275,08,00,90,+10,+37.86531,-109.70081,01.3,09,058,3,2022-10-02
039971,22,275,10,00,82,+12,+37.86549,-109.70087,01.0,07,039,3,2022-10-02
039971,22,275,12,00,64,+18,+37.86711,-109.70276,00.9,07,038,3,2022-10-02
039971,22,275,14,00,78,+20,+37.86532,-109.70245,01.0,06,038,3,2022-10-02
039971,22,275,18,00,98,+11,+37.86060,-109.69953,00.9,07,039,3,2022-10-02
039971,22,275,20,00,56,+10,+37.85994,-109.69837,01.4,06,039,3,2022-10-02
039971,22,276,00,00,80,+09,+37.86150,-109.69889,00.8,09,038,3,2022-10-03
039971,22,276,02,00,42,+09,+37.86091,-109.69843,01.3,06,040,3,2022-10-03
039971,22,276,04,00,18,+12,+37.86100,-109.69858,01.0,08,038,3,2022-10-03
039971,22,276,06,00,16,+10,+37.86100,-109.69858,01.1,08,038,3,2022-10-03
039971,22,276,08,00,98,+10,+37.86045,-109.69934,01.1,09,038,3,2022-10-03
039971,22,276,10,00,66,+19,+37.86058,-109.69881,01.0,06,041,3,2022-10-03
039971,22,276,16,00,52,+20,+37.86276,-109.70259,01.8,05,049,3,2022-10-03
039971,22,276,20,00,50,+11,+37.86096,-109.70098,01.1,07,038,3,2022-10-03
039971,22,276,22,00,46,+07,+37.86125,-109.70005,00.9,09,038,3,2022-10-03
039971,22,277,00,00,78,+09,+37.86224,-109.69947,01.0,08,039,3,2022-10-04
039971,22,277,02,00,18,+09,+37.86226,-109.69940,01.2,06,040,3,2022-10-04
039971,22,277,04,00,14,+13,+37.86220,-109.69955,01.0,08,040,3,2022-10-04
039971,22,277,06,00,24,+06,+37.86201,-109.69969,00.9,09,039,3,2022-10-04
039971,22,277,08,00,96,+06,+37.86226,-109.70092,01.1,09,038,3,2022-10-04
039971,22,277,10,00,64,+25,+37.86260,-109.70028,01.0,07,040,3,2022-10-04
039971,22,277,12,00,34,+25,+37.86424,-109.70068,01.1,07,038,3,2022-10-04
039971,22,277,14,00,92,+23,+37.87119,-109.70314,01.0,07,038,3,2022-10-04
039971,22,277,16,00,86,+20,+37.86619,-109.70259,01.2,06,038,3,2022-10-04
039971,22,277,18,00,98,+14,+37.86409,-109.70344,01.2,06,038,3,2022-10-04
039971,22,277,22,00,32,+11,+37.86304,-109.70185,00.8,10,038,3,2022-10-04
039971,22,278,00,00,58,+07,+37.86188,-109.70134,00.8,09,038,3,2022-10-05
039971,22,278,02,00,60,+12,+37.86136,-109.70156,01.0,07,039,3,2022-10-05
039971,22,278,04,00,20,+10,+37.86131,-109.70159,01.2,07,038,3,2022-10-05
039971,22,278,06,00,18,+06,+37.86135,-109.70163,00.8,10,038,3,2022-10-05
039971,22,278,08,00,96,+04,+37.86166,-109.70123,01.1,08,038,3,2022-10-05
039971,22,278,10,00,70,+17,+37.86346,-109.70211,01.0,07,038,3,2022-10-05
039971,22,278,12,00,44,+20,+37.86343,-109.70180,01.1,07,040,3,2022-10-05
039971,22,278,18,00,88,+13,+37.86716,-109.70447,01.2,06,038,3,2022-10-05
039971,22,278,20,00,98,+08,+37.86326,-109.70337,01.2,06,038,3,2022-10-05
039971,22,278,22,00,52,+15,+37.86265,-109.70360,00.8,10,038,3,2022-10-05
039971,22,279,00,00,70,+08,+37.86283,-109.70287,00.8,09,040,3,2022-10-06
039971,22,279,02,00,38,+13,+37.86302,-109.70287,01.1,07,040,3,2022-10-06
039971,22,279,04,00,18,+11,+37.86300,-109.70287,00.9,09,038,3,2022-10-06
039971,22,279,06,00,22,+08,+37.86276,-109.70306,00.7,11,038,3,2022-10-06
039971,22,279,08,00,98,+12,+37.86346,-109.70284,01.1,09,038,3,2022-10-06
039971,22,279,10,00,82,+20,+37.86476,-109.70236,00.9,07,038,3,2022-10-06
039971,22,279,16,00,30,+20,+37.91103,-109.69070,01.2,06,039,3,2022-10-06
039971,22,279,18,00,96,+15,+37.92432,-109.68471,01.0,07,038,3,2022-10-06
039971,22,279,22,00,34,+12,+37.93514,-109.66435,00.8,10,038,3,2022-10-06
039971,22,280,00,00,74,+14,+37.93423,-109.66337,00.8,09,038,3,2022-10-07
039971,22,280,02,00,14,+16,+37.93411,-109.66341,01.3,06,040,3,2022-10-07
039971,22,280,04,00,12,+15,+37.93432,-109.66332,01.0,08,040,3,2022-10-07
039971,22,280,06,00,18,+13,+37.93423,-109.66246,00.8,09,047,3,2022-10-07
039971,22,280,08,00,78,+14,+37.94601,-109.63417,01.1,09,039,3,2022-10-07
039971,22,280,10,00,30,+28,+37.94563,-109.63247,00.9,07,040,3,2022-10-07
039971,22,280,12,00,06,+25,+37.94578,-109.63246,01.8,06,038,3,2022-10-07
039971,22,280,14,00,64,+18,+37.94613,-109.63303,01.5,06,040,3,2022-10-07
039971,22,280,22,00,96,+12,+37.94477,-109.64046,00.9,09,038,3,2022-10-07
039971,22,281,00,00,40,+10,+37.94459,-109.64064,01.0,08,040,3,2022-10-08
039971,22,281,02,00,78,+12,+37.94412,-109.64254,01.4,06,039,3,2022-10-08
039971,22,281,04,00,12,+10,+37.94400,-109.64254,01.0,09,038,3,2022-10-08
039971,22,281,06,00,16,+09,+37.94419,-109.64222,00.8,10,038,3,2022-10-08
039971,22,281,10,00,38,+21,+37.94399,-109.64253,01.0,07,038,3,2022-10-08
039971,22,281,20,01,60,+14,+37.94408,-109.64285,01.7,06,047,3,2022-10-08
039971,22,281,22,00,08,+12,+37.94406,-109.64294,00.9,09,039,3,2022-10-08
039971,22,282,00,00,70,+12,+37.94399,-109.64559,00.9,08,038,3,2022-10-09
039971,22,282,06,00,08,+14,+37.94333,-109.64504,01.0,06,038,3,2022-10-09
039971,22,282,10,00,74,+19,+37.94489,-109.63714,00.9,07,039,3,2022-10-09
039971,22,282,12,00,16,+21,+37.94483,-109.63707,01.1,07,039,3,2022-10-09
039971,22,282,14,00,50,+22,+37.94422,-109.64065,01.6,06,038,3,2022-10-09
039971,22,282,18,00,94,+15,+37.94170,-109.65546,01.1,06,038,3,2022-10-09
039971,22,282,20,00,54,+17,+37.94452,-109.65631,01.2,06,040,3,2022-10-09
039971,22,282,22,00,32,+14,+37.94439,-109.65685,01.3,07,038,3,2022-10-09
039971,22,283,00,00,90,+10,+37.94464,-109.65393,01.1,05,038,3,2022-10-10
039971,22,283,04,00,16,+10,+37.94429,-109.65534,01.0,09,038,3,2022-10-10
039971,22,283,06,00,12,+12,+37.94437,-109.65538,01.0,09,038,3,2022-10-10
039971,22,283,10,00,40,+17,+37.94343,-109.65341,01.0,07,038,3,2022-10-10
039971,22,283,12,00,16,+27,+37.94270,-109.65387,01.4,06,042,3,2022-10-10
039971,22,283,14,00,68,+23,+37.94262,-109.64886,01.6,06,038,3,2022-10-10
039971,22,283,20,00,66,+13,+37.94456,-109.64241,02.6,04,038,3,2022-10-10
039971,22,283,22,00,18,+13,+37.94458,-109.64241,01.2,08,041,3,2022-10-10
039971,22,284,00,00,54,+10,+37.94437,-109.64424,00.9,08,038,3,2022-10-11
039971,22,284,02,00,64,+10,+37.94384,-109.64585,01.5,06,039,3,2022-10-11
039971,22,284,04,00,12,+10,+37.94382,-109.64588,01.1,07,038,3,2022-10-11
039971,22,284,06,00,14,+10,+37.94366,-109.64580,01.0,08,053,3,2022-10-11
039971,22,284,10,01,66,+34,+37.95121,-109.63533,00.9,08,059,3,2022-10-11
039971,22,284,14,00,48,+26,+37.95329,-109.63295,01.6,06,038,3,2022-10-11
039971,22,284,22,00,14,+12,+37.96591,-109.62250,00.9,09,038,3,2022-10-11
039971,22,285,00,00,72,+10,+37.96636,-109.62124,00.8,10,040,3,2022-10-12
039971,22,285,06,00,20,+07,+37.96606,-109.62118,00.8,10,038,3,2022-10-12
039971,22,285,08,00,82,+14,+37.96893,-109.61605,00.9,09,038,3,2022-10-12
039971,22,285,10,00,22,+20,+37.96925,-109.61643,00.9,08,038,3,2022-10-12
039971,22,285,12,00,46,+30,+37.97031,-109.61875,01.4,06,038,3,2022-10-12
039971,22,285,22,00,40,+13,+37.98728,-109.60855,01.4,06,038,3,2022-10-12
039971,22,286,00,00,66,+10,+37.98696,-109.60821,00.8,09,043,3,2022-10-13
039971,22,286,04,00,18,+10,+37.98734,-109.60792,01.3,07,038,3,2022-10-13
039971,22,286,06,00,16,+09,+37.98690,-109.60804,00.7,12,037,3,2022-10-13
039971,22,286,08,00,84,+09,+37.99844,-109.59503,01.5,07,038,3,2022-10-13
039971,22,286,10,00,96,+23,+38.03470,-109.58921,00.9,08,038,3,2022-10-13
039971,22,286,14,00,46,+27,+38.03510,-109.58805,01.2,06,038,3,2022-10-13
039971,22,286,16,00,80,+29,+38.03440,-109.58820,01.5,05,040,3,2022-10-13
039971,22,286,20,00,30,+14,+38.03810,-109.58412,01.1,07,038,3,2022-10-13
039971,22,286,22,00,28,+12,+38.03811,-109.58435,00.9,09,038,3,2022-10-13
039971,22,287,00,00,68,+10,+38.03838,-109.58391,00.8,09,038,3,2022-10-14
039971,22,287,02,00,48,+08,+38.03813,-109.58542,00.8,09,039,3,2022-10-14
039971,22,287,04,00,34,+12,+38.03744,-109.58535,01.6,06,040,3,2022-10-14
039971,22,287,06,00,22,+07,+38.03728,-109.58557,00.8,09,038,3,2022-10-14
039971,22,287,08,00,94,+13,+38.07256,-109.57546,01.1,07,038,3,2022-10-14
039971,22,287,10,00,82,+29,+38.07474,-109.56272,01.1,06,038,3,2022-10-14
039971,22,287,12,00,52,+28,+38.07336,-109.56320,01.6,06,038,3,2022-10-14
039971,22,287,14,00,54,+28,+38.07447,-109.56325,01.0,07,038,3,2022-10-14
039971,22,287,20,00,30,+13,+38.07458,-109.56367,00.7,10,038,3,2022-10-14
039971,22,287,22,00,24,+12,+38.07472,-109.56398,00.9,09,038,3,2022-10-14
039971,22,288,00,00,30,+08,+38.07387,-109.56261,00.9,09,040,3,2022-10-15
039971,22,288,02,00,10,+10,+38.07387,-109.56268,01.1,07,038,3,2022-10-15
039971,22,288,04,00,22,+14,+38.07387,-109.56260,01.3,06,038,3,2022-10-15
039971,22,288,06,00,14,+08,+38.07380,-109.56265,00.8,09,038,3,2022-10-15
039971,22,288,08,00,66,+18,+38.07340,-109.56358,00.7,11,038,3,2022-10-15
039971,22,288,10,00,20,+22,+38.07339,-109.56345,01.0,08,038,3,2022-10-15
039971,22,288,12,00,84,+28,+38.07373,-109.56350,01.4,06,038,3,2022-10-15
039971,22,288,14,00,38,+32,+38.07371,-109.56245,01.0,07,041,3,2022-10-15
039971,22,288,16,00,14,+29,+38.07319,-109.56238,01.3,06,038,3,2022-10-15
039971,22,288,20,00,20,+13,+38.07450,-109.56348,00.7,09,038,3,2022-10-15
039971,22,288,22,00,60,+12,+38.07407,-109.56299,00.9,09,038,3,2022-10-15
039971,22,289,00,00,24,+16,+38.07403,-109.56301,01.0,08,038,3,2022-10-16
039971,22,289,02,00,24,+13,+38.07416,-109.56344,00.8,09,040,3,2022-10-16
039971,22,289,04,00,16,+09,+38.07403,-109.56352,01.1,08,041,3,2022-10-16
039971,22,289,06,00,10,+13,+38.07413,-109.56340,00.8,10,038,3,2022-10-16
039971,22,289,08,00,72,+11,+38.07393,-109.56372,00.9,09,038,3,2022-10-16
039971,22,289,10,00,48,+24,+38.07345,-109.56359,00.9,07,038,3,2022-10-16
039971,22,289,12,00,52,+25,+38.07424,-109.56312,01.3,07,039,3,2022-10-16
039971,22,289,14,00,22,+25,+38.07326,-109.56375,01.1,07,038,3,2022-10-16
039971,22,289,16,00,28,+22,+38.07429,-109.56411,01.4,06,038,3,2022-10-16
039971,22,289,18,00,92,+15,+38.07437,-109.56375,01.2,07,038,3,2022-10-16
039971,22,289,20,00,36,+13,+38.07385,-109.56407,00.8,09,039,3,2022-10-16
039971,22,289,22,00,18,+14,+38.07400,-109.56407,01.1,08,038,3,2022-10-16
039971,22,290,00,00,36,+09,+38.07435,-109.56386,01.0,08,038,3,2022-10-17
039971,22,290,02,00,22,+17,+38.07462,-109.56295,00.9,09,039,3,2022-10-17
039971,22,290,04,00,10,+10,+38.07466,-109.56295,01.2,07,038,3,2022-10-17
039971,22,290,06,00,10,+09,+38.07463,-109.56295,00.7,11,038,3,2022-10-17
039971,22,290,08,00,72,+16,+38.07476,-109.56352,00.9,09,038,3,2022-10-17
039971,22,290,14,00,10,+26,+38.07330,-109.56304,02.2,04,039,3,2022-10-17
039971,22,290,20,00,46,+10,+38.07384,-109.56272,01.7,04,038,3,2022-10-17
039971,22,290,22,00,56,+12,+38.07426,-109.56259,01.8,06,039,3,2022-10-17
039971,22,291,00,00,42,+09,+38.07415,-109.56233,01.2,07,038,3,2022-10-18
039971,22,291,04,01,18,+09,+38.07468,-109.56266,02.2,05,057,3,2022-10-18
039971,22,291,06,00,20,+10,+38.07460,-109.56320,00.9,07,038,3,2022-10-18
039971,22,291,08,00,38,+16,+38.07312,-109.56396,01.2,06,038,3,2022-10-18
039971,22,291,12,00,88,+26,+38.07420,-109.56461,01.4,06,038,3,2022-10-18
039971,22,291,14,00,32,+25,+38.07330,-109.56365,00.9,08,038,3,2022-10-18
039971,22,291,16,00,32,+25,+38.07345,-109.56213,01.4,06,039,3,2022-10-18
039971,22,291,20,00,54,+13,+38.07414,-109.56406,00.9,08,038,3,2022-10-18
039971,22,291,22,00,44,+09,+38.07369,-109.56472,00.9,09,038,3,2022-10-18
039971,22,292,00,00,38,+10,+38.07372,-109.56417,00.9,09,039,3,2022-10-19
039971,22,292,02,00,68,+07,+38.07351,-109.56427,00.9,09,038,3,2022-10-19
039971,22,292,04,00,24,+10,+38.07358,-109.56419,01.0,09,040,3,2022-10-19
039971,22,292,06,00,20,+06,+38.07355,-109.56425,00.8,10,038,3,2022-10-19
039971,22,292,08,00,42,+16,+38.07323,-109.56463,01.0,06,038,3,2022-10-19
039971,22,292,10,00,64,+25,+38.07389,-109.56320,01.0,06,038,3,2022-10-19
039971,22,292,12,00,72,+25,+38.07334,-109.56339,01.3,08,038,3,2022-10-19
039971,22,292,14,00,52,+25,+38.07342,-109.56373,00.9,09,038,3,2022-10-19
039971,22,292,16,00,28,+25,+38.07375,-109.56201,01.0,08,038,3,2022-10-19
039971,22,292,18,00,92,+14,+38.07452,-109.56327,01.4,06,038,3,2022-10-19
039971,22,292,20,00,28,+12,+38.07456,-109.56320,00.8,10,038,3,2022-10-19
039971,22,292,22,00,46,+09,+38.07374,-109.56201,00.9,09,038,3,2022-10-19
039971,22,293,00,00,44,+09,+38.07397,-109.56192,01.1,06,038,3,2022-10-20
039971,22,293,02,00,36,+13,+38.07396,-109.56211,01.0,08,040,3,2022-10-20
039971,22,293,04,00,14,+08,+38.07406,-109.56214,01.1,08,040,3,2022-10-20
039971,22,293,06,00,16,+07,+38.07424,-109.56227,00.8,10,040,3,2022-10-20
039971,22,293,08,00,66,+14,+38.07370,-109.56194,01.0,07,038,3,2022-10-20
039971,22,293,10,00,24,+32,+38.07383,-109.56341,00.9,08,038,3,2022-10-20
039971,22,293,14,00,36,+29,+38.07373,-109.56354,01.2,06,038,3,2022-10-20
039971,22,293,16,00,18,+27,+38.07284,-109.56162,01.0,08,043,3,2022-10-20
039971,22,293,18,00,90,+14,+38.07395,-109.56194,01.0,07,038,3,2022-10-20
039971,22,293,20,00,44,+13,+38.07386,-109.56226,00.9,08,038,3,2022-10-20
039971,22,293,22,00,14,+14,+38.07387,-109.56227,01.3,07,040,3,2022-10-20
039971,22,294,00,00,22,+11,+38.07403,-109.56213,00.9,09,038,3,2022-10-21
039971,22,294,02,00,12,+09,+38.07406,-109.56207,00.9,09,038,3,2022-10-21
039971,22,294,04,00,14,+10,+38.07407,-109.56186,01.2,09,038,3,2022-10-21
039971,22,294,06,00,12,+09,+38.07422,-109.56245,00.8,10,040,3,2022-10-21
039971,22,294,08,00,82,+14,+38.07393,-109.56478,00.9,09,039,3,2022-10-21
039971,22,294,10,00,70,+27,+38.07345,-109.56335,00.9,09,039,3,2022-10-21
039971,22,294,12,00,20,+29,+38.07337,-109.56378,01.4,07,040,3,2022-10-21
039971,22,294,14,00,20,+26,+38.07329,-109.56356,01.1,07,038,3,2022-10-21
039971,22,294,18,00,96,+18,+38.07479,-109.56382,01.1,08,038,3,2022-10-21
039971,22,295,02,00,22,+13,+38.07504,-109.56394,00.8,10,038,3,2022-10-22
039971,22,295,04,00,14,+13,+38.07494,-109.56398,01.2,07,048,3,2022-10-22
039971,22,295,08,00,80,+20,+38.07331,-109.56359,00.7,10,038,3,2022-10-22
039971,22,295,12,00,26,+23,+38.07331,-109.56304,01.2,08,038,3,2022-10-22
039971,22,295,14,00,30,+24,+38.07373,-109.56455,00.9,09,038,3,2022-10-22
039971,22,295,16,00,40,+23,+38.07435,-109.56291,01.1,07,038,3,2022-10-22
039971,22,295,18,00,70,+19,+38.07400,-109.56434,00.9,09,038,3,2022-10-22
039971,22,295,20,00,36,+18,+38.07361,-109.56394,00.9,09,040,3,2022-10-22
039971,22,295,22,00,32,+16,+38.07448,-109.56448,01.0,08,038,3,2022-10-22
039971,22,296,00,00,60,+10,+38.07466,-109.56417,01.0,07,040,3,2022-10-23
039971,22,296,02,00,42,+11,+38.07454,-109.56303,00.9,09,038,3,2022-10-23
039971,22,296,04,00,30,+02,+38.07482,-109.56478,01.0,09,038,3,2022-10-23
039971,22,296,06,00,12,+06,+38.07481,-109.56481,00.8,11,038,3,2022-10-23
039971,22,296,08,00,74,+05,+38.07397,-109.56245,00.8,10,038,3,2022-10-23
039971,22,296,10,00,60,+13,+38.07267,-109.56681,01.2,07,038,3,2022-10-23
039971,22,296,14,00,66,+08,+38.07543,-109.56501,00.9,09,038,3,2022-10-23
039971,22,296,16,00,92,+04,+38.07424,-109.56346,01.1,07,038,3,2022-10-23
039971,22,296,18,00,62,+06,+38.07459,-109.56298,00.9,08,038,3,2022-10-23
039971,22,296,20,00,32,+04,+38.07450,-109.56288,00.8,09,038,3,2022-10-23
039971,22,296,22,00,20,+10,+38.07448,-109.56298,01.0,07,038,3,2022-10-23
039971,22,297,00,00,18,+04,+38.07429,-109.56291,01.3,06,040,3,2022-10-24
039971,22,297,02,00,14,+03,+38.07436,-109.56285,00.9,09,038,3,2022-10-24
039971,22,297,04,00,10,+08,+38.07436,-109.56282,01.1,08,038,3,2022-10-24
039971,22,297,06,00,06,+03,+38.07437,-109.56282,00.9,10,038,3,2022-10-24
039971,22,297,08,00,56,+10,+38.07426,-109.56401,00.8,10,038,3,2022-10-24
039971,22,297,12,00,38,+24,+38.07382,-109.56417,01.2,08,038,3,2022-10-24
039971,22,297,14,00,38,+15,+38.07410,-109.56832,01.2,07,038,3,2022-10-24
039971,22,297,18,00,68,+08,+38.07429,-109.56295,00.9,09,038,3,2022-10-24
039971,22,297,20,00,20,+06,+38.07429,-109.56299,00.8,09,038,3,2022-10-24
039971,22,297,22,00,14,+08,+38.07434,-109.56295,00.9,09,038,3,2022-10-24
039971,22,298,00,00,14,+04,+38.07435,-109.56285,01.0,07,039,3,2022-10-25
039971,22,298,02,00,14,+09,+38.07426,-109.56291,01.0,08,038,3,2022-10-25
039971,22,298,04,00,12,+02,+38.07426,-109.56284,01.1,08,040,3,2022-10-25
039971,22,298,06,00,12,+03,+38.07434,-109.56295,00.9,09,039,3,2022-10-25
039971,22,298,08,00,78,+14,+38.07353,-109.56373,00.7,11,038,3,2022-10-25
039971,22,298,10,00,32,+13,+38.07318,-109.56333,01.0,08,038,3,2022-10-25
039971,22,298,12,00,42,+15,+38.07360,-109.56373,01.5,06,038,3,2022-10-25
039971,22,298,14,00,54,+20,+38.07396,-109.56247,01.3,07,041,3,2022-10-25
039971,22,298,16,00,34,+13,+38.07473,-109.56306,01.3,06,038,3,2022-10-25
039971,22,298,18,00,74,+10,+38.07493,-109.56369,01.1,07,038,3,2022-10-25
039971,22,298,20,00,16,+10,+38.07502,-109.56358,01.0,08,038,3,2022-10-25
039971,22,298,22,00,18,+10,+38.07497,-109.56358,00.8,09,038,3,2022-10-25
039971,22,299,00,00,18,+09,+38.07503,-109.56331,01.2,06,039,3,2022-10-26
039971,22,299,02,00,14,+09,+38.07506,-109.56333,00.8,10,040,3,2022-10-26
039971,22,299,04,00,12,+12,+38.07508,-109.56333,00.9,09,038,3,2022-10-26
039971,22,299,06,00,18,+07,+38.07495,-109.56373,00.9,10,038,3,2022-10-26
039971,22,299,08,00,70,+10,+38.07373,-109.56440,00.7,11,038,3,2022-10-26
039971,22,299,10,00,28,+26,+38.07323,-109.56314,01.1,07,040,3,2022-10-26
039971,22,299,12,00,20,+16,+38.07329,-109.56318,01.5,06,038,3,2022-10-26
039971,22,299,14,00,18,+23,+38.07326,-109.56307,00.9,08,039,3,2022-10-26
039971,22,299,16,00,16,+20,+38.07328,-109.56359,01.0,07,038,3,2022-10-26
039971,22,299,18,00,72,+11,+38.07406,-109.56233,01.2,08,038,3,2022-10-26
039971,22,299,20,00,32,+15,+38.07394,-109.56238,00.9,08,038,3,2022-10-26
039971,22,299,22,00,20,+09,+38.07450,-109.56291,00.8,10,040,3,2022-10-26
039971,22,300,00,00,32,+05,+38.07424,-109.56352,01.4,06,038,3,2022-10-27
039971,22,300,02,00,16,+08,+38.07412,-109.56341,01.0,08,039,3,2022-10-27
039971,22,300,04,00,12,+06,+38.07399,-109.56318,01.1,08,038,3,2022-10-27
039971,22,300,06,00,10,+05,+38.07416,-109.56339,00.8,11,038,3,2022-10-27
039971,22,300,08,00,70,+04,+38.07406,-109.56266,01.0,09,052,3,2022-10-27
039971,22,300,10,00,18,+08,+38.07341,-109.56266,00.9,09,038,3,2022-10-27
039971,22,300,12,00,20,+21,+38.07418,-109.56256,01.2,08,038,3,2022-10-27
039971,22,300,14,00,48,+13,+38.07356,-109.56501,01.2,08,038,3,2022-10-27
039971,22,300,16,00,38,+12,+38.07377,-109.56278,01.0,07,038,3,2022-10-27
039971,22,300,20,00,24,+04,+38.07344,-109.56314,00.8,10,038,3,2022-10-27
039971,22,300,22,00,16,+03,+38.07354,-109.56279,00.8,10,038,3,2022-10-27
039971,22,301,00,00,18,+07,+38.07401,-109.56264,01.0,07,040,3,2022-10-28
039971,22,301,02,00,20,+01,+38.07390,-109.56249,01.0,08,038,3,2022-10-28
039971,22,301,04,00,14,+01,+38.07398,-109.56256,01.0,09,040,3,2022-10-28
039971,22,301,06,00,10,+03,+38.07399,-109.56243,00.9,10,038,3,2022-10-28
039971,22,301,08,00,62,+08,+38.07403,-109.56425,00.9,09,038,3,2022-10-28
039971,22,301,10,00,30,+15,+38.07364,-109.56432,00.8,10,040,3,2022-10-28
039971,22,301,12,00,46,+18,+38.07401,-109.56427,01.0,08,039,3,2022-10-28
039971,22,301,14,00,16,+19,+38.07328,-109.56386,01.0,07,038,3,2022-10-28
039971,22,301,16,00,16,+15,+38.07326,-109.56352,01.1,08,058,3,2022-10-28
039971,22,301,18,00,70,+08,+38.07373,-109.56325,01.2,07,040,3,2022-10-28
039971,22,301,20,00,20,+05,+38.07353,-109.56485,00.7,11,038,3,2022-10-28
039971,22,302,00,00,18,+04,+38.07428,-109.56589,01.0,07,039,3,2022-10-29
039971,22,302,02,00,16,+03,+38.07422,-109.56579,01.0,09,038,3,2022-10-29
039971,22,302,04,00,12,+06,+38.07426,-109.56581,01.0,09,038,3,2022-10-29
039971,22,302,06,00,16,+03,+38.07369,-109.56394,01.0,09,038,3,2022-10-29
039971,22,302,08,00,52,+06,+38.07373,-109.56462,00.9,09,038,3,2022-10-29
039971,22,302,10,00,62,+14,+38.07289,-109.56367,00.9,08,038,3,2022-10-29
039971,22,302,12,00,30,+16,+38.07291,-109.56427,00.9,09,039,3,2022-10-29
039971,22,302,14,00,00,+16,+38.07296,-109.56424,00.9,08,038,3,2022-10-29
039971,22,302,16,00,26,+10,+38.19680,-109.37620,00.9,08,038,3,2022-10-29
039971,22,302,18,00,86,+07,+39.46551,-110.49257,00.9,09,038,3,2022-10-29
039971,22,302,20,00,76,+06,+40.35038,-111.76930,00.8,10,038,3,2022-10-29
039971,22,302,22,00,72,+04,+41.74120,-111.82870,00.8,10,040,3,2022-10-29
039971,22,303,00,00,00,+04,+41.74123,-111.82864,00.9,08,038,3,2022-10-30
