CollarSerialNumber,Year,Julianday,Hour,Minute,Activity,Temperature,Latitude,Longitude,HDOP,NumSats,FixTime,2D/3D,Date
040147,22,165,00,00,00,+29,+38.07021,-109.56552,01.0,08,038,3,2022-06-14
040147,22,165,02,00,00,+25,+38.07026,-109.56554,00.9,08,040,3,2022-06-14
040147,22,165,04,00,00,+24,+38.07021,-109.56558,01.2,06,038,3,2022-06-14
040147,22,165,06,00,00,+23,+38.07015,-109.56570,01.2,07,040,3,2022-06-14
040147,22,165,08,00,02,+29,+38.07296,-109.56432,01.2,07,038,3,2022-06-14
040147,22,165,10,00,02,+48,+38.07291,-109.56425,01.2,07,040,3,2022-06-14
040147,22,165,12,00,90,+32,+38.07328,-109.56604,01.1,07,038,3,2022-06-14
040147,22,165,14,00,76,+35,+38.07289,-109.56632,00.8,10,038,3,2022-06-14
040147,22,165,16,00,70,+40,+38.07414,-109.56794,01.0,08,038,3,2022-06-14
040147,22,165,20,00,90,+25,+38.07359,-109.56800,01.1,08,038,3,2022-06-14
040147,22,165,22,00,36,+23,+38.07413,-109.56814,00.9,09,039,3,2022-06-14
040147,22,166,00,00,32,+19,+38.07395,-109.56836,01.3,07,038,3,2022-06-15
040147,22,166,02,00,62,+17,+38.07376,-109.56825,00.9,08,039,3,2022-06-15
040147,22,166,04,00,20,+20,+38.07373,-109.56822,00.8,10,040,3,2022-06-15
040147,22,166,06,00,80,+22,+38.05136,-109.58570,01.0,09,038,3,2022-06-15
040147,22,166,08,00,94,+30,+37.99385,-109.59725,00.9,09,038,3,2022-06-15
040147,22,166,12,00,38,+39,+37.97383,-109.61975,01.4,07,038,3,2022-06-15
040147,22,166,14,00,48,+40,+37.97273,-109.61923,01.3,08,038,3,2022-06-15
040147,22,166,16,00,44,+48,+37.97500,-109.61628,01.3,06,039,3,2022-06-15
040147,22,166,20,00,86,+25,+37.97655,-109.61523,00.9,08,038,3,2022-06-15
040147,22,166,22,00,40,+27,+37.97615,-109.61571,00.9,08,038,3,2022-06-15
040147,22,167,00,00,16,+25,+37.97620,-109.61563,00.9,08,038,3,2022-06-16
040147,22,167,02,00,16,+23,+37.97610,-109.61551,00.9,08,040,3,2022-06-16
040147,22,167,06,00,92,+25,+37.94939,-109.63543,01.3,07,038,3,2022-06-16
040147,22,167,12,00,84,+39,+37.86917,-109.70287,01.2,07,049,3,2022-06-16
040147,22,167,14,00,44,+40,+37.86997,-109.70349,00.8,09,038,3,2022-06-16
040147,22,167,16,00,56,+39,+37.87162,-109.70375,00.9,08,038,3,2022-06-16
040147,22,167,20,00,90,+26,+37.87171,-109.70205,01.2,07,038,3,2022-06-16
040147,22,167,22,00,38,+23,+37.87099,-109.70386,01.6,05,058,3,2022-06-16
040147,22,168,00,00,26,+25,+37.87109,-109.70372,03.0,05,039,3,2022-06-17
040147,22,168,02,00,30,+28,+37.87092,-109.70388,00.9,08,038,3,2022-06-17
040147,22,168,04,00,22,+27,+37.87096,-109.70388,00.9,07,038,3,2022-06-17
040147,22,168,08,00,16,+34,+37.86926,-109.70140,00.9,07,038,3,2022-06-17
040147,22,168,10,00,58,+37,+37.86904,-109.70178,00.9,09,038,3,2022-06-17
040147,22,168,12,00,48,+38,+37.87063,-109.70098,01.4,07,039,3,2022-06-17
040147,22,168,14,00,88,+37,+37.86945,-109.70173,00.8,09,038,3,2022-06-17
040147,22,168,16,00,34,+40,+37.86936,-109.70178,01.0,07,040,3,2022-06-17
040147,22,168,22,00,36,+27,+37.86683,-109.70275,00.9,09,049,3,2022-06-17
040147,22,169,00,00,22,+25,+37.86686,-109.70275,01.3,07,038,3,2022-06-18
040147,22,169,02,00,40,+25,+37.86676,-109.70272,01.5,06,040,3,2022-06-18
040147,22,169,04,00,26,+23,+37.86666,-109.70246,00.9,07,038,3,2022-06-18
040147,22,169,10,00,74,+32,+37.86881,-109.70211,00.9,09,051,3,2022-06-18
040147,22,169,12,00,40,+31,+37.87041,-109.70444,01.4,07,038,3,2022-06-18
040147,22,169,14,00,66,+35,+37.87157,-109.70671,01.4,08,038,3,2022-06-18
040147,22,169,16,00,50,+25,+37.87260,-109.70686,00.9,08,039,3,2022-06-18
040147,22,169,18,00,92,+24,+37.87249,-109.70335,01.1,07,039,3,2022-06-18
040147,22,169,20,00,86,+21,+37.87260,-109.70578,01.4,06,038,3,2022-06-18
040147,22,169,22,00,56,+20,+37.87313,-109.70570,01.0,08,038,3,2022-06-18
040147,22,170,00,00,20,+21,+37.87248,-109.70539,01.1,07,038,3,2022-06-19
040147,22,170,02,00,24,+20,+37.87272,-109.70574,00.7,10,038,3,2022-06-19
040147,22,170,04,00,18,+20,+37.87260,-109.70578,00.9,08,040,3,2022-06-19
040147,22,170,06,00,64,+19,+37.87310,-109.70565,01.0,08,038,3,2022-06-19
040147,22,170,12,00,78,+25,+37.87286,-109.70555,01.1,08,038,3,2022-06-19
040147,22,170,14,00,96,+30,+37.85729,-109.73083,00.9,09,038,3,2022-06-19
040147,22,170,16,00,80,+34,+37.85739,-109.73316,00.9,08,038,3,2022-06-19
040147,22,170,20,00,96,+22,+37.85889,-109.72952,01.4,06,038,3,2022-06-19
040147,22,170,22,00,42,+23,+37.86049,-109.72887,01.0,08,040,3,2022-06-19
040147,22,171,00,00,22,+17,+37.86037,-109.72895,01.3,06,038,3,2022-06-20
040147,22,171,02,00,26,+13,+37.86008,-109.72898,00.9,08,038,3,2022-06-20
040147,22,171,06,00,56,+10,+37.85572,-109.73862,01.0,09,038,3,2022-06-20
040147,22,171,08,00,90,+25,+37.84886,-109.75399,00.8,10,037,3,2022-06-20
040147,22,171,10,00,20,+30,+37.84887,-109.75399,00.9,08,040,3,2022-06-20
040147,22,171,12,00,72,+30,+37.84474,-109.75174,01.0,09,038,3,2022-06-20
040147,22,171,14,00,50,+31,+37.84544,-109.75173,01.4,08,038,3,2022-06-20
040147,22,171,20,00,92,+17,+37.84792,-109.75379,01.3,08,038,3,2022-06-20
040147,22,171,22,00,34,+16,+37.84845,-109.75386,00.9,08,038,3,2022-06-20
040147,22,172,00,00,38,+17,+37.84784,-109.75439,01.5,06,038,3,2022-06-21
040147,22,172,02,00,60,+13,+37.84885,-109.75458,01.0,08,038,3,2022-06-21
040147,22,172,04,00,28,+15,+37.84852,-109.75431,01.0,08,038,3,2022-06-21
040147,22,172,06,00,86,+15,+37.85150,-109.75578,01.3,07,038,3,2022-06-21
040147,22,172,08,00,60,+37,+37.84881,-109.75350,00.8,11,038,3,2022-06-21
040147,22,172,10,00,32,+32,+37.84843,-109.74954,01.2,08,039,3,2022-06-21
040147,22,172,12,00,36,+35,+37.84719,-109.74987,01.1,08,039,3,2022-06-21
040147,22,172,14,00,96,+31,+37.84587,-109.75163,00.9,09,040,3,2022-06-21
040147,22,172,16,00,60,+36,+37.84603,-109.75173,00.8,08,038,3,2022-06-21
040147,22,172,20,00,86,+23,+37.84864,-109.74983,01.0,09,038,3,2022-06-21
040147,22,172,22,00,76,+20,+37.84913,-109.75270,00.9,09,038,3,2022-06-21
040147,22,173,00,00,24,+24,+37.84913,-109.75279,00.9,09,038,3,2022-06-22
040147,22,173,02,00,56,+25,+37.84911,-109.75323,00.9,08,040,3,2022-06-22
040147,22,173,04,00,20,+24,+37.84914,-109.75325,00.8,09,038,3,2022-06-22
040147,22,173,06,00,80,+21,+37.85417,-109.75307,01.1,08,038,3,2022-06-22
040147,22,173,08,00,46,+26,+37.85332,-109.75254,00.7,11,041,3,2022-06-22
040147,22,173,10,00,18,+29,+37.85343,-109.75271,00.9,09,039,3,2022-06-22
040147,22,173,12,00,54,+31,+37.85224,-109.75228,01.1,08,038,3,2022-06-22
040147,22,173,14,00,42,+34,+37.84873,-109.74895,00.9,09,038,3,2022-06-22
040147,22,173,20,00,90,+21,+37.85646,-109.75391,01.0,09,038,3,2022-06-22
040147,22,173,22,00,24,+24,+37.85657,-109.75369,00.8,09,040,3,2022-06-22
040147,22,174,00,00,16,+25,+37.85675,-109.75363,01.1,08,057,3,2022-06-23
040147,22,174,02,00,66,+21,+37.85622,-109.75388,00.8,09,040,3,2022-06-23
040147,22,174,04,00,22,+21,+37.85653,-109.75353,00.7,10,040,3,2022-06-23
040147,22,174,06,00,80,+20,+37.85868,-109.75288,01.1,08,038,3,2022-06-23
040147,22,174,08,00,78,+26,+37.85847,-109.75145,00.8,09,039,3,2022-06-23
040147,22,174,10,00,32,+32,+37.85808,-109.75212,00.8,10,038,3,2022-06-23
040147,22,174,14,00,54,+30,+37.85507,-109.75513,00.7,10,038,3,2022-06-23
040147,22,174,16,00,40,+34,+37.85441,-109.75464,01.0,07,038,3,2022-06-23
040147,22,174,18,00,94,+29,+37.85144,-109.75506,01.3,07,038,3,2022-06-23
040147,22,176,08,37,38,+30,+37.84213,-109.77012,01.0,07,038,3,2022-06-25
040147,22,176,10,00,44,+28,+37.84226,-109.77165,00.9,08,038,3,2022-06-25
040147,22,176,14,00,16,+34,+37.84730,-109.76095,00.7,11,038,3,2022-06-25
040147,22,176,16,00,64,+30,+37.84641,-109.76147,00.9,08,038,3,2022-06-25
040147,22,176,18,00,92,+29,+37.84684,-109.76173,01.0,07,038,3,2022-06-25
040147,22,176,20,00,82,+25,+37.84246,-109.76566,01.1,09,040,3,2022-06-25
040147,22,176,22,00,66,+23,+37.84233,-109.76780,00.8,09,038,3,2022-06-25
040147,22,177,00,00,28,+25,+37.84160,-109.76799,02.2,06,038,3,2022-06-26
040147,22,177,02,00,56,+25,+37.84233,-109.76811,01.2,07,040,3,2022-06-26
040147,22,177,04,00,26,+25,+37.84215,-109.76780,01.3,07,038,3,2022-06-26
040147,22,177,06,00,72,+22,+37.84107,-109.76602,01.0,08,038,3,2022-06-26
040147,22,177,08,00,70,+25,+37.84181,-109.76686,01.0,07,040,3,2022-06-26
040147,22,177,12,00,76,+23,+37.84344,-109.76513,01.0,10,038,3,2022-06-26
040147,22,177,14,00,58,+31,+37.84732,-109.76087,00.7,11,038,3,2022-06-26
040147,22,177,16,00,20,+28,+37.84679,-109.76055,00.9,08,038,3,2022-06-26
040147,22,177,22,00,36,+25,+37.84472,-109.77127,01.1,07,038,3,2022-06-26
040147,22,178,00,00,70,+19,+37.84336,-109.77114,01.7,06,038,3,2022-06-27
040147,22,178,02,00,40,+23,+37.84470,-109.77149,01.1,08,057,3,2022-06-27
040147,22,178,04,00,34,+19,+37.84420,-109.77148,01.0,07,038,3,2022-06-27
040147,22,178,06,00,64,+15,+37.83864,-109.77279,00.8,09,038,3,2022-06-27
040147,22,178,08,00,72,+27,+37.83843,-109.77136,01.1,07,039,3,2022-06-27
040147,22,178,10,00,18,+30,+37.83833,-109.77148,01.1,09,038,3,2022-06-27
040147,22,178,12,00,60,+36,+37.84725,-109.76087,01.1,07,040,3,2022-06-27
040147,22,178,14,00,28,+37,+37.84696,-109.76108,00.8,10,038,3,2022-06-27
040147,22,178,16,00,94,+32,+37.84332,-109.76425,00.9,08,039,3,2022-06-27
040147,22,178,22,00,44,+23,+37.84393,-109.77068,00.9,08,038,3,2022-06-27
040147,22,179,04,00,22,+24,+37.84384,-109.77081,00.9,08,038,3,2022-06-28
040147,22,179,06,00,70,+19,+37.83876,-109.77333,00.8,10,038,3,2022-06-28
040147,22,179,12,00,72,+28,+37.84759,-109.76126,01.1,08,050,3,2022-06-28
040147,22,179,14,00,22,+44,+37.84749,-109.76119,00.9,10,038,3,2022-06-28
040147,22,179,16,00,66,+33,+37.84789,-109.76726,00.8,09,038,3,2022-06-28
040147,22,179,18,00,74,+29,+37.84752,-109.76821,01.0,07,038,3,2022-06-28
040147,22,179,22,00,28,+25,+37.84502,-109.77161,01.2,07,038,3,2022-06-28
040147,22,180,00,00,24,+26,+37.84468,-109.77112,01.6,06,039,3,2022-06-29
040147,22,180,06,00,64,+20,+37.83890,-109.77621,01.0,08,038,3,2022-06-29
040147,22,180,08,00,62,+26,+37.83840,-109.77419,00.9,07,040,3,2022-06-29
040147,22,180,12,00,36,+31,+37.84063,-109.76765,01.0,07,038,3,2022-06-29
040147,22,180,16,00,64,+33,+37.87195,-109.78946,01.0,08,038,3,2022-06-29
040147,22,180,18,00,62,+33,+37.87199,-109.78935,00.8,10,038,3,2022-06-29
040147,22,180,22,00,54,+25,+37.87186,-109.78904,00.9,09,038,3,2022-06-29
040147,22,181,00,00,20,+24,+37.87190,-109.78912,01.0,08,038,3,2022-06-30
040147,22,181,02,00,20,+26,+37.87189,-109.78913,00.9,08,038,3,2022-06-30
040147,22,181,04,00,22,+28,+37.87184,-109.78904,01.0,07,039,3,2022-06-30
040147,22,181,06,00,76,+24,+37.87262,-109.79324,00.7,10,040,3,2022-06-30
040147,22,181,08,00,74,+27,+37.87242,-109.79450,00.9,08,040,3,2022-06-30
040147,22,181,10,00,56,+27,+37.87213,-109.79433,01.2,08,039,3,2022-06-30
040147,22,181,14,00,80,+31,+37.87170,-109.78931,00.9,09,038,3,2022-06-30
040147,22,181,16,00,28,+33,+37.87172,-109.78897,01.1,06,038,3,2022-06-30
040147,22,181,18,00,64,+27,+37.87008,-109.79241,00.8,09,039,3,2022-06-30
040147,22,181,22,00,64,+25,+37.86785,-109.79189,00.9,09,038,3,2022-06-30
040147,22,182,00,00,22,+25,+37.86782,-109.79200,01.0,08,038,3,2022-07-01
040147,22,182,02,00,28,+25,+37.86799,-109.79199,00.9,07,040,3,2022-07-01
040147,22,182,04,00,22,+25,+37.86784,-109.79225,01.0,06,039,3,2022-07-01
040147,22,182,06,00,90,+21,+37.86660,-109.79360,00.7,10,038,3,2022-07-01
040147,22,182,12,00,58,+34,+37.85475,-109.83661,02.2,06,038,3,2022-07-01
040147,22,182,14,00,44,+26,+37.85568,-109.83644,01.3,07,038,3,2022-07-01
040147,22,182,16,00,78,+30,+37.86246,-109.83654,01.0,07,038,3,2022-07-01
040147,22,182,20,00,86,+23,+37.87799,-109.80347,01.3,07,038,3,2022-07-01
040147,22,182,22,00,70,+23,+37.87746,-109.81300,01.1,08,038,3,2022-07-01
040147,22,183,00,00,24,+24,+37.87700,-109.81273,01.1,07,038,3,2022-07-02
040147,22,183,02,00,44,+24,+37.87784,-109.81311,01.1,07,044,3,2022-07-02
040147,22,183,04,00,18,+25,+37.87742,-109.81325,00.9,09,039,3,2022-07-02
040147,22,183,06,00,74,+21,+37.87982,-109.81413,00.8,10,038,3,2022-07-02
040147,22,183,08,00,86,+27,+37.87941,-109.81179,00.8,09,038,3,2022-07-02
040147,22,183,10,00,52,+32,+37.88090,-109.79442,01.4,07,038,3,2022-07-02
040147,22,183,12,00,68,+21,+37.87873,-109.79135,01.1,08,039,3,2022-07-02
040147,22,183,14,00,94,+25,+37.88194,-109.78968,00.9,09,038,3,2022-07-02
040147,22,183,20,00,86,+25,+37.87879,-109.79193,01.4,07,038,3,2022-07-02
040147,22,183,22,00,58,+24,+37.87926,-109.79237,01.3,07,038,3,2022-07-02
040147,22,184,00,00,16,+24,+37.87913,-109.79227,01.1,06,040,3,2022-07-03
040147,22,184,02,00,20,+21,+37.87906,-109.79244,01.1,06,038,3,2022-07-03
040147,22,184,04,00,18,+20,+37.87913,-109.79222,00.9,09,040,3,2022-07-03
040147,22,184,06,00,80,+19,+37.88015,-109.81331,00.7,11,038,3,2022-07-03
040147,22,184,08,00,80,+25,+37.87583,-109.82263,01.1,07,059,3,2022-07-03
040147,22,184,10,00,20,+28,+37.87578,-109.82273,01.0,09,058,3,2022-07-03
040147,22,184,14,00,70,+36,+37.87620,-109.81050,00.9,09,039,3,2022-07-03
040147,22,184,16,00,58,+33,+37.87609,-109.81006,00.9,09,038,3,2022-07-03
040147,22,184,18,00,88,+30,+37.87589,-109.81054,00.9,08,038,3,2022-07-03
040147,22,184,20,00,92,+23,+37.87920,-109.81153,00.9,09,038,3,2022-07-03
040147,22,185,00,00,62,+21,+37.87934,-109.81174,01.4,06,038,3,2022-07-04
040147,22,185,02,00,32,+24,+37.87879,-109.81060,00.9,08,039,3,2022-07-04
040147,22,185,08,00,36,+25,+37.87884,-109.81153,01.2,06,038,3,2022-07-04
040147,22,185,10,00,12,+29,+37.87926,-109.81167,00.8,09,039,3,2022-07-04
040147,22,185,14,00,74,+31,+37.88306,-109.81008,00.8,09,038,3,2022-07-04
040147,22,185,16,00,80,+32,+37.88112,-109.81218,01.0,08,038,3,2022-07-04
040147,22,185,18,00,78,+28,+37.87786,-109.81134,01.1,08,038,3,2022-07-04
040147,22,185,20,00,86,+25,+37.87932,-109.81507,01.0,08,038,3,2022-07-04
040147,22,185,22,00,60,+27,+37.87873,-109.81392,00.9,08,038,3,2022-07-04
040147,22,186,00,00,20,+25,+37.87815,-109.81372,01.0,07,038,3,2022-07-05
040147,22,186,04,00,16,+23,+37.87893,-109.81439,01.2,08,038,3,2022-07-05
040147,22,186,06,00,68,+20,+37.88004,-109.81765,00.8,10,038,3,2022-07-05
040147,22,186,08,00,56,+27,+37.87959,-109.81842,01.1,07,038,3,2022-07-05
040147,22,186,10,00,14,+31,+37.87967,-109.81863,00.8,09,039,3,2022-07-05
040147,22,186,12,00,74,+26,+37.87820,-109.81813,00.8,10,038,3,2022-07-05
040147,22,186,14,00,82,+30,+37.87806,-109.81764,01.1,08,038,3,2022-07-05
040147,22,186,18,00,90,+24,+37.88444,-109.81140,00.8,09,040,3,2022-07-05
040147,22,186,20,00,90,+21,+37.87990,-109.81922,00.8,10,038,3,2022-07-05
040147,22,186,22,00,50,+25,+37.88026,-109.81998,00.8,10,040,3,2022-07-05
040147,22,187,00,00,42,+23,+37.87906,-109.81851,01.0,07,039,3,2022-07-06
040147,22,187,02,00,18,+23,+37.87921,-109.81859,00.8,08,040,3,2022-07-06
040147,22,187,06,00,92,+21,+37.88503,-109.82426,00.7,10,038,3,2022-07-06
040147,22,187,08,00,88,+26,+37.87778,-109.81953,00.8,09,038,3,2022-07-06
040147,22,187,10,00,14,+30,+37.87767,-109.81948,00.9,09,040,3,2022-07-06
040147,22,187,12,00,68,+17,+37.87342,-109.82021,00.7,11,038,3,2022-07-06
040147,22,187,14,00,94,+17,+37.88172,-109.82006,01.8,06,038,3,2022-07-06
040147,22,187,16,00,70,+24,+37.88153,-109.82135,00.9,08,038,3,2022-07-06
040147,22,187,22,00,70,+22,+37.86423,-109.82265,00.8,09,038,3,2022-07-06
040147,22,188,02,00,72,+19,+37.86466,-109.82256,01.0,06,038,3,2022-07-07
040147,22,188,04,00,18,+25,+37.86449,-109.82263,01.1,08,040,3,2022-07-07
040147,22,188,08,00,72,+29,+37.85923,-109.83312,00.8,10,038,3,2022-07-07
040147,22,188,10,00,24,+30,+37.85895,-109.83278,01.0,09,040,3,2022-07-07
040147,22,188,12,00,72,+32,+37.86046,-109.83560,00.8,09,038,3,2022-07-07
040147,22,188,16,01,84,+31,+37.86372,-109.83171,01.5,06,059,3,2022-07-07
040147,22,188,18,00,38,+29,+37.86329,-109.83193,01.2,07,038,3,2022-07-07
040147,22,188,20,00,86,+25,+37.86262,-109.82701,00.9,09,038,3,2022-07-07
040147,22,188,22,00,66,+21,+37.86313,-109.82810,00.8,09,039,3,2022-07-07
040147,22,189,00,00,18,+23,+37.86303,-109.82828,01.1,07,040,3,2022-07-08
040147,22,189,02,00,12,+24,+37.86306,-109.82805,00.8,08,038,3,2022-07-08
040147,22,189,04,00,12,+23,+37.86310,-109.82811,00.9,08,040,3,2022-07-08
040147,22,189,06,00,80,+19,+37.86929,-109.81939,00.8,10,038,3,2022-07-08
040147,22,189,08,00,84,+28,+37.87873,-109.79895,00.8,10,038,3,2022-07-08
040147,22,189,12,00,58,+34,+37.88098,-109.80461,00.9,09,038,3,2022-07-08
040147,22,189,16,00,86,+35,+37.88325,-109.80121,01.0,08,038,3,2022-07-08
040147,22,189,18,00,84,+31,+37.88211,-109.80142,01.0,08,038,3,2022-07-08
040147,22,189,20,00,88,+25,+37.88104,-109.79729,00.8,10,038,3,2022-07-08
040147,22,189,22,00,60,+24,+37.88190,-109.79733,00.9,08,038,3,2022-07-08
040147,22,190,00,00,14,+25,+37.88195,-109.79730,01.0,07,039,3,2022-07-09
040147,22,190,02,00,60,+20,+37.88179,-109.79725,01.0,07,058,3,2022-07-09
040147,22,190,04,00,16,+20,+37.88069,-109.79794,02.0,07,051,3,2022-07-09
040147,22,190,06,00,66,+21,+37.88010,-109.79589,00.9,08,038,3,2022-07-09
040147,22,190,08,00,90,+28,+37.87723,-109.79236,01.1,06,047,3,2022-07-09
040147,22,190,12,00,84,+37,+37.87804,-109.79920,00.8,09,038,3,2022-07-09
040147,22,190,14,00,94,+38,+37.88005,-109.79225,01.2,07,038,3,2022-07-09
040147,22,190,16,00,90,+32,+37.88223,-109.79335,01.2,06,040,3,2022-07-09
040147,22,190,18,00,92,+32,+37.88202,-109.79354,01.0,07,038,3,2022-07-09
040147,22,190,20,00,92,+27,+37.87810,-109.79214,01.0,07,038,3,2022-07-09
040147,22,190,22,00,20,+26,+37.87895,-109.79214,00.9,08,038,3,2022-07-09
040147,22,191,00,00,16,+26,+37.87911,-109.79213,01.2,06,038,3,2022-07-10
040147,22,191,02,00,26,+24,+37.87919,-109.79217,00.9,08,038,3,2022-07-10
040147,22,191,04,00,14,+24,+37.87914,-109.79219,01.1,08,038,3,2022-07-10
040147,22,191,06,00,58,+24,+37.88177,-109.78968,01.0,07,038,3,2022-07-10
040147,22,191,10,00,58,+31,+37.88167,-109.78935,01.1,08,038,3,2022-07-10
040147,22,191,12,00,56,+36,+37.87923,-109.79850,00.8,10,038,3,2022-07-10
040147,22,191,20,01,84,+25,+37.88046,-109.79338,00.9,07,051,3,2022-07-10
040147,22,191,22,00,48,+27,+37.87886,-109.79435,00.8,09,040,3,2022-07-10
040147,22,192,00,00,18,+25,+37.87872,-109.79444,01.0,07,039,3,2022-07-11
040147,22,192,04,00,16,+26,+37.87872,-109.79480,01.3,08,038,3,2022-07-11
040147,22,192,08,00,90,+27,+37.87924,-109.79667,01.2,06,038,3,2022-07-11
040147,22,192,12,00,14,+39,+37.87923,-109.79452,00.7,11,038,3,2022-07-11
040147,22,192,14,00,66,+37,+37.87797,-109.79845,01.0,08,038,3,2022-07-11
040147,22,192,16,00,54,+37,+37.87918,-109.79879,01.1,06,038,3,2022-07-11
040147,22,192,18,00,70,+30,+37.87892,-109.80454,00.9,08,038,3,2022-07-11
040147,22,192,20,00,92,+26,+37.87510,-109.81214,00.8,10,038,3,2022-07-11
040147,22,193,04,00,46,+23,+37.87023,-109.81655,01.8,05,044,3,2022-07-12
040147,22,193,08,00,78,+27,+37.86577,-109.81967,01.0,08,038,3,2022-07-12
040147,22,193,10,00,08,+32,+37.86586,-109.81893,01.0,08,040,3,2022-07-12
040147,22,193,14,00,88,+29,+37.86853,-109.81632,01.4,08,038,3,2022-07-12
040147,22,193,18,00,70,+28,+37.86739,-109.82073,01.0,07,038,3,2022-07-12
040147,22,193,20,00,78,+27,+37.86560,-109.82214,01.1,07,038,3,2022-07-12
040147,22,193,22,00,38,+28,+37.86500,-109.82234,01.2,08,038,3,2022-07-12
040147,22,194,00,00,54,+24,+37.86605,-109.82299,01.4,06,038,3,2022-07-13
040147,22,194,02,00,34,+28,+37.86550,-109.82324,00.9,08,039,3,2022-07-13
040147,22,194,04,00,20,+27,+37.86619,-109.82324,01.7,07,041,3,2022-07-13
040147,22,194,12,00,40,+33,+37.84293,-109.84648,00.8,10,038,3,2022-07-13
040147,22,194,14,00,86,+30,+37.84700,-109.84822,01.2,08,038,3,2022-07-13
040147,22,194,18,00,78,+28,+37.84675,-109.84619,01.0,07,038,3,2022-07-13
040147,22,194,22,00,24,+30,+37.84446,-109.84442,01.4,06,038,3,2022-07-13
040147,22,195,00,00,64,+25,+37.84500,-109.84272,01.0,08,038,3,2022-07-14
040147,22,195,04,00,10,+29,+37.84527,-109.84318,00.9,09,038,3,2022-07-14
040147,22,195,06,00,60,+24,+37.84950,-109.84539,00.9,09,038,3,2022-07-14
040147,22,195,08,00,90,+29,+37.84769,-109.84420,00.8,09,040,3,2022-07-14
040147,22,195,10,00,14,+35,+37.84772,-109.84415,01.0,09,038,3,2022-07-14
040147,22,195,12,00,50,+37,+37.84828,-109.84383,00.9,08,038,3,2022-07-14
040147,22,195,14,00,92,+33,+37.84965,-109.84429,01.2,06,038,3,2022-07-14
040147,22,195,16,00,50,+30,+37.84933,-109.84387,01.0,08,039,3,2022-07-14
040147,22,195,18,00,92,+29,+37.85219,-109.83605,00.8,09,038,3,2022-07-14
040147,22,195,20,00,88,+25,+37.85293,-109.83585,00.9,09,038,3,2022-07-14
040147,22,195,22,00,36,+26,+37.84921,-109.83713,01.4,06,038,3,2022-07-14
040147,22,196,00,00,58,+23,+37.84951,-109.83692,00.8,09,038,3,2022-07-15
040147,22,196,04,00,22,+26,+37.84927,-109.83680,01.2,08,038,3,2022-07-15
040147,22,196,10,00,50,+34,+37.84881,-109.84211,01.1,08,038,3,2022-07-15
040147,22,196,12,00,66,+33,+37.84585,-109.85006,00.8,11,038,3,2022-07-15
040147,22,196,14,00,94,+37,+37.84330,-109.84699,02.0,07,038,3,2022-07-15
040147,22,196,16,00,36,+36,+37.84179,-109.84635,01.2,06,038,3,2022-07-15
040147,22,196,20,00,96,+26,+37.84463,-109.84487,00.9,08,038,3,2022-07-15
040147,22,196,22,00,26,+28,+37.84594,-109.84467,00.8,09,037,3,2022-07-15
040147,22,197,00,00,40,+25,+37.84564,-109.84442,00.9,08,058,3,2022-07-16
040147,22,197,02,00,44,+26,+37.84548,-109.84541,00.9,07,040,3,2022-07-16
040147,22,197,04,00,10,+26,+37.84543,-109.84551,01.0,08,040,3,2022-07-16
040147,22,197,06,00,74,+23,+37.84563,-109.84804,00.8,10,038,3,2022-07-16
040147,22,197,12,00,60,+33,+37.84883,-109.84237,00.7,11,038,3,2022-07-16
040147,22,197,16,00,34,+37,+37.85278,-109.84008,01.1,07,038,3,2022-07-16
040147,22,197,20,00,88,+28,+37.84727,-109.84440,00.8,10,038,3,2022-07-16
040147,22,197,22,00,36,+26,+37.84683,-109.84394,01.5,06,038,3,2022-07-16
040147,22,198,00,00,82,+25,+37.84754,-109.84304,01.0,07,039,3,2022-07-17
040147,22,198,02,00,48,+27,+37.84722,-109.84365,00.7,10,039,3,2022-07-17
040147,22,198,04,00,16,+27,+37.84727,-109.84352,00.9,09,038,3,2022-07-17
040147,22,198,06,00,70,+24,+37.84943,-109.83885,00.7,12,038,3,2022-07-17
040147,22,198,10,00,16,+34,+37.85194,-109.82959,01.1,08,038,3,2022-07-17
040147,22,198,12,00,92,+37,+37.85236,-109.83513,00.7,11,038,3,2022-07-17
040147,22,198,14,00,54,+35,+37.85264,-109.83507,00.7,11,058,3,2022-07-17
040147,22,198,16,00,46,+35,+37.85244,-109.84074,01.1,06,038,3,2022-07-17
040147,22,198,20,00,90,+21,+37.85516,-109.83596,01.0,08,038,3,2022-07-17
040147,22,198,22,00,72,+25,+37.85548,-109.83595,01.4,07,042,3,2022-07-17
040147,22,199,00,00,14,+29,+37.85539,-109.83600,01.0,07,038,3,2022-07-18
040147,22,199,04,00,14,+27,+37.85583,-109.83587,00.9,09,038,3,2022-07-18
040147,22,199,06,00,62,+24,+37.85921,-109.83726,01.1,09,038,3,2022-07-18
040147,22,199,08,00,74,+29,+37.85827,-109.83433,01.2,07,040,3,2022-07-18
040147,22,199,10,00,10,+31,+37.85812,-109.83410,01.5,07,038,3,2022-07-18
040147,22,199,12,00,84,+32,+37.85573,-109.83425,00.8,10,038,3,2022-07-18
040147,22,199,14,00,74,+34,+37.86046,-109.83609,01.1,07,039,3,2022-07-18
040147,22,199,16,00,26,+33,+37.86059,-109.83688,01.2,05,038,3,2022-07-18
040147,22,199,18,00,90,+36,+37.84862,-109.84367,01.2,06,037,3,2022-07-18
040147,22,199,20,00,96,+27,+37.85789,-109.83699,01.0,08,041,3,2022-07-18
040147,22,199,22,00,30,+26,+37.85856,-109.83776,01.2,07,041,3,2022-07-18
040147,22,200,02,00,62,+26,+37.85845,-109.84007,01.0,08,049,3,2022-07-19
040147,22,200,04,00,28,+25,+37.85886,-109.83965,00.9,09,038,3,2022-07-19
040147,22,200,06,00,60,+23,+37.85576,-109.84096,00.6,13,038,3,2022-07-19
040147,22,200,08,00,78,+30,+37.86264,-109.82734,01.1,08,057,3,2022-07-19
040147,22,200,10,00,94,+32,+37.86684,-109.82086,01.1,08,040,3,2022-07-19
040147,22,200,12,00,52,+37,+37.86739,-109.82079,00.9,09,038,3,2022-07-19
040147,22,200,14,00,56,+36,+37.86743,-109.81911,01.1,07,057,3,2022-07-19
040147,22,200,16,00,66,+34,+37.86745,-109.81684,01.3,06,038,3,2022-07-19
040147,22,200,22,00,28,+29,+37.86378,-109.82332,01.2,08,048,3,2022-07-19
040147,22,201,00,00,10,+27,+37.86364,-109.82349,00.9,08,040,3,2022-07-20
040147,22,201,02,00,14,+28,+37.86369,-109.82342,00.8,10,038,3,2022-07-20
040147,22,201,04,00,14,+28,+37.86353,-109.82341,00.9,09,038,3,2022-07-20
040147,22,201,06,00,86,+24,+37.86924,-109.81648,00.7,12,038,3,2022-07-20
040147,22,201,10,00,34,+32,+37.87593,-109.80713,01.0,09,038,3,2022-07-20
040147,22,201,12,00,24,+34,+37.87857,-109.80392,00.8,10,039,3,2022-07-20
040147,22,201,22,00,90,+25,+37.87701,-109.80921,01.2,07,038,3,2022-07-20
040147,22,202,00,00,24,+25,+37.87756,-109.80888,00.9,08,038,3,2022-07-21
040147,22,202,02,00,64,+26,+37.87750,-109.80928,01.0,08,040,3,2022-07-21
040147,22,202,04,00,16,+27,+37.87756,-109.80926,00.9,09,039,3,2022-07-21
040147,22,202,06,00,64,+23,+37.87570,-109.80950,00.7,11,038,3,2022-07-21
040147,22,202,08,00,82,+30,+37.87469,-109.81193,01.4,07,057,3,2022-07-21
040147,22,202,10,00,24,+32,+37.87490,-109.81176,01.0,09,038,3,2022-07-21
040147,22,202,12,00,30,+34,+37.87676,-109.81094,00.8,11,038,3,2022-07-21
040147,22,202,18,00,82,+34,+37.88250,-109.80258,01.1,07,038,3,2022-07-21
040147,22,202,22,00,38,+27,+37.87757,-109.81159,01.3,06,038,3,2022-07-21
040147,22,203,02,00,80,+26,+37.87803,-109.81142,00.9,08,038,3,2022-07-22
040147,22,203,04,00,18,+24,+37.87843,-109.81140,01.0,09,039,3,2022-07-22
040147,22,203,06,00,66,+24,+37.87922,-109.80924,00.7,11,038,3,2022-07-22
040147,22,203,10,00,22,+33,+37.88029,-109.81925,01.3,07,038,3,2022-07-22
040147,22,203,14,00,44,+39,+37.87963,-109.80961,00.9,08,053,3,2022-07-22
040147,22,203,16,00,32,+37,+37.87982,-109.80976,01.0,08,039,3,2022-07-22
040147,22,203,18,00,86,+32,+37.87791,-109.81356,01.0,09,040,3,2022-07-22
040147,22,203,22,00,52,+28,+37.87740,-109.81910,01.2,06,038,3,2022-07-22
040147,22,204,02,00,84,+26,+37.87719,-109.81880,00.7,10,038,3,2022-07-23
040147,22,204,06,00,92,+25,+37.87423,-109.81906,01.3,07,038,3,2022-07-23
040147,22,204,10,00,14,+33,+37.87408,-109.81625,01.5,07,038,3,2022-07-23
040147,22,204,12,00,74,+34,+37.87474,-109.81620,00.7,11,038,3,2022-07-23
040147,22,204,14,00,94,+34,+37.87792,-109.81758,00.8,10,038,3,2022-07-23
040147,22,204,16,00,70,+39,+37.87744,-109.81979,01.0,08,038,3,2022-07-23
040147,22,204,20,00,94,+28,+37.87654,-109.81905,00.9,09,038,3,2022-07-23
040147,22,204,22,00,22,+30,+37.87646,-109.81874,01.2,07,038,3,2022-07-23
040147,22,205,00,00,52,+23,+37.87596,-109.81990,02.1,05,038,3,2022-07-24
040147,22,205,02,00,14,+25,+37.87403,-109.82195,00.9,07,038,3,2022-07-24
040147,22,205,04,00,18,+26,+37.87514,-109.81991,00.9,09,038,3,2022-07-24
040147,22,205,06,00,68,+23,+37.87421,-109.82054,00.8,10,038,3,2022-07-24
040147,22,205,10,00,54,+30,+37.86769,-109.82132,01.0,09,038,3,2022-07-24
040147,22,205,12,00,10,+33,+37.86795,-109.82158,00.7,11,038,3,2022-07-24
040147,22,205,14,00,92,+32,+37.88191,-109.81447,00.9,08,049,3,2022-07-24
040147,22,205,16,00,74,+23,+37.87179,-109.81779,00.9,08,039,3,2022-07-24
040147,22,205,20,00,86,+21,+37.86446,-109.82214,01.4,07,038,3,2022-07-24
040147,22,205,22,00,30,+25,+37.86367,-109.82227,01.2,07,040,3,2022-07-24
040147,22,206,00,00,14,+26,+37.86385,-109.82233,00.9,08,038,3,2022-07-25
040147,22,206,02,00,92,+20,+37.86270,-109.82208,00.7,11,058,3,2022-07-25
040147,22,206,04,00,48,+24,+37.86378,-109.82186,01.1,08,038,3,2022-07-25
040147,22,206,06,00,30,+23,+37.86592,-109.82038,01.2,08,038,3,2022-07-25
040147,22,206,12,00,28,+26,+37.86945,-109.81845,00.8,10,038,3,2022-07-25
040147,22,206,20,00,92,+23,+37.85330,-109.83634,00.8,10,038,3,2022-07-25
040147,22,206,22,00,34,+25,+37.85497,-109.83707,00.9,08,038,3,2022-07-25
040147,22,207,00,00,14,+25,+37.85461,-109.83699,00.8,09,038,3,2022-07-26
040147,22,207,02,00,54,+23,+37.85345,-109.83574,00.7,10,038,3,2022-07-26
040147,22,207,04,00,18,+25,+37.85379,-109.83554,01.0,08,038,3,2022-07-26
040147,22,207,06,00,50,+23,+37.85086,-109.83705,01.1,07,038,3,2022-07-26
040147,22,207,08,00,90,+29,+37.84733,-109.84214,00.8,10,046,3,2022-07-26
040147,22,207,10,00,12,+31,+37.84748,-109.84226,01.0,09,039,3,2022-07-26
040147,22,207,12,00,56,+30,+37.84908,-109.84188,00.7,11,038,3,2022-07-26
040147,22,207,14,00,84,+25,+37.84955,-109.84033,01.1,07,038,3,2022-07-26
040147,22,207,16,00,92,+26,+37.85486,-109.84054,00.9,07,038,3,2022-07-26
040147,22,207,20,00,92,+21,+37.85586,-109.83666,01.1,07,038,3,2022-07-26
040147,22,207,22,00,34,+25,+37.85596,-109.83713,01.0,08,038,3,2022-07-26
040147,22,208,00,00,28,+23,+37.85547,-109.83671,01.1,07,040,3,2022-07-27
040147,22,208,02,00,12,+23,+37.85524,-109.83666,01.2,07,040,3,2022-07-27
040147,22,208,04,00,18,+22,+37.85533,-109.83669,00.8,10,038,3,2022-07-27
040147,22,208,10,00,64,+28,+37.85763,-109.83187,01.0,09,049,3,2022-07-27
040147,22,208,12,00,24,+27,+37.85840,-109.83238,00.8,10,038,3,2022-07-27
040147,22,208,14,00,88,+31,+37.86051,-109.83834,00.9,08,038,3,2022-07-27
040147,22,208,22,00,18,+28,+37.85551,-109.83843,01.2,06,044,3,2022-07-27
040147,22,209,02,00,34,+24,+37.85587,-109.83872,01.1,07,038,3,2022-07-28
040147,22,209,04,00,08,+27,+37.85579,-109.83850,00.8,10,038,3,2022-07-28
040147,22,209,06,00,48,+20,+37.84992,-109.84360,01.0,07,038,3,2022-07-28
040147,22,209,08,00,96,+24,+37.84683,-109.84669,00.8,11,038,3,2022-07-28
040147,22,209,12,00,88,+24,+37.86003,-109.78207,00.8,10,038,3,2022-07-28
040147,22,209,14,00,76,+23,+37.85614,-109.77909,01.1,07,038,3,2022-07-28
040147,22,209,16,00,88,+35,+37.85523,-109.78054,01.0,08,039,3,2022-07-28
040147,22,209,20,00,94,+24,+37.85008,-109.77607,01.2,07,038,3,2022-07-28
040147,22,210,00,00,66,+21,+37.84254,-109.77331,01.0,07,038,3,2022-07-29
040147,22,210,02,00,14,+23,+37.84250,-109.77354,01.0,07,039,3,2022-07-29
040147,22,210,04,00,14,+23,+37.84255,-109.77340,01.0,08,038,3,2022-07-29
040147,22,210,12,01,94,+26,+37.84629,-109.77068,02.1,06,051,3,2022-07-29
040147,22,210,14,00,60,+31,+37.84407,-109.76940,01.3,05,039,3,2022-07-29
040147,22,210,16,00,58,+23,+37.84234,-109.76661,01.3,06,040,3,2022-07-29
040147,22,210,18,00,80,+20,+37.83993,-109.77069,01.7,06,038,3,2022-07-29
040147,22,210,22,00,56,+21,+37.84006,-109.77274,01.1,06,038,3,2022-07-29
040147,22,211,00,00,18,+23,+37.84009,-109.77281,01.1,07,039,3,2022-07-30
040147,22,211,02,00,20,+20,+37.84009,-109.77272,00.9,09,038,3,2022-07-30
040147,22,211,04,00,20,+23,+37.84000,-109.77259,01.0,08,038,3,2022-07-30
040147,22,211,08,00,98,+20,+37.84150,-109.77600,00.9,06,038,3,2022-07-30
040147,22,211,10,00,90,+26,+37.84365,-109.77867,01.6,06,038,3,2022-07-30
040147,22,211,12,00,48,+25,+37.84450,-109.77966,00.8,08,038,3,2022-07-30
040147,22,211,14,00,86,+28,+37.84550,-109.78066,01.1,06,039,3,2022-07-30
040147,22,211,16,00,80,+23,+37.84489,-109.77909,00.9,09,041,3,2022-07-30
040147,22,211,18,00,74,+21,+37.84830,-109.77795,01.3,07,038,3,2022-07-30
040147,22,211,20,00,92,+20,+37.85409,-109.78361,01.3,07,038,3,2022-07-30
040147,22,212,00,00,14,+25,+37.85353,-109.78340,01.7,06,038,3,2022-07-31
040147,22,212,02,00,26,+24,+37.85366,-109.78314,01.0,08,038,3,2022-07-31
040147,22,212,04,00,44,+24,+37.85268,-109.78264,00.9,09,038,3,2022-07-31
040147,22,212,10,00,58,+28,+37.84550,-109.77453,01.4,06,038,3,2022-07-31
040147,22,212,12,00,46,+24,+37.84768,-109.77359,01.3,07,040,3,2022-07-31
040147,22,212,20,00,82,+23,+37.85380,-109.77581,01.3,07,046,3,2022-07-31
040147,22,212,22,00,28,+25,+37.85261,-109.77560,01.1,06,038,3,2022-07-31
040147,22,213,00,00,18,+22,+37.85271,-109.77558,01.3,07,038,3,2022-08-01
040147,22,213,02,00,14,+23,+37.85269,-109.77565,00.9,09,038,3,2022-08-01
040147,22,213,04,00,10,+24,+37.85269,-109.77581,00.8,09,038,3,2022-08-01
040147,22,213,06,00,46,+20,+37.85011,-109.77452,01.7,06,039,3,2022-08-01
040147,22,213,10,00,68,+34,+37.84566,-109.76757,00.8,10,038,3,2022-08-01
040147,22,213,12,00,26,+32,+37.84566,-109.76795,00.8,09,038,3,2022-08-01
040147,22,213,14,00,96,+34,+37.84744,-109.76667,00.8,08,038,3,2022-08-01
040147,22,213,16,00,70,+34,+37.84779,-109.76516,01.3,07,038,3,2022-08-01
040147,22,213,18,00,94,+29,+37.84645,-109.76345,01.4,07,038,3,2022-08-01
040147,22,214,21,01,80,+26,+37.85030,-109.75097,01.3,06,038,3,2022-08-02
040147,22,214,22,00,30,+27,+37.85145,-109.75105,02.9,04,038,3,2022-08-02
040147,22,215,00,00,14,+27,+37.85109,-109.75111,01.0,08,039,3,2022-08-03
040147,22,215,02,00,16,+29,+37.85055,-109.75159,00.9,09,040,3,2022-08-03
040147,22,215,04,00,08,+28,+37.85068,-109.75132,00.9,08,038,3,2022-08-03
040147,22,215,10,00,54,+31,+37.84952,-109.75538,01.2,08,038,3,2022-08-03
040147,22,215,12,00,34,+34,+37.84898,-109.75347,01.1,08,038,3,2022-08-03
040147,22,215,16,00,68,+36,+37.84662,-109.75102,01.2,07,038,3,2022-08-03
040147,22,215,20,00,98,+25,+37.84426,-109.75228,01.5,06,038,3,2022-08-03
040147,22,215,22,00,58,+26,+37.84373,-109.75122,00.9,07,038,3,2022-08-03
040147,22,216,00,00,14,+26,+37.84377,-109.75120,01.0,08,038,3,2022-08-04
040147,22,216,02,00,60,+23,+37.84431,-109.75247,01.0,08,038,3,2022-08-04
040147,22,216,04,00,12,+23,+37.84440,-109.75256,00.8,10,038,3,2022-08-04
040147,22,216,06,00,50,+22,+37.84521,-109.75115,01.3,08,038,3,2022-08-04
040147,22,216,08,00,94,+29,+37.85283,-109.74724,01.4,08,038,3,2022-08-04
040147,22,216,10,00,92,+32,+37.85679,-109.75088,00.9,09,038,3,2022-08-04
040147,22,216,12,00,12,+37,+37.85662,-109.75086,01.0,09,039,3,2022-08-04
040147,22,216,14,00,66,+37,+37.85501,-109.75265,01.1,06,038,3,2022-08-04
040147,22,216,16,00,70,+40,+37.84927,-109.75205,01.0,06,038,3,2022-08-04
040147,22,216,18,00,96,+31,+37.84920,-109.75525,01.1,06,038,3,2022-08-04
040147,22,216,20,00,98,+27,+37.85159,-109.75582,01.3,06,038,3,2022-08-04
040147,22,216,22,00,28,+27,+37.85161,-109.75556,01.1,07,038,3,2022-08-04
040147,22,217,00,00,54,+25,+37.85122,-109.75552,01.0,08,040,3,2022-08-05
040147,22,217,02,00,14,+25,+37.85126,-109.75521,01.3,07,039,3,2022-08-05
040147,22,217,04,00,14,+25,+37.85123,-109.75532,00.8,09,038,3,2022-08-05
040147,22,217,10,01,64,+29,+37.85538,-109.75369,00.7,11,055,3,2022-08-05
040147,22,217,12,00,48,+33,+37.85532,-109.75542,01.1,09,038,3,2022-08-05
040147,22,217,16,00,78,+35,+37.85796,-109.75182,00.9,08,038,3,2022-08-05
040147,22,217,18,00,76,+33,+37.85702,-109.75273,01.0,08,038,3,2022-08-05
040147,22,217,20,00,88,+25,+37.85815,-109.75238,01.3,07,038,3,2022-08-05
040147,22,217,22,00,30,+26,+37.85532,-109.75323,01.0,06,038,3,2022-08-05
040147,22,218,00,00,14,+26,+37.85559,-109.75360,01.1,07,038,3,2022-08-06
040147,22,218,02,00,20,+26,+37.85569,-109.75299,01.4,08,038,3,2022-08-06
040147,22,218,04,00,16,+25,+37.85552,-109.75338,01.0,08,058,3,2022-08-06
040147,22,218,06,00,48,+23,+37.85479,-109.75157,01.4,08,038,3,2022-08-06
040147,22,218,10,00,82,+33,+37.84760,-109.74989,01.0,08,038,3,2022-08-06
040147,22,218,12,00,20,+34,+37.84757,-109.74987,01.2,08,041,3,2022-08-06
040147,22,218,16,00,98,+34,+37.84605,-109.75185,00.8,09,038,3,2022-08-06
040147,22,218,18,00,60,+33,+37.84873,-109.75082,01.5,06,038,3,2022-08-06
040147,22,218,20,00,98,+24,+37.85116,-109.75498,00.9,07,038,3,2022-08-06
040147,22,218,22,00,46,+26,+37.85217,-109.75597,00.9,07,041,3,2022-08-06
040147,22,219,00,00,12,+26,+37.85193,-109.75611,01.0,08,038,3,2022-08-07
040147,22,219,02,00,82,+23,+37.85272,-109.75589,00.8,10,038,3,2022-08-07
040147,22,219,04,00,32,+23,+37.85194,-109.75574,00.8,09,040,3,2022-08-07
040147,22,219,06,00,52,+20,+37.85136,-109.75453,01.0,08,038,3,2022-08-07
040147,22,219,08,00,94,+28,+37.85061,-109.75346,01.0,08,048,3,2022-08-07
040147,22,219,10,00,20,+42,+37.84950,-109.74788,00.8,10,038,3,2022-08-07
040147,22,219,12,00,60,+37,+37.84557,-109.74872,01.1,08,038,3,2022-08-07
040147,22,219,14,00,56,+37,+37.84675,-109.75067,00.9,07,042,3,2022-08-07
040147,22,219,16,00,94,+36,+37.84499,-109.75120,00.9,08,038,3,2022-08-07
040147,22,219,18,00,76,+37,+37.84923,-109.74918,01.1,07,038,3,2022-08-07
040147,22,219,20,00,98,+25,+37.85548,-109.74859,01.0,06,038,3,2022-08-07
040147,22,219,22,00,64,+27,+37.85578,-109.74739,01.1,07,040,3,2022-08-07
040147,22,220,00,00,56,+24,+37.85583,-109.74632,01.1,07,038,3,2022-08-08
040147,22,220,02,00,34,+25,+37.85492,-109.74671,00.8,10,038,3,2022-08-08
040147,22,220,04,00,16,+25,+37.85503,-109.74672,00.9,08,038,3,2022-08-08
040147,22,220,06,00,54,+22,+37.85460,-109.74436,00.8,09,038,3,2022-08-08
040147,22,220,08,00,72,+33,+37.85789,-109.74054,00.8,10,040,3,2022-08-08
040147,22,220,10,00,14,+39,+37.85798,-109.73966,01.1,09,039,3,2022-08-08
040147,22,220,12,00,70,+34,+37.85652,-109.73869,01.2,06,038,3,2022-08-08
040147,22,220,14,00,50,+33,+37.85564,-109.73572,00.9,08,039,3,2022-08-08
040147,22,220,16,00,42,+31,+37.85437,-109.73972,00.9,08,038,3,2022-08-08
040147,22,220,20,00,92,+24,+37.85254,-109.75374,01.0,06,038,3,2022-08-08
040147,22,220,22,00,48,+26,+37.85190,-109.75401,01.2,06,038,3,2022-08-08
040147,22,221,00,00,34,+25,+37.85175,-109.75355,01.2,06,038,3,2022-08-09
040147,22,221,02,00,74,+25,+37.85114,-109.75536,00.8,10,038,3,2022-08-09
040147,22,221,04,00,16,+25,+37.85117,-109.75525,01.1,07,038,3,2022-08-09
040147,22,221,06,00,56,+22,+37.84893,-109.75653,01.0,09,038,3,2022-08-09
040147,22,221,10,00,26,+35,+37.84656,-109.75374,00.8,10,038,3,2022-08-09
040147,22,221,12,00,60,+38,+37.84609,-109.75125,01.7,08,040,3,2022-08-09
040147,22,221,14,00,92,+37,+37.84613,-109.75174,01.4,07,038,3,2022-08-09
040147,22,221,18,00,98,+32,+37.84440,-109.75302,01.2,06,038,3,2022-08-09
040147,22,221,20,00,90,+25,+37.84563,-109.75565,00.9,07,038,3,2022-08-09
040147,22,222,00,00,72,+26,+37.84666,-109.75556,01.1,07,038,3,2022-08-10
040147,22,222,02,00,18,+26,+37.84660,-109.75556,00.8,10,040,3,2022-08-10
040147,22,222,04,00,18,+27,+37.84656,-109.75552,01.0,08,039,3,2022-08-10
040147,22,222,06,00,50,+24,+37.84857,-109.75701,01.0,09,038,3,2022-08-10
040147,22,222,10,00,60,+33,+37.84844,-109.74882,00.7,12,038,3,2022-08-10
040147,22,222,14,00,90,+37,+37.84779,-109.73033,00.9,08,038,3,2022-08-10
040147,22,222,22,00,30,+26,+37.84137,-109.73308,01.3,06,044,3,2022-08-10
040147,22,223,00,00,66,+24,+37.84078,-109.73173,01.0,07,038,3,2022-08-11
040147,22,223,02,00,26,+26,+37.84082,-109.73213,03.0,05,039,3,2022-08-11
040147,22,223,04,00,16,+25,+37.84093,-109.73206,01.1,07,039,3,2022-08-11
040147,22,223,10,00,96,+33,+37.83470,-109.68208,01.2,09,038,3,2022-08-11
040147,22,223,14,00,58,+37,+37.83182,-109.66931,01.1,06,038,3,2022-08-11
040147,22,223,16,00,84,+38,+37.83047,-109.67028,01.2,07,038,3,2022-08-11
040147,22,223,18,00,60,+32,+37.82829,-109.66889,01.6,06,038,3,2022-08-11
040147,22,223,20,00,92,+26,+37.82738,-109.66828,01.2,06,038,3,2022-08-11
040147,22,223,22,00,18,+28,+37.82743,-109.66852,01.0,06,038,3,2022-08-11
040147,22,224,02,00,52,+25,+37.82776,-109.66946,01.1,08,038,3,2022-08-12
040147,22,224,10,00,22,+30,+37.82566,-109.67218,01.0,07,038,3,2022-08-12
040147,22,224,14,00,78,+38,+37.83114,-109.66997,01.0,07,039,3,2022-08-12
040147,22,224,16,00,54,+36,+37.83222,-109.66991,01.8,06,038,3,2022-08-12
040147,22,225,02,00,18,+23,+37.83166,-109.67033,00.8,10,039,3,2022-08-13
040147,22,225,04,00,18,+23,+37.83220,-109.67007,00.9,07,038,3,2022-08-13
040147,22,225,10,00,66,+31,+37.83682,-109.66268,01.2,06,039,3,2022-08-13
040147,22,225,12,00,44,+37,+37.83584,-109.66461,01.3,09,038,3,2022-08-13
040147,22,225,14,00,96,+35,+37.82790,-109.66926,01.3,07,038,3,2022-08-13
040147,22,225,16,00,58,+37,+37.82974,-109.66865,01.7,06,041,3,2022-08-13
040147,22,225,20,00,72,+28,+37.83115,-109.66984,01.2,06,038,3,2022-08-13
040147,22,226,02,00,10,+26,+37.83044,-109.66909,00.8,10,048,3,2022-08-14
040147,22,226,04,00,16,+25,+37.83035,-109.66893,00.9,09,038,3,2022-08-14
040147,22,226,12,00,44,+35,+37.82917,-109.66949,01.4,08,038,3,2022-08-14
040147,22,226,14,00,90,+34,+37.82943,-109.66819,01.0,07,039,3,2022-08-14
040147,22,226,16,00,88,+35,+37.82863,-109.66885,01.2,06,039,3,2022-08-14
040147,22,226,18,00,90,+26,+37.83183,-109.64912,01.3,05,060,2,2022-08-14
040147,22,226,20,00,90,+25,+37.83447,-109.64731,01.0,06,044,3,2022-08-14
040147,22,226,22,00,20,+27,+37.83539,-109.64806,01.1,06,041,3,2022-08-14
040147,22,227,02,00,70,+24,+37.83529,-109.64826,00.8,10,038,3,2022-08-15
040147,22,227,04,00,12,+25,+37.83527,-109.64786,00.8,10,039,3,2022-08-15
040147,22,227,06,00,42,+23,+37.83363,-109.64613,00.9,08,043,3,2022-08-15
040147,22,227,10,00,56,+28,+37.83213,-109.63552,00.8,09,038,3,2022-08-15
040147,22,227,12,00,18,+32,+37.83249,-109.63613,01.3,09,038,3,2022-08-15
040147,22,227,14,00,80,+24,+37.82759,-109.63665,02.0,06,038,3,2022-08-15
040147,22,227,16,00,64,+25,+37.83638,-109.63772,01.0,07,040,3,2022-08-15
040147,22,228,00,00,18,+24,+37.83235,-109.63672,01.1,07,041,3,2022-08-16
040147,22,228,02,00,64,+22,+37.83013,-109.63852,00.9,09,038,3,2022-08-16
040147,22,228,04,00,20,+25,+37.83034,-109.63827,00.8,09,040,3,2022-08-16
040147,22,228,06,00,50,+22,+37.83103,-109.64008,03.2,06,038,3,2022-08-16
040147,22,228,08,00,38,+26,+37.82923,-109.63741,02.6,05,039,3,2022-08-16
040147,22,228,10,00,08,+30,+37.82924,-109.63733,00.9,10,038,3,2022-08-16
040147,22,228,12,00,74,+29,+37.83544,-109.64102,00.8,09,038,3,2022-08-16
040147,22,228,14,00,48,+25,+37.83224,-109.65225,00.9,09,038,3,2022-08-16
040147,22,228,16,00,74,+29,+37.83110,-109.65233,01.4,07,038,3,2022-08-16
040147,22,229,00,00,24,+24,+37.83434,-109.63821,00.9,08,038,3,2022-08-17
040147,22,229,02,00,78,+22,+37.83487,-109.63879,01.3,07,038,3,2022-08-17
040147,22,229,04,00,18,+22,+37.83484,-109.63879,01.0,07,040,3,2022-08-17
040147,22,229,10,00,20,+40,+37.83433,-109.63691,00.9,08,038,3,2022-08-17
040147,22,229,12,00,50,+25,+37.83353,-109.63692,01.6,07,038,3,2022-08-17
040147,22,229,14,00,54,+36,+37.83411,-109.63858,01.3,07,039,3,2022-08-17
040147,22,229,16,00,78,+32,+37.83286,-109.63973,02.7,06,040,3,2022-08-17
040147,22,229,22,00,22,+28,+37.83344,-109.64073,01.3,06,051,3,2022-08-17
040147,22,230,00,00,26,+25,+37.83368,-109.64044,01.0,07,038,3,2022-08-18
040147,22,230,02,00,20,+25,+37.83389,-109.64043,01.0,08,039,3,2022-08-18
040147,22,230,04,00,18,+24,+37.83363,-109.64044,00.9,08,039,3,2022-08-18
040147,22,230,10,00,48,+30,+37.83534,-109.67587,01.0,09,051,3,2022-08-18
040147,22,230,12,00,28,+26,+37.83683,-109.67667,00.9,09,038,3,2022-08-18
040147,22,230,14,00,96,+23,+37.83265,-109.68841,01.0,08,038,3,2022-08-18
040147,22,230,16,00,72,+36,+37.83150,-109.68988,02.6,06,039,3,2022-08-18
040147,22,230,20,00,86,+25,+37.83057,-109.66893,01.2,06,039,3,2022-08-18
040147,22,230,22,00,20,+25,+37.83066,-109.66912,00.8,07,038,3,2022-08-18
040147,22,231,00,00,24,+26,+37.83082,-109.66928,01.1,07,040,3,2022-08-19
040147,22,231,02,00,14,+25,+37.83089,-109.66896,01.1,08,038,3,2022-08-19
040147,22,231,04,00,18,+24,+37.83066,-109.66885,00.9,08,041,3,2022-08-19
040147,22,231,08,00,92,+25,+37.84240,-109.66018,02.5,05,038,3,2022-08-19
040147,22,231,10,00,36,+24,+37.84246,-109.65961,00.9,09,038,3,2022-08-19
040147,22,231,14,00,90,+28,+37.83256,-109.64979,01.1,06,038,3,2022-08-19
040147,22,231,16,00,78,+28,+37.83147,-109.65048,02.6,06,039,3,2022-08-19
040147,22,231,18,00,98,+26,+37.83496,-109.64733,01.0,07,038,3,2022-08-19
040147,22,231,20,00,86,+25,+37.83416,-109.64754,01.5,06,060,3,2022-08-19
040147,22,231,22,00,18,+25,+37.83566,-109.64794,01.3,06,039,3,2022-08-19
040147,22,232,00,00,18,+25,+37.83548,-109.64805,00.7,10,039,3,2022-08-20
040147,22,232,02,00,14,+24,+37.83554,-109.64852,01.2,06,038,3,2022-08-20
040147,22,232,04,00,20,+25,+37.83544,-109.64782,01.0,07,040,3,2022-08-20
040147,22,232,08,00,98,+25,+37.83229,-109.65128,01.2,08,038,3,2022-08-20
040147,22,232,10,00,24,+31,+37.83253,-109.65179,00.8,11,038,3,2022-08-20
040147,22,232,12,00,64,+30,+37.83334,-109.65168,00.8,09,038,3,2022-08-20
040147,22,232,14,00,86,+25,+37.83164,-109.66957,01.0,08,038,3,2022-08-20
040147,22,232,18,00,98,+27,+37.83093,-109.66070,01.0,07,052,3,2022-08-20
040147,22,233,00,00,14,+25,+37.83557,-109.64809,01.2,07,049,3,2022-08-21
040147,22,233,02,00,10,+25,+37.83527,-109.64833,01.3,06,050,3,2022-08-21
040147,22,233,04,00,10,+25,+37.83520,-109.64811,00.9,08,057,3,2022-08-21
040147,22,233,08,00,98,+23,+37.83589,-109.65111,01.3,07,038,3,2022-08-21
040147,22,233,10,00,50,+29,+37.83485,-109.65067,00.8,09,038,3,2022-08-21
040147,22,234,00,01,16,+23,+37.82751,-109.67247,01.0,08,038,3,2022-08-22
040147,22,234,02,00,12,+24,+37.82728,-109.67304,01.2,06,038,3,2022-08-22
040147,22,234,10,00,20,+30,+37.82019,-109.66953,01.5,08,046,3,2022-08-22
040147,22,234,12,00,26,+33,+37.82173,-109.67037,01.0,07,039,3,2022-08-22
040147,22,234,20,00,74,+25,+37.83298,-109.67050,01.3,06,038,3,2022-08-22
040147,22,235,00,00,14,+25,+37.83264,-109.67037,01.1,07,038,3,2022-08-23
040147,22,235,02,00,60,+24,+37.83168,-109.67205,01.1,08,039,3,2022-08-23
040147,22,235,06,00,36,+21,+37.83365,-109.67232,01.0,07,038,3,2022-08-23
040147,22,235,14,00,80,+43,+37.89584,-109.63774,01.0,06,044,3,2022-08-23
040147,22,235,16,00,66,+35,+37.89432,-109.63781,03.6,04,038,3,2022-08-23
040147,22,235,20,00,92,+26,+37.88901,-109.64531,01.6,04,039,3,2022-08-23
040147,22,236,00,00,16,+29,+37.88928,-109.64580,01.3,07,039,3,2022-08-24
040147,22,236,02,00,12,+28,+37.88964,-109.64607,01.5,07,040,3,2022-08-24
040147,22,236,04,00,16,+27,+37.88940,-109.64605,01.1,06,058,3,2022-08-24
040147,22,236,06,00,52,+25,+37.88990,-109.64286,01.1,06,039,3,2022-08-24
040147,22,236,10,00,42,+33,+37.89403,-109.63562,01.0,08,038,3,2022-08-24
040147,22,236,14,00,86,+32,+37.90905,-109.64042,01.2,06,038,3,2022-08-24
040147,22,236,22,01,26,+30,+37.88926,-109.64539,02.0,05,051,3,2022-08-24
040147,22,237,00,00,20,+28,+37.88916,-109.64548,01.3,06,038,3,2022-08-25
040147,22,237,02,00,14,+29,+37.88914,-109.64546,01.1,08,038,3,2022-08-25
040147,22,237,04,00,18,+28,+37.88914,-109.64548,01.6,06,040,3,2022-08-25
040147,22,237,18,01,86,+27,+37.87076,-109.65293,01.3,05,038,3,2022-08-25
040147,22,238,00,00,20,+25,+37.84055,-109.66539,01.9,06,041,3,2022-08-26
040147,22,238,02,00,36,+23,+37.83146,-109.67039,00.9,09,057,3,2022-08-26
040147,22,238,04,00,12,+24,+37.83156,-109.67025,01.6,06,038,3,2022-08-26
040147,22,238,06,00,36,+23,+37.83033,-109.66886,01.0,08,038,3,2022-08-26
040147,22,238,10,00,86,+26,+37.82949,-109.66745,01.4,08,038,3,2022-08-26
040147,22,238,12,00,18,+23,+37.83061,-109.66707,00.9,08,038,3,2022-08-26
040147,22,238,14,00,96,+23,+37.83213,-109.66018,01.3,06,038,3,2022-08-26
040147,22,238,16,00,70,+23,+37.83354,-109.66162,01.9,07,046,3,2022-08-26
040147,22,238,18,00,96,+23,+37.83487,-109.65954,01.3,07,039,3,2022-08-26
040147,22,238,20,00,80,+23,+37.83539,-109.65779,01.1,06,039,3,2022-08-26
040147,22,239,00,00,22,+24,+37.83533,-109.65769,00.9,09,038,3,2022-08-27
040147,22,239,02,00,52,+20,+37.83501,-109.65721,01.3,07,038,3,2022-08-27
040147,22,239,04,00,16,+22,+37.83507,-109.65714,01.0,07,039,3,2022-08-27
040147,22,239,06,00,34,+19,+37.83687,-109.65527,01.1,07,040,3,2022-08-27
040147,22,239,08,00,86,+20,+37.83419,-109.65962,01.1,08,040,3,2022-08-27
040147,22,239,10,00,92,+30,+37.83040,-109.66993,00.9,09,038,3,2022-08-27
040147,22,239,12,00,24,+29,+37.83069,-109.67161,01.1,06,059,3,2022-08-27
040147,22,239,14,00,78,+29,+37.82224,-109.66753,01.1,06,038,3,2022-08-27
040147,22,239,16,00,72,+30,+37.81789,-109.66724,01.2,08,039,3,2022-08-27
040147,22,239,18,00,88,+25,+37.81756,-109.66839,01.6,06,038,3,2022-08-27
040147,22,239,20,00,66,+25,+37.81980,-109.67221,01.0,06,040,3,2022-08-27
040147,22,239,22,00,24,+25,+37.82089,-109.67018,01.2,06,038,3,2022-08-27
040147,22,240,00,00,14,+25,+37.82094,-109.67037,01.1,08,040,3,2022-08-28
040147,22,240,02,00,14,+25,+37.82124,-109.67066,00.9,09,038,3,2022-08-28
040147,22,240,04,00,16,+25,+37.82083,-109.67057,01.0,07,039,3,2022-08-28
040147,22,240,06,00,28,+23,+37.82035,-109.66804,01.0,08,038,3,2022-08-28
040147,22,240,10,00,30,+33,+37.82356,-109.66659,01.0,08,038,3,2022-08-28
040147,22,240,12,00,70,+29,+37.83349,-109.64998,00.9,07,040,3,2022-08-28
040147,22,240,14,00,80,+30,+37.83330,-109.63771,01.0,06,038,3,2022-08-28
040147,22,240,20,01,88,+23,+37.83105,-109.63733,01.1,06,055,3,2022-08-28
040147,22,240,22,00,22,+23,+37.83145,-109.63726,01.1,07,038,3,2022-08-28
040147,22,241,00,00,20,+22,+37.83096,-109.63774,00.9,09,040,3,2022-08-29
040147,22,241,02,00,24,+23,+37.83094,-109.63761,01.0,09,039,3,2022-08-29
040147,22,241,04,00,12,+20,+37.83124,-109.63806,01.6,06,038,3,2022-08-29
040147,22,241,10,00,18,+30,+37.83211,-109.63980,01.1,08,038,3,2022-08-29
040147,22,241,12,00,64,+35,+37.83576,-109.64470,00.8,09,038,3,2022-08-29
040147,22,241,14,00,82,+37,+37.83302,-109.66947,00.9,07,038,3,2022-08-29
040147,22,241,18,00,96,+30,+37.83659,-109.66670,01.3,06,045,3,2022-08-29
040147,22,241,22,00,14,+25,+37.83808,-109.66327,01.4,06,053,3,2022-08-29
040147,22,242,00,00,80,+21,+37.83662,-109.66556,00.9,08,041,3,2022-08-30
040147,22,242,02,00,16,+23,+37.83763,-109.66566,01.4,06,041,3,2022-08-30
040147,22,242,04,00,12,+23,+37.83671,-109.66555,01.0,07,040,3,2022-08-30
040147,22,242,08,01,98,+25,+37.83958,-109.66595,01.8,06,060,2,2022-08-30
040147,22,242,10,00,50,+31,+37.83701,-109.66694,00.9,08,040,3,2022-08-30
040147,22,242,12,00,18,+33,+37.83646,-109.66716,00.9,07,038,3,2022-08-30
040147,22,242,20,00,86,+24,+37.83071,-109.66640,01.2,05,038,3,2022-08-30
040147,22,243,00,00,34,+21,+37.83264,-109.66698,00.8,09,038,3,2022-08-31
040147,22,243,02,00,54,+23,+37.83371,-109.66661,00.9,08,039,3,2022-08-31
040147,22,243,04,00,12,+25,+37.83379,-109.66702,01.0,08,040,3,2022-08-31
040147,22,243,10,00,22,+32,+37.83902,-109.66240,02.3,06,044,3,2022-08-31
040147,22,243,20,00,92,+25,+37.83172,-109.66938,01.0,06,038,3,2022-08-31
040147,22,244,02,00,62,+23,+37.83236,-109.67111,01.6,07,038,3,2022-09-01
040147,22,244,10,01,84,+34,+37.82809,-109.66678,01.4,06,058,3,2022-09-01
040147,22,245,00,01,16,+23,+37.82857,-109.66876,01.0,07,043,3,2022-09-02
040147,22,245,02,00,74,+21,+37.83000,-109.66810,02.1,06,048,3,2022-09-02
040147,22,245,04,00,10,+22,+37.82947,-109.66831,01.1,07,039,3,2022-09-02
040147,22,245,06,00,22,+19,+37.82899,-109.66915,01.1,08,038,3,2022-09-02
040147,22,245,10,00,86,+34,+37.83044,-109.67049,01.4,07,039,3,2022-09-02
040147,22,245,12,00,46,+39,+37.83119,-109.66926,02.5,05,038,3,2022-09-02
040147,22,245,18,00,92,+31,+37.83031,-109.67045,01.2,05,048,3,2022-09-02
040147,22,245,20,00,90,+26,+37.82859,-109.67222,01.0,06,038,3,2022-09-02
040147,22,246,00,00,54,+25,+37.82740,-109.67514,00.9,08,038,3,2022-09-03
040147,22,246,04,00,46,+25,+37.82728,-109.67939,01.1,06,038,3,2022-09-03
040147,22,246,10,00,18,+35,+37.82723,-109.67918,01.3,07,050,3,2022-09-03
040147,22,246,14,00,80,+37,+37.82809,-109.67155,01.2,06,041,3,2022-09-03
040147,22,246,18,00,98,+30,+37.83047,-109.66761,01.1,06,038,3,2022-09-03
040147,22,246,20,00,94,+25,+37.83275,-109.64878,01.2,06,039,3,2022-09-03
040147,22,246,22,00,98,+25,+37.83442,-109.64782,01.2,07,038,3,2022-09-03
040147,22,247,00,00,34,+25,+37.83224,-109.65038,01.7,06,044,3,2022-09-04
040147,22,247,02,00,16,+25,+37.83229,-109.65034,01.0,07,038,3,2022-09-04
040147,22,247,04,00,12,+25,+37.83215,-109.65054,01.0,07,038,3,2022-09-04
040147,22,247,06,00,32,+23,+37.83246,-109.65054,01.2,08,039,3,2022-09-04
040147,22,247,08,00,96,+24,+37.83433,-109.64773,00.9,08,039,3,2022-09-04
040147,22,247,10,00,48,+30,+37.83358,-109.64859,01.1,08,039,3,2022-09-04
040147,22,247,12,00,12,+37,+37.83327,-109.64939,01.1,06,039,3,2022-09-04
040147,22,247,20,00,92,+23,+37.83190,-109.69303,01.0,06,038,3,2022-09-04
040147,22,248,00,00,14,+25,+37.83196,-109.69245,02.6,06,038,3,2022-09-05
040147,22,248,02,00,68,+23,+37.83194,-109.69338,01.0,08,040,3,2022-09-05
040147,22,248,04,00,12,+23,+37.83203,-109.69322,01.2,06,038,3,2022-09-05
040147,22,248,06,00,32,+21,+37.83195,-109.69212,01.5,06,038,3,2022-09-05
040147,22,248,12,00,44,+36,+37.83302,-109.68720,01.7,06,038,3,2022-09-05
040147,22,248,20,00,92,+25,+37.83180,-109.68490,01.0,06,038,3,2022-09-05
040147,22,248,22,00,44,+26,+37.83265,-109.68513,01.2,06,038,3,2022-09-05
040147,22,249,02,00,94,+22,+37.83253,-109.68580,01.0,08,038,3,2022-09-06
040147,22,249,08,00,96,+24,+37.82863,-109.68494,01.3,07,038,3,2022-09-06
040147,22,249,20,01,78,+27,+37.82825,-109.66926,25.5,59,060,3,2022-09-06
040147,22,249,22,00,18,+27,+37.82754,-109.66986,01.5,04,040,3,2022-09-06
040147,22,250,00,00,16,+25,+37.82776,-109.66957,02.2,05,045,3,2022-09-07
040147,22,250,02,00,52,+25,+37.82713,-109.67083,02.2,05,038,3,2022-09-07
040147,22,250,10,00,98,+34,+37.83020,-109.66934,01.0,09,038,3,2022-09-07
040147,22,250,12,00,76,+37,+37.82981,-109.66865,01.0,07,040,3,2022-09-07
040147,22,250,14,00,40,+38,+37.82943,-109.66857,01.4,06,038,3,2022-09-07
040147,22,250,22,00,24,+25,+37.83372,-109.64839,01.3,06,038,3,2022-09-07
040147,22,251,02,00,30,+24,+37.83539,-109.64859,01.1,06,054,3,2022-09-08
040147,22,251,04,00,16,+24,+37.83534,-109.64794,01.5,06,038,3,2022-09-08
040147,22,251,06,00,18,+23,+37.83523,-109.64829,01.0,08,039,3,2022-09-08
040147,22,251,08,00,94,+29,+37.84068,-109.64884,00.9,09,038,3,2022-09-08
040147,22,251,10,00,36,+32,+37.84138,-109.64880,01.2,07,038,3,2022-09-08
040147,22,251,12,00,10,+37,+37.84151,-109.64866,01.1,06,038,3,2022-09-08
040147,22,251,14,00,66,+34,+37.83131,-109.66145,01.6,06,038,3,2022-09-08
040147,22,252,00,00,14,+26,+37.83969,-109.67400,00.9,08,039,3,2022-09-09
040147,22,252,02,00,54,+25,+37.83953,-109.67254,00.9,08,038,3,2022-09-09
040147,22,252,04,00,16,+25,+37.83934,-109.67259,01.1,08,038,3,2022-09-09
040147,22,252,08,00,88,+27,+37.84278,-109.66667,00.9,10,038,3,2022-09-09
040147,22,252,10,00,80,+33,+37.84218,-109.66854,01.7,06,038,3,2022-09-09
040147,22,252,12,00,12,+35,+37.84238,-109.66713,01.1,06,038,3,2022-09-09
040147,22,252,20,00,86,+25,+37.84276,-109.66744,01.1,06,045,3,2022-09-09
040147,22,252,22,00,14,+26,+37.84283,-109.66747,01.1,07,038,3,2022-09-09
040147,22,253,00,00,80,+23,+37.84176,-109.66732,00.8,10,038,3,2022-09-10
040147,22,253,02,00,20,+26,+37.84257,-109.66831,00.8,09,038,3,2022-09-10
040147,22,253,04,00,14,+26,+37.84263,-109.66829,00.9,09,038,3,2022-09-10
040147,22,253,08,00,96,+25,+37.84317,-109.66660,01.0,08,038,3,2022-09-10
040147,22,253,10,00,94,+32,+37.83316,-109.66814,01.7,06,038,3,2022-09-10
040147,22,253,12,00,32,+31,+37.83189,-109.66893,01.1,06,038,3,2022-09-10
040147,22,253,18,00,96,+28,+37.82820,-109.68309,01.2,05,047,3,2022-09-10
040147,22,254,00,00,74,+19,+37.82944,-109.68510,01.0,09,038,3,2022-09-11
040147,22,254,02,00,74,+21,+37.83264,-109.68567,00.9,08,039,3,2022-09-11
040147,22,254,04,00,10,+22,+37.83274,-109.68585,01.1,06,040,3,2022-09-11
040147,22,254,06,00,24,+19,+37.83269,-109.68599,01.7,06,040,3,2022-09-11
040147,22,254,08,00,56,+28,+37.83260,-109.68532,00.9,09,042,3,2022-09-11
040147,22,254,10,00,96,+29,+37.83246,-109.68846,01.4,07,038,3,2022-09-11
040147,22,254,14,00,10,+35,+37.82998,-109.69539,01.2,07,039,3,2022-09-11
040147,22,254,18,00,86,+27,+37.82767,-109.68780,01.0,06,040,3,2022-09-11
040147,22,255,00,00,62,+19,+37.83265,-109.68521,01.2,08,038,3,2022-09-12
040147,22,255,02,00,96,+22,+37.83538,-109.69124,00.9,08,039,3,2022-09-12
040147,22,255,04,00,48,+22,+37.83539,-109.69139,01.0,08,039,3,2022-09-12
040147,22,255,06,00,14,+24,+37.83525,-109.69122,01.7,06,039,3,2022-09-12
040147,22,255,08,00,98,+25,+37.83517,-109.68945,00.9,08,038,3,2022-09-12
040147,22,255,10,00,76,+31,+37.83545,-109.68894,01.0,08,058,3,2022-09-12
040147,22,255,12,00,28,+34,+37.83434,-109.68368,01.2,06,040,3,2022-09-12
040147,22,255,20,00,56,+25,+37.83950,-109.69700,01.4,06,039,3,2022-09-12
040147,22,255,22,00,16,+26,+37.83771,-109.69727,01.0,08,040,3,2022-09-12
040147,22,256,00,00,72,+23,+37.83848,-109.69589,00.9,09,038,3,2022-09-13
040147,22,256,02,00,56,+23,+37.83893,-109.69631,00.8,10,042,3,2022-09-13
040147,22,256,04,00,16,+23,+37.83873,-109.69608,01.0,08,039,3,2022-09-13
040147,22,256,06,00,20,+20,+37.83892,-109.69667,01.1,08,038,3,2022-09-13
040147,22,256,10,00,88,+21,+37.83999,-109.69490,01.0,08,039,3,2022-09-13
040147,22,256,12,00,24,+25,+37.83992,-109.69503,01.1,06,038,3,2022-09-13
040147,22,256,18,00,92,+23,+37.84458,-109.67761,01.0,06,038,3,2022-09-13
040147,22,256,22,00,52,+21,+37.84517,-109.67569,00.9,08,038,3,2022-09-13
040147,22,257,00,00,16,+20,+37.84539,-109.67613,01.2,07,038,3,2022-09-14
040147,22,257,02,00,22,+22,+37.84545,-109.67601,01.0,08,038,3,2022-09-14
040147,22,257,10,01,50,+24,+37.84854,-109.67555,01.1,07,051,3,2022-09-14
040147,22,257,12,00,44,+19,+37.84878,-109.67507,01.1,06,038,3,2022-09-14
040147,22,257,14,00,90,+22,+37.85025,-109.67369,01.7,05,038,3,2022-09-14
040147,22,257,18,00,92,+23,+37.85163,-109.67342,01.6,06,038,3,2022-09-14
040147,22,257,20,00,50,+23,+37.85174,-109.67287,00.8,08,040,3,2022-09-14
040147,22,257,22,00,14,+30,+37.85193,-109.67274,01.4,06,039,3,2022-09-14
040147,22,258,00,00,66,+19,+37.85109,-109.67249,01.1,08,039,3,2022-09-15
040147,22,258,02,00,50,+21,+37.85216,-109.67266,00.8,10,038,3,2022-09-15
040147,22,258,06,00,18,+20,+37.85243,-109.67216,01.4,07,038,3,2022-09-15
040147,22,258,08,00,94,+19,+37.85275,-109.67066,00.9,10,038,3,2022-09-15
040147,22,258,12,00,26,+27,+37.85297,-109.67144,01.1,06,038,3,2022-09-15
040147,22,258,16,00,50,+27,+37.85362,-109.67251,01.0,07,038,3,2022-09-15
040147,22,258,18,00,92,+24,+37.84258,-109.67327,01.2,06,038,3,2022-09-15
040147,22,258,22,00,26,+19,+37.83777,-109.68132,01.1,07,038,3,2022-09-15
040147,22,259,00,00,48,+17,+37.83890,-109.67966,01.3,07,038,3,2022-09-16
040147,22,259,04,00,44,+20,+37.83823,-109.68173,01.7,05,038,3,2022-09-16
040147,22,259,08,00,88,+21,+37.85208,-109.65988,01.2,06,038,3,2022-09-16
040147,22,259,10,00,54,+26,+37.85436,-109.65824,00.8,10,040,3,2022-09-16
040147,22,259,12,00,06,+30,+37.85433,-109.65814,01.2,06,039,3,2022-09-16
040147,22,259,16,00,34,+30,+37.85427,-109.65708,01.5,06,038,3,2022-09-16
040147,22,259,18,01,88,+24,+37.85534,-109.65765,01.5,06,060,2,2022-09-16
040147,22,259,20,00,62,+24,+37.85275,-109.65908,00.9,08,042,3,2022-09-16
040147,22,259,22,00,14,+23,+37.85272,-109.65923,00.7,10,038,3,2022-09-16
040147,22,260,00,00,50,+21,+37.85301,-109.65912,01.1,08,038,3,2022-09-17
040147,22,260,02,00,52,+18,+37.85401,-109.65648,00.8,10,038,3,2022-09-17
040147,22,260,04,00,50,+22,+37.85415,-109.65605,00.9,07,042,3,2022-09-17
040147,22,260,06,00,18,+19,+37.85420,-109.65592,01.0,09,040,3,2022-09-17
040147,22,260,08,00,86,+23,+37.84168,-109.66871,00.8,10,038,3,2022-09-17
040147,22,260,12,00,66,+32,+37.84277,-109.66635,01.0,06,038,3,2022-09-17
040147,22,260,16,00,86,+25,+37.83413,-109.68372,01.1,07,038,3,2022-09-17
040147,22,260,18,00,68,+24,+37.83736,-109.67991,01.3,06,060,3,2022-09-17
040147,22,260,20,00,76,+24,+37.84014,-109.67594,01.0,07,038,3,2022-09-17
040147,22,260,22,00,14,+23,+37.83971,-109.67581,00.8,09,040,3,2022-09-17
040147,22,261,00,00,12,+23,+37.83987,-109.67568,01.1,08,038,3,2022-09-18
040147,22,261,02,00,74,+19,+37.83977,-109.67418,00.8,09,038,3,2022-09-18
040147,22,261,04,00,68,+20,+37.83990,-109.67544,00.9,08,038,3,2022-09-18
040147,22,261,06,00,12,+20,+37.84016,-109.67559,01.1,08,037,3,2022-09-18
040147,22,261,08,00,94,+20,+37.83993,-109.67095,00.8,11,038,3,2022-09-18
040147,22,261,10,00,88,+26,+37.84320,-109.66688,00.8,08,038,3,2022-09-18
040147,22,261,12,00,78,+30,+37.84323,-109.66671,01.1,06,038,3,2022-09-18
040147,22,261,14,00,12,+31,+37.84362,-109.66728,01.3,07,041,3,2022-09-18
040147,22,261,16,00,96,+30,+37.84328,-109.66812,01.0,07,038,3,2022-09-18
040147,22,261,18,00,88,+26,+37.84025,-109.66896,01.3,06,038,3,2022-09-18
040147,22,261,20,00,62,+25,+37.84063,-109.67048,01.8,06,041,3,2022-09-18
040147,22,261,22,00,26,+24,+37.84304,-109.66688,00.9,08,039,3,2022-09-18
040147,22,262,00,00,30,+24,+37.84336,-109.66692,00.9,09,038,3,2022-09-19
040147,22,262,02,00,96,+21,+37.84338,-109.66680,01.2,07,040,3,2022-09-19
040147,22,262,04,00,14,+23,+37.84330,-109.66687,00.9,09,039,3,2022-09-19
040147,22,262,06,00,32,+20,+37.84310,-109.66621,01.3,07,038,3,2022-09-19
040147,22,262,08,00,92,+24,+37.84402,-109.66486,01.0,07,038,3,2022-09-19
040147,22,262,10,00,38,+29,+37.84494,-109.66533,01.0,07,039,3,2022-09-19
040147,22,262,12,00,08,+31,+37.84526,-109.66526,01.2,07,038,3,2022-09-19
040147,22,262,16,00,94,+30,+37.83234,-109.68525,01.0,07,038,3,2022-09-19
040147,22,262,22,00,26,+24,+37.83225,-109.69366,00.9,09,049,3,2022-09-19
040147,22,263,06,00,20,+21,+37.83221,-109.69342,01.5,07,045,3,2022-09-20
040147,22,263,08,00,58,+23,+37.83329,-109.69494,01.2,06,039,3,2022-09-20
040147,22,263,10,00,68,+20,+37.84157,-109.69618,00.9,08,038,3,2022-09-20
040147,22,263,12,00,70,+25,+37.84681,-109.69039,01.1,06,037,3,2022-09-20
040147,22,263,18,00,96,+22,+37.84542,-109.69081,01.5,05,038,3,2022-09-20
040147,22,263,22,00,18,+23,+37.84542,-109.69100,00.9,08,038,3,2022-09-20
040147,22,264,00,00,18,+25,+37.84526,-109.69104,01.1,08,040,3,2022-09-21
040147,22,264,02,00,44,+21,+37.84562,-109.69135,01.0,08,039,3,2022-09-21
040147,22,264,04,00,40,+23,+37.84521,-109.69110,00.8,10,038,3,2022-09-21
040147,22,264,06,00,20,+24,+37.84559,-109.69105,01.2,08,039,3,2022-09-21
040147,22,264,08,00,90,+20,+37.84576,-109.68894,01.0,08,039,3,2022-09-21
040147,22,264,10,00,96,+20,+37.85318,-109.68193,00.9,08,038,3,2022-09-21
040147,22,264,12,00,68,+25,+37.85172,-109.68006,01.1,06,038,3,2022-09-21
040147,22,264,14,00,28,+23,+37.85146,-109.67984,01.4,06,038,3,2022-09-21
040147,22,264,16,00,72,+23,+37.85580,-109.67914,01.0,06,039,3,2022-09-21
040147,22,264,18,00,98,+20,+37.85366,-109.67953,01.3,06,038,3,2022-09-21
040147,22,264,22,00,22,+20,+37.85577,-109.67848,01.2,07,038,3,2022-09-21
040147,22,265,04,00,52,+21,+37.85564,-109.67861,00.8,10,038,3,2022-09-22
040147,22,265,08,00,94,+20,+37.85602,-109.68200,00.9,08,038,3,2022-09-22
040147,22,265,10,00,92,+23,+37.85818,-109.68019,00.9,07,060,2,2022-09-22
040147,22,265,12,00,32,+26,+37.85654,-109.67966,01.7,06,038,3,2022-09-22
040147,22,265,14,00,58,+27,+37.86077,-109.68092,01.6,06,038,3,2022-09-22
040147,22,268,22,24,54,+14,+37.85931,-109.72988,01.0,07,038,3,2022-09-25
040147,22,269,00,00,36,+17,+37.86059,-109.72902,01.4,06,042,3,2022-09-26
040147,22,269,02,00,16,+16,+37.86014,-109.72925,02.0,05,040,3,2022-09-26
040147,22,269,04,00,12,+17,+37.86014,-109.72931,01.3,06,038,3,2022-09-26
040147,22,269,08,00,96,+25,+37.86460,-109.72313,00.9,08,038,3,2022-09-26
040147,22,269,10,00,92,+30,+37.86603,-109.72114,00.9,06,055,3,2022-09-26
040147,22,269,12,00,28,+31,+37.86626,-109.72115,01.0,06,038,3,2022-09-26
040147,22,269,14,00,44,+37,+37.86062,-109.72733,01.9,07,050,3,2022-09-26
040147,22,269,16,00,96,+34,+37.85546,-109.73280,01.3,06,050,3,2022-09-26
040147,22,269,20,00,96,+19,+37.86684,-109.70304,01.0,07,038,3,2022-09-26
040147,22,269,22,00,74,+18,+37.86566,-109.70285,01.0,08,038,3,2022-09-26
040147,22,270,00,00,70,+17,+37.86509,-109.70354,00.8,09,038,3,2022-09-27
040147,22,270,02,00,44,+20,+37.86364,-109.70325,01.0,07,040,3,2022-09-27
040147,22,270,04,00,22,+21,+37.86359,-109.70325,00.9,09,038,3,2022-09-27
040147,22,270,06,00,38,+16,+37.86316,-109.70310,01.3,07,038,3,2022-09-27
040147,22,270,08,00,78,+24,+37.86355,-109.70265,01.6,07,040,3,2022-09-27
040147,22,270,12,00,66,+30,+37.86894,-109.70190,01.0,06,038,3,2022-09-27
040147,22,270,16,00,78,+32,+37.86644,-109.70041,01.3,06,038,3,2022-09-27
040147,22,271,00,00,58,+18,+37.86743,-109.70104,00.9,09,038,3,2022-09-28
040147,22,271,02,00,16,+24,+37.86753,-109.70110,01.0,07,038,3,2022-09-28
040147,22,271,04,00,18,+20,+37.86747,-109.70104,00.9,09,040,3,2022-09-28
040147,22,271,06,00,46,+21,+37.86673,-109.70186,01.3,07,053,3,2022-09-28
040147,22,271,12,00,54,+31,+37.87027,-109.70339,00.9,07,049,3,2022-09-28
040147,22,271,14,00,58,+35,+37.86763,-109.70439,02.1,06,038,3,2022-09-28
040147,22,271,20,00,68,+20,+37.86026,-109.70401,01.1,07,038,3,2022-09-28
040147,22,271,22,00,16,+28,+37.86009,-109.70394,01.0,08,038,3,2022-09-28
040147,22,272,02,00,50,+19,+37.85990,-109.70405,01.1,06,038,3,2022-09-29
040147,22,272,04,00,16,+18,+37.85995,-109.70461,01.0,09,038,3,2022-09-29
040147,22,272,06,00,24,+17,+37.86029,-109.70481,00.9,09,038,3,2022-09-29
040147,22,272,14,01,72,+30,+37.86968,-109.70333,03.0,05,059,3,2022-09-29
040147,22,272,16,00,64,+30,+37.86002,-109.70161,02.0,04,038,3,2022-09-29
040147,22,272,18,00,98,+25,+37.86278,-109.70354,01.6,06,038,3,2022-09-29
040147,22,272,20,00,60,+22,+37.86205,-109.70269,01.1,07,039,3,2022-09-29
040147,22,272,22,00,24,+23,+37.86190,-109.70252,01.0,08,038,3,2022-09-29
040147,22,273,00,00,82,+17,+37.86198,-109.70278,00.7,11,039,3,2022-09-30
040147,22,273,02,00,14,+19,+37.86196,-109.70259,01.0,07,038,3,2022-09-30
040147,22,273,04,00,16,+20,+37.86191,-109.70268,00.9,09,038,3,2022-09-30
040147,22,273,06,00,26,+20,+37.86165,-109.70307,00.9,08,038,3,2022-09-30
040147,22,273,10,00,72,+28,+37.86596,-109.70278,01.0,06,053,3,2022-09-30
040147,22,273,14,00,76,+25,+37.87090,-109.70411,01.2,05,038,3,2022-09-30
040147,22,273,18,00,78,+16,+37.86437,-109.70304,01.1,06,038,3,2022-09-30
040147,22,273,20,00,70,+15,+37.86233,-109.70340,01.2,06,040,3,2022-09-30
040147,22,273,22,00,14,+19,+37.86233,-109.70337,00.9,09,038,3,2022-09-30
040147,22,274,00,00,20,+18,+37.86213,-109.70337,00.8,10,038,3,2022-10-01
040147,22,274,02,00,96,+16,+37.86017,-109.70268,01.2,06,038,3,2022-10-01
040147,22,274,04,00,38,+20,+37.86242,-109.70314,00.9,09,038,3,2022-10-01
040147,22,274,12,00,42,+29,+37.86039,-109.70186,00.9,07,044,3,2022-10-01
040147,22,274,14,00,90,+29,+37.85968,-109.70289,03.1,05,038,3,2022-10-01
040147,22,274,20,00,40,+24,+37.85997,-109.70331,01.2,07,038,3,2022-10-01
040147,22,274,22,00,34,+21,+37.85976,-109.70394,01.6,08,038,3,2022-10-01
040147,22,275,00,00,54,+20,+37.86029,-109.70352,01.0,07,039,3,2022-10-02
040147,22,275,02,00,80,+19,+37.86128,-109.70333,01.2,06,038,3,2022-10-02
040147,22,275,04,00,16,+19,+37.86066,-109.70354,01.2,07,039,3,2022-10-02
040147,22,275,06,00,12,+19,+37.86067,-109.70352,01.1,09,038,3,2022-10-02
040147,22,275,10,00,84,+20,+37.86569,-109.70371,00.9,06,038,3,2022-10-02
040147,22,275,12,00,32,+25,+37.86626,-109.70337,01.2,06,038,3,2022-10-02
040147,22,275,14,00,80,+26,+37.86644,-109.70400,02.1,05,039,3,2022-10-02
040147,22,275,16,00,86,+25,+37.86558,-109.70051,01.3,05,038,3,2022-10-02
040147,22,275,20,00,28,+18,+37.86306,-109.70352,01.2,06,038,3,2022-10-02
040147,22,275,22,00,70,+17,+37.86419,-109.70316,00.8,10,038,3,2022-10-02
040147,22,276,02,00,18,+19,+37.86394,-109.70329,00.9,08,038,3,2022-10-03
040147,22,276,04,00,16,+17,+37.86396,-109.70333,00.8,10,038,3,2022-10-03
040147,22,276,06,00,20,+17,+37.86407,-109.70375,00.8,10,039,3,2022-10-03
040147,22,276,08,00,98,+21,+37.86494,-109.70372,01.2,08,038,3,2022-10-03
040147,22,276,10,00,50,+25,+37.86300,-109.70396,01.1,06,038,3,2022-10-03
040147,22,276,12,00,48,+18,+37.85988,-109.70251,01.2,06,038,3,2022-10-03
040147,22,276,16,00,94,+25,+37.85873,-109.70339,01.5,05,038,3,2022-10-03
040147,22,276,20,00,34,+18,+37.86289,-109.70381,01.2,06,038,3,2022-10-03
040147,22,276,22,00,16,+19,+37.86266,-109.70386,00.8,09,039,3,2022-10-03
040147,22,277,00,00,18,+18,+37.86269,-109.70379,00.8,09,038,3,2022-10-04
040147,22,277,02,00,76,+11,+37.86266,-109.70325,01.1,07,040,3,2022-10-04
040147,22,277,04,00,22,+15,+37.86231,-109.70318,01.0,07,038,3,2022-10-04
040147,22,277,06,00,14,+15,+37.86232,-109.70318,01.1,09,038,3,2022-10-04
040147,22,277,10,00,60,+36,+37.86440,-109.70299,00.9,07,038,3,2022-10-04
040147,22,277,12,00,30,+28,+37.86361,-109.70251,01.2,07,038,3,2022-10-04
040147,22,277,18,01,98,+20,+37.87050,-109.70240,02.7,03,059,3,2022-10-04
040147,22,277,20,00,54,+17,+37.86129,-109.70018,01.4,05,040,3,2022-10-04
040147,22,278,02,01,92,+12,+37.86119,-109.70017,01.5,05,055,3,2022-10-05
040147,22,278,04,00,20,+11,+37.86116,-109.70024,01.5,05,038,3,2022-10-05
040147,22,278,06,00,18,+13,+37.86119,-109.70021,01.3,06,039,3,2022-10-05
040147,22,278,08,00,70,+10,+37.86326,-109.70085,01.6,08,038,3,2022-10-05
040147,22,278,10,00,78,+26,+37.86364,-109.70218,01.5,06,038,3,2022-10-05
040147,22,278,12,00,20,+26,+37.86492,-109.70207,00.9,09,038,3,2022-10-05
040147,22,278,14,00,54,+30,+37.87109,-109.70359,00.9,08,039,3,2022-10-05
040147,22,278,16,00,86,+30,+37.87482,-109.70240,00.9,08,038,3,2022-10-05
040147,22,278,18,00,98,+21,+37.87487,-109.70218,00.9,07,038,3,2022-10-05
040147,22,278,20,00,60,+16,+37.87559,-109.70284,01.1,06,038,3,2022-10-05
040147,22,278,22,00,14,+15,+37.87584,-109.70318,00.8,09,038,3,2022-10-05
040147,22,279,00,00,44,+16,+37.87618,-109.70360,00.9,09,038,3,2022-10-06
040147,22,279,04,00,52,+20,+37.87586,-109.70331,01.5,06,038,3,2022-10-06
040147,22,279,06,00,20,+15,+37.87574,-109.70304,00.7,10,038,3,2022-10-06
040147,22,279,08,00,54,+19,+37.87546,-109.70360,01.0,10,039,3,2022-10-06
040147,22,279,10,00,22,+29,+37.87565,-109.70312,00.9,08,040,3,2022-10-06
040147,22,279,12,00,86,+25,+37.87976,-109.70214,00.8,10,039,3,2022-10-06
040147,22,279,14,00,98,+28,+37.93135,-109.66827,02.4,06,038,3,2022-10-06
040147,22,279,16,00,86,+30,+37.94407,-109.63272,01.0,06,038,3,2022-10-06
040147,22,279,20,00,68,+21,+37.94010,-109.63365,01.1,07,038,3,2022-10-06
040147,22,279,22,00,34,+18,+37.93947,-109.63415,00.8,10,038,3,2022-10-06
040147,22,280,00,00,56,+19,+37.93946,-109.63367,00.9,08,038,3,2022-10-07
040147,22,280,02,00,12,+18,+37.93948,-109.63367,01.0,08,039,3,2022-10-07
040147,22,280,04,00,12,+19,+37.93941,-109.63368,00.8,10,038,3,2022-10-07
040147,22,280,06,00,14,+18,+37.93959,-109.63362,00.8,11,038,3,2022-10-07
040147,22,280,08,00,68,+25,+37.94593,-109.63297,01.1,09,038,3,2022-10-07
040147,22,280,10,00,10,+35,+37.94568,-109.63298,00.9,08,039,3,2022-10-07
040147,22,280,12,00,14,+41,+37.94568,-109.63363,01.1,08,038,3,2022-10-07
040147,22,280,14,00,42,+25,+37.94610,-109.63468,00.9,09,040,3,2022-10-07
040147,22,280,16,00,62,+32,+37.94533,-109.63518,01.2,06,038,3,2022-10-07
040147,22,280,20,00,86,+19,+37.93753,-109.64466,01.0,08,038,3,2022-10-07
040147,22,280,22,00,92,+18,+37.93733,-109.64366,00.8,10,040,3,2022-10-07
040147,22,281,00,00,06,+20,+37.93729,-109.64363,00.8,09,038,3,2022-10-08
040147,22,281,02,00,32,+18,+37.93692,-109.64334,00.7,10,038,3,2022-10-08
040147,22,281,04,00,20,+19,+37.93665,-109.64365,01.3,08,041,3,2022-10-08
040147,22,281,06,00,10,+19,+37.93691,-109.64393,01.1,08,038,3,2022-10-08
040147,22,281,08,00,64,+28,+37.94126,-109.63936,00.9,10,040,3,2022-10-08
040147,22,281,10,00,10,+33,+37.94134,-109.63980,00.8,09,039,3,2022-10-08
040147,22,281,12,00,08,+29,+37.94153,-109.63978,00.8,10,038,3,2022-10-08
040147,22,281,14,00,94,+30,+37.93394,-109.66361,01.0,08,038,3,2022-10-08
040147,22,281,16,00,94,+29,+37.92835,-109.68122,00.9,08,038,3,2022-10-08
040147,22,281,18,00,88,+22,+37.91883,-109.68899,00.9,07,039,3,2022-10-08
040147,22,281,20,00,90,+19,+37.91969,-109.68800,01.2,06,038,3,2022-10-08
040147,22,281,22,00,32,+20,+37.91902,-109.68935,01.3,08,040,3,2022-10-08
040147,22,282,00,00,26,+18,+37.91854,-109.68883,00.8,10,038,3,2022-10-09
040147,22,282,04,00,24,+19,+37.90950,-109.69086,01.2,07,038,3,2022-10-09
040147,22,282,06,00,12,+18,+37.90953,-109.69080,00.8,10,038,3,2022-10-09
040147,22,282,08,00,76,+19,+37.91091,-109.69160,01.1,08,038,3,2022-10-09
040147,22,282,10,00,26,+27,+37.91094,-109.69152,00.8,09,038,3,2022-10-09
040147,22,282,12,00,08,+25,+37.91252,-109.69181,00.9,08,038,3,2022-10-09
040147,22,282,20,01,88,+14,+37.86190,-109.70298,01.0,07,057,3,2022-10-09
040147,22,282,22,00,76,+13,+37.85999,-109.70127,01.6,06,038,3,2022-10-09
040147,22,283,00,00,86,+12,+37.86009,-109.70186,01.0,07,038,3,2022-10-10
040147,22,283,02,00,44,+13,+37.86034,-109.70139,01.1,07,039,3,2022-10-10
040147,22,283,04,00,48,+13,+37.86100,-109.69858,01.0,08,039,3,2022-10-10
040147,22,283,06,00,40,+15,+37.86121,-109.69820,00.9,08,038,3,2022-10-10
040147,22,283,10,00,76,+33,+37.86636,-109.70005,00.9,08,038,3,2022-10-10
040147,22,283,12,00,06,+30,+37.86632,-109.69999,01.3,07,038,3,2022-10-10
040147,22,283,14,00,54,+27,+37.86507,-109.70358,00.9,08,038,3,2022-10-10
040147,22,283,16,00,96,+26,+37.86285,-109.70471,01.3,06,038,3,2022-10-10
040147,22,283,18,00,92,+17,+37.85954,-109.70001,01.0,08,058,3,2022-10-10
040147,22,283,22,00,32,+16,+37.85953,-109.70129,02.1,06,038,3,2022-10-10
040147,22,284,02,00,32,+21,+37.86084,-109.70158,00.8,09,047,3,2022-10-11
040147,22,284,04,00,08,+21,+37.86083,-109.70153,01.1,07,038,3,2022-10-11
040147,22,284,06,00,24,+13,+37.86127,-109.70133,00.9,08,039,3,2022-10-11
040147,22,284,08,00,96,+15,+37.87152,-109.70322,01.3,09,038,3,2022-10-11
040147,22,284,12,00,82,+33,+37.94170,-109.64008,01.0,08,039,3,2022-10-11
040147,22,284,14,00,82,+36,+37.96610,-109.62314,01.1,07,038,3,2022-10-11
040147,22,284,16,00,44,+33,+37.96753,-109.62249,00.9,08,039,3,2022-10-11
040147,22,284,18,00,90,+24,+37.96842,-109.61779,01.1,06,041,3,2022-10-11
040147,22,284,20,00,38,+23,+37.96846,-109.61729,01.2,06,039,3,2022-10-11
040147,22,284,22,00,08,+21,+37.96842,-109.61727,00.9,10,040,3,2022-10-11
040147,22,285,00,00,86,+16,+37.96871,-109.61685,00.9,08,038,3,2022-10-12
040147,22,285,02,00,08,+19,+37.96883,-109.61685,01.0,08,038,3,2022-10-12
040147,22,285,04,00,08,+18,+37.96871,-109.61685,01.5,06,038,3,2022-10-12
040147,22,285,08,00,94,+17,+37.96922,-109.61841,01.0,09,038,3,2022-10-12
040147,22,285,10,00,14,+33,+37.96946,-109.61824,00.9,09,039,3,2022-10-12
040147,22,285,12,00,26,+35,+37.96930,-109.61818,01.0,08,038,3,2022-10-12
040147,22,285,16,00,90,+32,+37.98349,-109.60865,01.0,07,038,3,2022-10-12
040147,22,285,22,00,10,+18,+37.98405,-109.60794,00.9,09,039,3,2022-10-12
040147,22,286,00,00,68,+15,+37.98429,-109.60835,00.8,09,039,3,2022-10-13
040147,22,286,02,00,28,+16,+37.98393,-109.60788,01.0,08,040,3,2022-10-13
040147,22,286,04,00,12,+16,+37.98395,-109.60788,01.1,08,038,3,2022-10-13
040147,22,286,06,00,20,+14,+37.98384,-109.60766,00.9,09,038,3,2022-10-13
040147,22,286,08,00,84,+14,+37.99712,-109.59651,00.9,08,039,3,2022-10-13
040147,22,286,10,00,96,+30,+38.03508,-109.58868,01.1,07,038,3,2022-10-13
040147,22,286,14,00,08,+35,+38.05424,-109.58303,01.0,08,038,3,2022-10-13
040147,22,286,16,00,84,+32,+38.07807,-109.57218,01.3,06,038,3,2022-10-13
040147,22,286,20,00,74,+20,+38.07416,-109.56455,00.8,10,038,3,2022-10-13
040147,22,286,22,00,62,+18,+38.07364,-109.56497,01.2,09,038,3,2022-10-13
040147,22,287,00,00,68,+16,+38.07396,-109.56507,01.0,07,038,3,2022-10-14
040147,22,287,04,00,64,+15,+38.07386,-109.56661,01.4,08,038,3,2022-10-14
040147,22,287,06,00,10,+16,+38.07394,-109.56653,00.8,10,038,3,2022-10-14
040147,22,287,08,00,88,+21,+38.07418,-109.56316,00.8,11,038,3,2022-10-14
040147,22,287,10,00,72,+34,+38.07460,-109.56449,01.1,06,038,3,2022-10-14
040147,22,287,12,00,50,+40,+38.07473,-109.56443,01.3,08,038,3,2022-10-14
040147,22,287,14,00,36,+32,+38.07612,-109.56518,01.3,06,057,3,2022-10-14
040147,22,287,16,00,66,+32,+38.07420,-109.56360,01.0,08,038,3,2022-10-14
040147,22,287,18,00,78,+21,+38.07433,-109.56335,01.3,06,038,3,2022-10-14
040147,22,287,20,00,34,+23,+38.07396,-109.56375,01.0,08,038,3,2022-10-14
040147,22,288,00,00,78,+14,+38.07399,-109.56414,00.8,09,038,3,2022-10-15
040147,22,288,02,00,66,+16,+38.07429,-109.56372,00.9,08,040,3,2022-10-15
040147,22,288,04,00,10,+16,+38.07416,-109.56375,01.0,09,038,3,2022-10-15
040147,22,288,06,00,10,+17,+38.07429,-109.56378,00.9,09,038,3,2022-10-15
040147,22,288,08,00,56,+25,+38.07422,-109.56213,00.8,10,038,3,2022-10-15
040147,22,288,10,00,40,+37,+38.07390,-109.56339,01.0,07,038,3,2022-10-15
040147,22,288,12,00,56,+34,+38.07440,-109.56298,01.0,08,038,3,2022-10-15
040147,22,288,14,00,62,+33,+38.07554,-109.56472,01.2,06,038,3,2022-10-15
040147,22,288,16,00,66,+35,+38.07448,-109.56354,00.9,09,057,3,2022-10-15
040147,22,288,20,00,30,+24,+38.07454,-109.56505,00.7,11,039,3,2022-10-15
040147,22,288,22,00,18,+19,+38.07457,-109.56503,00.9,09,038,3,2022-10-15
040147,22,289,00,00,10,+19,+38.07457,-109.56507,01.0,08,038,3,2022-10-16
040147,22,289,02,00,38,+14,+38.07359,-109.56388,01.2,08,038,3,2022-10-16
040147,22,289,04,00,66,+14,+38.07460,-109.56330,01.2,08,038,3,2022-10-16
040147,22,289,06,00,24,+14,+38.07454,-109.56321,00.9,09,038,3,2022-10-16
040147,22,289,08,00,82,+16,+38.07340,-109.56381,00.8,10,038,3,2022-10-16
040147,22,289,10,00,16,+28,+38.07353,-109.56439,00.9,09,038,3,2022-10-16
040147,22,289,12,00,42,+30,+38.07380,-109.56504,01.2,08,038,3,2022-10-16
040147,22,289,14,00,62,+33,+38.07410,-109.56335,01.0,08,039,3,2022-10-16
040147,22,289,16,00,62,+26,+38.07429,-109.56391,01.2,06,038,3,2022-10-16
040147,22,289,20,00,30,+21,+38.07406,-109.56333,00.7,10,038,3,2022-10-16
040147,22,289,22,00,20,+19,+38.07406,-109.56459,00.9,09,038,3,2022-10-16
040147,22,290,00,00,14,+16,+38.07410,-109.56413,01.0,07,038,3,2022-10-17
040147,22,290,02,00,88,+14,+38.07368,-109.56411,00.9,08,038,3,2022-10-17
040147,22,290,04,00,48,+19,+38.07381,-109.56413,00.9,10,038,3,2022-10-17
040147,22,290,06,00,14,+14,+38.07384,-109.56428,00.7,11,040,3,2022-10-17
040147,22,290,08,00,54,+22,+38.07413,-109.56478,00.8,10,038,3,2022-10-17
040147,22,290,10,00,16,+42,+38.07409,-109.56444,01.0,08,038,3,2022-10-17
040147,22,290,12,00,70,+30,+38.07579,-109.56539,01.2,08,039,3,2022-10-17
040147,22,290,14,00,86,+34,+38.07415,-109.56444,00.9,09,038,3,2022-10-17
040147,22,290,16,00,56,+30,+38.07427,-109.56369,01.2,06,041,3,2022-10-17
040147,22,290,20,00,44,+20,+38.07491,-109.56396,01.4,07,037,3,2022-10-17
040147,22,290,22,00,16,+18,+38.07497,-109.56406,00.9,09,038,3,2022-10-17
040147,22,291,00,00,48,+14,+38.07446,-109.56372,00.9,09,038,3,2022-10-18
040147,22,291,02,00,10,+16,+38.07444,-109.56372,00.9,09,039,3,2022-10-18
040147,22,291,04,00,52,+15,+38.07447,-109.56368,01.2,08,038,3,2022-10-18
040147,22,291,06,00,08,+16,+38.07448,-109.56365,00.9,09,038,3,2022-10-18
040147,22,291,08,00,62,+23,+38.07317,-109.56379,00.8,10,038,3,2022-10-18
040147,22,291,10,00,64,+30,+38.07449,-109.56432,01.0,07,038,3,2022-10-18
040147,22,291,12,00,40,+29,+38.07340,-109.56466,01.0,09,038,3,2022-10-18
040147,22,291,14,00,64,+32,+38.07361,-109.56348,00.9,08,039,3,2022-10-18
040147,22,291,16,00,40,+33,+38.07470,-109.56400,01.3,06,038,3,2022-10-18
040147,22,291,18,00,86,+20,+38.07412,-109.56329,00.9,08,039,3,2022-10-18
040147,22,291,20,00,22,+21,+38.07443,-109.56314,00.9,08,038,3,2022-10-18
040147,22,291,22,00,30,+16,+38.07382,-109.56373,01.0,08,038,3,2022-10-18
040147,22,292,00,00,58,+15,+38.07420,-109.56368,00.9,09,039,3,2022-10-19
040147,22,292,02,00,18,+13,+38.07411,-109.56368,00.9,09,038,3,2022-10-19
040147,22,292,04,00,08,+13,+38.07418,-109.56368,01.0,09,038,3,2022-10-19
040147,22,292,06,00,20,+11,+38.07413,-109.56367,00.8,10,038,3,2022-10-19
040147,22,292,08,00,50,+22,+38.07312,-109.56446,00.9,09,038,3,2022-10-19
040147,22,292,10,00,52,+33,+38.07413,-109.56486,00.9,08,038,3,2022-10-19
040147,22,292,12,00,58,+31,+38.07319,-109.56423,01.4,07,038,3,2022-10-19
040147,22,292,14,00,80,+36,+38.07371,-109.56501,01.0,07,040,3,2022-10-19
040147,22,292,18,00,82,+20,+38.07453,-109.56285,01.1,07,038,3,2022-10-19
040147,22,292,20,00,38,+21,+38.07575,-109.56485,00.8,09,038,3,2022-10-19
040147,22,292,22,00,26,+18,+38.07389,-109.56394,01.0,08,040,3,2022-10-19
040147,22,293,00,00,28,+15,+38.07402,-109.56398,00.9,09,038,3,2022-10-20
040147,22,293,04,00,18,+16,+38.07399,-109.56508,01.0,09,038,3,2022-10-20
040147,22,293,06,00,12,+14,+38.07389,-109.56497,00.8,10,038,3,2022-10-20
040147,22,293,08,00,74,+24,+38.07459,-109.56386,00.7,10,038,3,2022-10-20
040147,22,293,10,00,16,+40,+38.07389,-109.56434,00.9,09,038,3,2022-10-20
040147,22,293,12,00,62,+31,+38.07511,-109.56566,01.2,09,038,3,2022-10-20
040147,22,293,14,00,42,+36,+38.07420,-109.56493,00.9,09,038,3,2022-10-20
040147,22,293,16,00,78,+32,+38.07424,-109.56423,01.2,07,038,3,2022-10-20
040147,22,293,18,00,76,+21,+38.07437,-109.56455,00.9,09,038,3,2022-10-20
040147,22,293,20,00,26,+20,+38.07479,-109.56478,00.8,10,038,3,2022-10-20
040147,22,293,22,00,18,+18,+38.07460,-109.56471,01.0,08,038,3,2022-10-20
040147,22,294,02,00,38,+16,+38.07413,-109.56425,01.0,07,038,3,2022-10-21
040147,22,294,04,00,06,+16,+38.07420,-109.56424,01.0,09,038,3,2022-10-21
040147,22,294,06,00,16,+15,+38.07394,-109.56429,00.9,09,038,3,2022-10-21
040147,22,294,08,00,80,+20,+38.07503,-109.56306,00.7,10,038,3,2022-10-21
040147,22,294,10,00,26,+40,+38.07477,-109.56358,01.1,06,038,3,2022-10-21
040147,22,294,14,00,64,+33,+38.07386,-109.56396,01.0,08,038,3,2022-10-21
040147,22,294,16,00,42,+32,+38.07411,-109.56372,01.1,06,038,3,2022-10-21
040147,22,294,18,00,76,+24,+38.07277,-109.56524,01.6,06,038,3,2022-10-21
040147,22,294,20,00,62,+24,+38.07344,-109.56610,00.8,09,038,3,2022-10-21
040147,22,294,22,00,42,+23,+38.07377,-109.56654,00.9,09,040,3,2022-10-21
040147,22,295,00,00,12,+21,+38.07383,-109.56645,00.9,08,040,3,2022-10-22
040147,22,295,02,00,80,+20,+38.07350,-109.56619,00.9,08,039,3,2022-10-22
040147,22,295,04,00,10,+20,+38.07357,-109.56611,01.0,09,040,3,2022-10-22
040147,22,295,06,00,20,+20,+38.07420,-109.56268,00.9,09,038,3,2022-10-22
040147,22,295,08,00,84,+24,+38.07411,-109.56293,00.8,09,038,3,2022-10-22
040147,22,295,10,00,80,+28,+38.07344,-109.56382,01.5,07,038,3,2022-10-22
040147,22,295,12,00,22,+34,+38.07358,-109.56406,01.2,09,040,3,2022-10-22
040147,22,295,14,00,50,+31,+38.07357,-109.56462,01.3,07,038,3,2022-10-22
040147,22,295,20,00,76,+25,+38.07578,-109.57070,00.8,09,038,3,2022-10-22
040147,22,295,22,00,48,+23,+38.07530,-109.57086,01.2,08,039,3,2022-10-22
040147,22,296,00,00,46,+18,+38.07580,-109.57080,01.0,07,040,3,2022-10-23
040147,22,296,02,00,48,+18,+38.07564,-109.56949,00.9,09,038,3,2022-10-23
040147,22,296,04,00,12,+13,+38.07583,-109.56939,01.0,09,039,3,2022-10-23
040147,22,296,06,00,16,+12,+38.07642,-109.56982,00.8,10,038,3,2022-10-23
040147,22,296,08,00,88,+10,+38.07476,-109.56427,00.8,09,039,3,2022-10-23
040147,22,296,10,00,16,+18,+38.07341,-109.56554,01.0,08,040,3,2022-10-23
040147,22,296,14,00,62,+15,+38.07393,-109.56539,01.1,06,038,3,2022-10-23
040147,22,296,16,00,94,+10,+38.07465,-109.56301,01.5,06,038,3,2022-10-23
040147,22,296,18,00,84,+10,+38.07367,-109.56596,00.9,08,038,3,2022-10-23
040147,22,296,20,00,32,+10,+38.07431,-109.56687,00.8,09,038,3,2022-10-23
040147,22,296,22,00,30,+10,+38.07448,-109.56719,01.2,08,038,3,2022-10-23
040147,22,297,00,00,14,+10,+38.07447,-109.56719,01.0,07,039,3,2022-10-24
040147,22,297,02,00,10,+08,+38.07443,-109.56714,00.8,10,038,3,2022-10-24
040147,22,297,04,00,12,+08,+38.07449,-109.56710,01.0,09,038,3,2022-10-24
040147,22,297,06,00,08,+07,+38.07448,-109.56711,00.8,09,039,3,2022-10-24
040147,22,297,08,00,60,+14,+38.07373,-109.56360,00.7,11,038,3,2022-10-24
040147,22,297,10,00,54,+13,+38.07720,-109.57042,00.8,10,038,3,2022-10-24
040147,22,297,14,00,72,+23,+38.07520,-109.56379,01.0,08,038,3,2022-10-24
040147,22,297,18,00,82,+12,+38.07608,-109.56607,01.6,07,039,3,2022-10-24
040147,22,297,20,00,24,+12,+38.07485,-109.56341,00.9,08,039,3,2022-10-24
040147,22,297,22,00,08,+12,+38.07483,-109.56339,00.9,09,038,3,2022-10-24
040147,22,298,00,00,26,+09,+38.07399,-109.56237,01.0,07,040,3,2022-10-25
040147,22,298,02,00,18,+12,+38.07406,-109.56249,00.9,09,038,3,2022-10-25
040147,22,298,04,00,14,+12,+38.07411,-109.56241,01.0,09,038,3,2022-10-25
040147,22,298,06,00,08,+10,+38.07411,-109.56249,00.9,10,038,3,2022-10-25
040147,22,298,08,00,56,+18,+38.07344,-109.56429,00.8,10,038,3,2022-10-25
040147,22,298,10,00,46,+23,+38.07319,-109.56375,00.9,09,038,3,2022-10-25
040147,22,298,12,00,62,+23,+38.07363,-109.56455,01.3,07,041,3,2022-10-25
040147,22,298,14,00,60,+24,+38.07369,-109.56394,01.1,08,039,3,2022-10-25
040147,22,298,16,00,48,+19,+38.07359,-109.56264,01.0,07,038,3,2022-10-25
040147,22,298,18,00,66,+17,+38.07405,-109.56246,01.0,08,039,3,2022-10-25
040147,22,298,20,00,58,+14,+38.07412,-109.56230,01.0,08,039,3,2022-10-25
040147,22,298,22,00,24,+17,+38.07403,-109.56234,00.9,09,040,3,2022-10-25
040147,22,299,00,00,06,+19,+38.07407,-109.56230,01.0,07,039,3,2022-10-26
040147,22,299,02,00,30,+15,+38.07402,-109.56230,00.8,10,040,3,2022-10-26
040147,22,299,04,00,12,+13,+38.07402,-109.56234,01.1,08,038,3,2022-10-26
040147,22,299,06,00,08,+13,+38.07392,-109.56222,01.0,09,039,3,2022-10-26
040147,22,299,08,00,60,+16,+38.07353,-109.56470,01.0,09,038,3,2022-10-26
040147,22,299,10,00,10,+25,+38.07354,-109.56472,00.8,08,038,3,2022-10-26
040147,22,299,12,00,56,+23,+38.07403,-109.56459,01.3,07,038,3,2022-10-26
040147,22,299,14,00,32,+26,+38.07420,-109.56440,01.3,06,038,3,2022-10-26
040147,22,299,18,00,82,+17,+38.07447,-109.56457,01.0,08,038,3,2022-10-26
040147,22,299,20,00,14,+18,+38.07382,-109.56421,01.0,08,038,3,2022-10-26
040147,22,299,22,00,14,+16,+38.07426,-109.56428,00.9,09,039,3,2022-10-26
040147,22,300,00,00,26,+10,+38.07416,-109.56306,01.0,07,039,3,2022-10-27
040147,22,300,02,00,28,+12,+38.07421,-109.56249,01.3,08,038,3,2022-10-27
040147,22,300,04,00,10,+10,+38.07423,-109.56249,00.9,09,039,3,2022-10-27
040147,22,300,06,00,08,+11,+38.07426,-109.56251,00.9,10,040,3,2022-10-27
040147,22,300,08,00,68,+09,+38.07368,-109.56208,00.8,11,038,3,2022-10-27
040147,22,300,10,00,44,+12,+38.07372,-109.56444,00.8,09,038,3,2022-10-27
040147,22,300,12,00,82,+19,+38.07368,-109.56442,01.3,07,038,3,2022-10-27
040147,22,300,14,00,58,+18,+38.07393,-109.56465,00.9,08,038,3,2022-10-27
040147,22,300,16,00,84,+18,+38.07346,-109.56306,01.0,08,038,3,2022-10-27
040147,22,300,18,00,68,+12,+38.07363,-109.56208,01.3,07,038,3,2022-10-27
040147,22,300,20,00,36,+14,+38.07402,-109.56227,00.8,09,039,3,2022-10-27
040147,22,300,22,00,16,+14,+38.07428,-109.56249,00.8,10,038,3,2022-10-27
040147,22,301,00,00,06,+12,+38.07421,-109.56241,01.0,07,039,3,2022-10-28
040147,22,301,02,00,40,+07,+38.07454,-109.56280,00.8,10,038,3,2022-10-28
040147,22,301,04,00,12,+06,+38.07455,-109.56287,00.9,10,038,3,2022-10-28
040147,22,301,06,00,08,+06,+38.07453,-109.56284,00.9,10,038,3,2022-10-28
040147,22,301,08,00,64,+15,+38.07344,-109.56362,00.8,10,038,3,2022-10-28
040147,22,301,12,00,86,+24,+38.07360,-109.56436,00.9,09,038,3,2022-10-28
040147,22,301,14,00,42,+25,+38.07429,-109.56461,01.0,08,038,3,2022-10-28
040147,22,301,16,00,72,+23,+38.07447,-109.56421,00.9,07,038,3,2022-10-28
040147,22,301,20,00,46,+13,+38.07423,-109.56453,00.9,08,038,3,2022-10-28
040147,22,301,22,00,12,+10,+38.07402,-109.56455,00.9,08,040,3,2022-10-28
040147,22,302,00,00,12,+10,+38.07407,-109.56451,01.0,07,038,3,2022-10-29
