CollarSerialNumber,Year,Julianday,Hour,Minute,Activity,Temperature,Latitude,Longitude,HDOP,NumSats,FixTime,2D/3D,Date
042177,22,165,00,00,00,+26,+38.07021,-109.56545,00.9,08,038,3,2022-06-14
042177,22,165,02,00,00,+23,+38.07014,-109.56565,00.9,08,038,3,2022-06-14
042177,22,165,04,00,00,+21,+38.06998,-109.56573,01.2,06,038,3,2022-06-14
042177,22,165,06,00,00,+19,+38.07016,-109.56560,01.2,07,040,3,2022-06-14
042177,22,165,08,00,02,+25,+38.07291,-109.56432,00.8,09,038,3,2022-06-14
042177,22,165,10,00,16,+30,+38.07327,-109.56375,00.9,09,038,3,2022-06-14
042177,22,165,14,00,98,+31,+38.07369,-109.56687,00.7,11,038,3,2022-06-14
042177,22,165,16,00,76,+32,+38.07354,-109.56632,00.9,10,038,3,2022-06-14
042177,22,165,20,00,82,+26,+38.07357,-109.56878,00.9,08,038,3,2022-06-14
042177,22,165,22,00,50,+20,+38.07350,-109.56898,00.8,10,038,3,2022-06-14
042177,22,166,00,00,86,+18,+38.07277,-109.56732,00.8,09,038,3,2022-06-15
042177,22,166,02,00,38,+22,+38.07262,-109.56780,00.9,08,041,3,2022-06-15
042177,22,166,04,00,36,+19,+38.07262,-109.56781,01.3,06,038,3,2022-06-15
042177,22,166,06,00,96,+21,+38.05173,-109.58545,01.0,08,038,3,2022-06-15
042177,22,166,12,00,52,+36,+37.97487,-109.61773,01.4,07,050,3,2022-06-15
042177,22,166,14,00,50,+36,+37.97526,-109.61612,00.9,09,038,3,2022-06-15
042177,22,166,16,00,64,+36,+37.97468,-109.61650,01.2,08,039,3,2022-06-15
042177,22,166,18,00,70,+36,+37.97070,-109.61804,00.8,09,038,3,2022-06-15
042177,22,166,20,00,94,+24,+37.96880,-109.61756,00.9,09,038,3,2022-06-15
042177,22,166,22,00,20,+24,+37.96879,-109.61752,00.9,09,038,3,2022-06-15
042177,22,167,00,00,78,+21,+37.96859,-109.61711,01.0,07,040,3,2022-06-16
042177,22,167,02,00,34,+25,+37.96845,-109.61721,01.0,07,040,3,2022-06-16
042177,22,167,04,00,46,+21,+37.96858,-109.61767,01.2,06,041,3,2022-06-16
042177,22,167,06,00,78,+23,+37.94959,-109.63545,01.0,09,038,3,2022-06-16
042177,22,167,08,00,92,+34,+37.93337,-109.66706,00.8,09,038,3,2022-06-16
042177,22,167,10,00,92,+37,+37.90024,-109.69338,01.4,06,043,3,2022-06-16
042177,22,167,14,00,48,+38,+37.87085,-109.70382,00.7,10,038,3,2022-06-16
042177,22,167,16,00,96,+37,+37.87088,-109.70387,00.9,09,038,3,2022-06-16
042177,22,167,20,00,94,+25,+37.87219,-109.70169,01.2,06,038,3,2022-06-16
042177,22,167,22,00,34,+25,+37.87253,-109.70232,00.9,09,039,3,2022-06-16
042177,22,168,00,00,62,+19,+37.87316,-109.70218,01.3,07,038,3,2022-06-17
042177,22,168,02,00,60,+25,+37.87232,-109.70175,00.9,09,040,3,2022-06-17
042177,22,168,04,00,32,+25,+37.87234,-109.70175,00.8,10,038,3,2022-06-17
042177,22,168,06,00,60,+25,+37.87268,-109.70284,01.1,08,038,3,2022-06-17
042177,22,168,08,00,72,+30,+37.87291,-109.70287,00.8,09,038,3,2022-06-17
042177,22,168,12,00,28,+36,+37.87029,-109.70340,01.0,09,038,3,2022-06-17
042177,22,168,14,00,92,+35,+37.86848,-109.70352,00.8,10,038,3,2022-06-17
042177,22,168,16,00,48,+32,+37.87025,-109.70287,00.9,09,038,3,2022-06-17
042177,22,168,18,00,56,+30,+37.86771,-109.70288,01.4,06,038,3,2022-06-17
042177,22,168,22,00,42,+27,+37.86284,-109.70415,00.8,09,038,3,2022-06-17
042177,22,169,00,00,32,+25,+37.86276,-109.70428,01.2,08,038,3,2022-06-18
042177,22,169,02,00,84,+23,+37.86198,-109.70561,00.8,09,040,3,2022-06-18
042177,22,169,06,00,74,+21,+37.86283,-109.70549,01.1,08,038,3,2022-06-18
042177,22,169,08,00,68,+27,+37.86399,-109.70413,00.9,08,038,3,2022-06-18
042177,22,169,10,00,52,+30,+37.87004,-109.70327,01.1,08,040,3,2022-06-18
042177,22,169,14,00,38,+32,+37.86944,-109.70262,00.9,08,038,3,2022-06-18
042177,22,169,16,00,64,+21,+37.87216,-109.70613,01.2,06,038,3,2022-06-18
042177,22,169,18,00,98,+21,+37.87227,-109.70648,03.3,04,051,3,2022-06-18
042177,22,169,22,00,56,+23,+37.86163,-109.70596,01.3,06,038,3,2022-06-18
042177,22,170,00,00,38,+21,+37.86193,-109.70598,01.6,05,038,3,2022-06-19
042177,22,170,02,00,30,+18,+37.86192,-109.70593,01.4,06,039,3,2022-06-19
042177,22,170,04,00,22,+20,+37.86182,-109.70592,01.0,07,040,3,2022-06-19
042177,22,170,06,00,86,+17,+37.86212,-109.70783,01.3,06,038,3,2022-06-19
042177,22,170,08,00,74,+21,+37.86101,-109.70764,00.9,07,040,3,2022-06-19
042177,22,170,10,00,18,+24,+37.86097,-109.70774,01.1,08,038,3,2022-06-19
042177,22,170,12,00,66,+24,+37.87033,-109.70453,01.1,08,038,3,2022-06-19
042177,22,170,14,00,48,+30,+37.87020,-109.70455,00.8,10,038,3,2022-06-19
042177,22,170,16,00,44,+30,+37.87129,-109.70321,00.9,09,038,3,2022-06-19
042177,22,170,18,00,96,+30,+37.87019,-109.70188,01.0,07,038,3,2022-06-19
042177,22,170,22,00,64,+23,+37.86183,-109.70645,01.0,08,038,3,2022-06-19
042177,22,171,02,00,50,+15,+37.86104,-109.70615,01.0,08,039,3,2022-06-20
042177,22,171,04,00,40,+11,+37.86127,-109.70634,01.2,06,038,3,2022-06-20
042177,22,171,06,00,92,+13,+37.86109,-109.70761,01.1,08,038,3,2022-06-20
042177,22,171,08,00,96,+25,+37.86211,-109.70587,00.9,09,038,3,2022-06-20
042177,22,171,10,00,32,+28,+37.86212,-109.70581,00.9,09,039,3,2022-06-20
042177,22,171,12,00,42,+30,+37.87041,-109.70299,01.0,09,038,3,2022-06-20
042177,22,171,16,00,98,+30,+37.85674,-109.73360,00.9,10,038,3,2022-06-20
042177,22,171,18,00,76,+27,+37.85686,-109.73305,00.9,08,038,3,2022-06-20
042177,22,171,20,00,88,+19,+37.85612,-109.73347,01.3,07,038,3,2022-06-20
042177,22,171,22,00,48,+15,+37.85643,-109.73333,00.9,09,038,3,2022-06-20
042177,22,172,00,00,26,+17,+37.85614,-109.73318,01.3,06,038,3,2022-06-21
042177,22,172,02,00,48,+12,+37.85613,-109.73248,00.8,09,041,3,2022-06-21
042177,22,172,06,00,86,+08,+37.85662,-109.73194,01.0,08,038,3,2022-06-21
042177,22,172,12,00,98,+30,+37.84887,-109.75134,01.0,09,038,3,2022-06-21
042177,22,172,14,00,68,+31,+37.84883,-109.75134,00.7,11,038,3,2022-06-21
042177,22,172,16,00,62,+33,+37.85038,-109.74849,00.9,10,040,3,2022-06-21
042177,22,172,18,00,98,+29,+37.85283,-109.74816,00.8,10,038,3,2022-06-21
042177,22,172,22,00,40,+22,+37.85278,-109.74732,00.9,09,038,3,2022-06-21
042177,22,173,00,00,36,+23,+37.85299,-109.74792,01.2,07,038,3,2022-06-22
042177,22,173,02,00,28,+23,+37.85229,-109.74808,01.1,08,040,3,2022-06-22
042177,22,173,04,00,22,+23,+37.85280,-109.74823,00.8,09,039,3,2022-06-22
042177,22,173,06,00,80,+19,+37.85273,-109.74980,01.0,08,038,3,2022-06-22
042177,22,173,10,00,32,+26,+37.85387,-109.74798,01.7,06,040,3,2022-06-22
042177,22,173,12,00,86,+29,+37.85472,-109.74447,01.0,09,038,3,2022-06-22
042177,22,173,14,00,76,+29,+37.85051,-109.74839,00.8,11,038,3,2022-06-22
042177,22,173,16,00,64,+23,+37.85512,-109.74800,01.0,07,038,3,2022-06-22
042177,22,173,18,00,90,+19,+37.85422,-109.74361,01.8,04,038,3,2022-06-22
042177,22,173,20,00,98,+20,+37.85559,-109.74411,01.3,08,038,3,2022-06-22
042177,22,173,22,00,28,+24,+37.85530,-109.74472,00.9,09,038,3,2022-06-22
042177,22,174,04,00,22,+23,+37.85493,-109.74423,01.0,08,038,3,2022-06-23
042177,22,174,08,00,92,+21,+37.84640,-109.75023,00.8,09,038,3,2022-06-23
042177,22,174,10,00,70,+30,+37.84582,-109.75048,01.1,08,040,3,2022-06-23
042177,22,174,12,00,62,+24,+37.84527,-109.75157,01.3,08,039,3,2022-06-23
042177,22,174,14,00,44,+28,+37.84859,-109.74905,00.8,11,039,3,2022-06-23
042177,22,174,16,00,50,+33,+37.84636,-109.75012,01.1,08,038,3,2022-06-23
042177,22,174,18,00,98,+25,+37.84320,-109.75099,01.2,06,038,3,2022-06-23
042177,22,174,22,00,60,+23,+37.84177,-109.75280,00.9,08,038,3,2022-06-23
042177,22,175,00,00,52,+21,+37.84157,-109.75235,01.2,07,039,3,2022-06-24
042177,22,175,02,00,26,+21,+37.84172,-109.75244,01.1,08,040,3,2022-06-24
042177,22,175,04,00,60,+20,+37.84164,-109.75113,00.7,10,038,3,2022-06-24
042177,22,175,06,00,76,+15,+37.84030,-109.75200,00.9,09,038,3,2022-06-24
042177,22,175,08,00,92,+28,+37.84049,-109.76143,00.8,10,039,3,2022-06-24
042177,22,175,10,00,48,+29,+37.84044,-109.76136,00.8,10,039,3,2022-06-24
042177,22,175,12,00,60,+30,+37.84227,-109.76192,01.1,08,038,3,2022-06-24
042177,22,175,14,00,44,+29,+37.84374,-109.75775,00.9,08,038,3,2022-06-24
042177,22,175,18,00,94,+27,+37.84290,-109.76048,01.1,08,038,3,2022-06-24
042177,22,175,22,00,36,+20,+37.84320,-109.76521,00.9,09,038,3,2022-06-24
042177,22,176,00,00,40,+17,+37.84318,-109.76558,00.9,08,038,3,2022-06-25
042177,22,176,02,00,70,+22,+37.84318,-109.76525,01.2,07,041,3,2022-06-25
042177,22,176,04,00,28,+19,+37.84306,-109.76583,00.7,10,038,3,2022-06-25
042177,22,176,06,00,92,+23,+37.84493,-109.76852,01.1,08,038,3,2022-06-25
042177,22,176,08,00,54,+31,+37.84529,-109.76940,00.8,09,040,3,2022-06-25
042177,22,176,12,00,76,+25,+37.84453,-109.76862,00.9,10,038,3,2022-06-25
042177,22,176,14,00,56,+29,+37.84330,-109.76700,00.8,10,038,3,2022-06-25
042177,22,176,16,00,50,+33,+37.84324,-109.76651,00.8,09,038,3,2022-06-25
042177,22,176,18,00,88,+28,+37.84373,-109.75639,00.9,08,038,3,2022-06-25
042177,22,176,22,00,46,+24,+37.84074,-109.75697,00.8,10,038,3,2022-06-25
042177,22,177,00,00,18,+24,+37.84074,-109.75685,00.9,08,038,3,2022-06-26
042177,22,177,02,00,22,+23,+37.84091,-109.75708,01.2,07,040,3,2022-06-26
042177,22,177,06,00,90,+22,+37.84043,-109.75666,01.1,08,038,3,2022-06-26
042177,22,177,08,00,78,+23,+37.84045,-109.75681,00.9,08,058,3,2022-06-26
042177,22,177,12,00,96,+23,+37.84260,-109.75982,00.9,10,038,3,2022-06-26
042177,22,177,18,00,92,+25,+37.84166,-109.76394,01.2,06,038,3,2022-06-26
042177,22,177,22,00,74,+20,+37.84054,-109.76158,00.9,09,038,3,2022-06-26
042177,22,178,00,00,30,+20,+37.84024,-109.76152,01.1,07,038,3,2022-06-27
042177,22,178,02,00,24,+19,+37.84048,-109.76170,00.9,07,038,3,2022-06-27
042177,22,178,04,00,32,+17,+37.84059,-109.76151,00.9,08,040,3,2022-06-27
042177,22,178,06,00,90,+15,+37.83856,-109.75926,00.9,09,038,3,2022-06-27
042177,22,178,08,00,82,+25,+37.83939,-109.75845,00.9,08,041,3,2022-06-27
042177,22,178,10,00,22,+29,+37.83977,-109.75845,00.8,10,040,3,2022-06-27
042177,22,178,12,00,82,+30,+37.84120,-109.75898,01.1,08,038,3,2022-06-27
042177,22,178,14,00,72,+36,+37.84393,-109.75827,00.8,10,038,3,2022-06-27
042177,22,178,16,00,46,+30,+37.84294,-109.75809,00.7,10,038,3,2022-06-27
042177,22,178,18,00,98,+26,+37.84275,-109.76124,00.9,08,038,3,2022-06-27
042177,22,178,20,00,84,+23,+37.84302,-109.75834,01.3,08,043,3,2022-06-27
042177,22,178,22,00,54,+21,+37.84110,-109.76379,00.9,09,039,3,2022-06-27
042177,22,179,00,00,38,+20,+37.84017,-109.76334,01.1,07,038,3,2022-06-28
042177,22,179,02,00,30,+23,+37.84011,-109.76326,01.1,06,047,3,2022-06-28
042177,22,179,04,00,30,+20,+37.84023,-109.76367,01.0,07,040,3,2022-06-28
042177,22,179,06,00,90,+19,+37.84426,-109.77211,01.0,08,038,3,2022-06-28
042177,22,179,12,00,56,+30,+37.83901,-109.77691,01.0,08,049,3,2022-06-28
042177,22,179,14,00,26,+30,+37.83865,-109.77718,00.8,09,040,3,2022-06-28
042177,22,179,16,00,76,+34,+37.83896,-109.77321,00.7,10,038,3,2022-06-28
042177,22,179,18,00,80,+29,+37.84059,-109.77362,01.0,07,038,3,2022-06-28
042177,22,179,20,00,78,+25,+37.83924,-109.77532,01.2,09,038,3,2022-06-28
042177,22,179,22,00,56,+21,+37.84339,-109.75801,01.0,08,038,3,2022-06-28
042177,22,180,00,00,26,+23,+37.84363,-109.75830,01.1,07,038,3,2022-06-29
042177,22,180,02,00,26,+23,+37.84400,-109.75865,01.1,07,040,3,2022-06-29
042177,22,180,04,00,20,+26,+37.84370,-109.75852,01.2,07,038,3,2022-06-29
042177,22,180,06,00,74,+19,+37.84140,-109.76845,01.3,08,038,3,2022-06-29
042177,22,180,10,00,92,+30,+37.83981,-109.76972,01.3,08,038,3,2022-06-29
042177,22,180,12,00,24,+31,+37.84023,-109.76914,01.0,09,038,3,2022-06-29
042177,22,180,14,00,80,+30,+37.86924,-109.78792,00.9,09,038,3,2022-06-29
042177,22,180,16,00,98,+30,+37.87236,-109.78935,01.0,08,038,3,2022-06-29
042177,22,180,18,00,82,+30,+37.87195,-109.78826,00.9,08,038,3,2022-06-29
042177,22,180,22,00,66,+26,+37.86973,-109.78540,00.9,08,038,3,2022-06-29
042177,22,181,00,00,40,+25,+37.86994,-109.78592,01.1,07,038,3,2022-06-30
042177,22,181,02,00,28,+26,+37.86997,-109.78590,01.1,06,038,3,2022-06-30
042177,22,181,04,00,24,+27,+37.87000,-109.78607,01.1,07,039,3,2022-06-30
042177,22,181,06,00,74,+23,+37.86719,-109.78665,00.8,10,038,3,2022-06-30
042177,22,181,14,00,46,+31,+37.86867,-109.81935,01.0,08,046,3,2022-06-30
042177,22,181,22,00,54,+26,+37.86529,-109.82060,01.0,07,038,3,2022-06-30
042177,22,182,00,00,26,+26,+37.86566,-109.82027,01.0,07,038,3,2022-07-01
042177,22,182,02,00,22,+25,+37.86556,-109.81985,01.0,06,041,3,2022-07-01
042177,22,182,04,00,40,+25,+37.86560,-109.82042,01.1,07,040,3,2022-07-01
042177,22,182,06,00,68,+22,+37.86186,-109.82658,00.9,09,038,3,2022-07-01
042177,22,182,10,00,80,+28,+37.85557,-109.85311,00.9,09,039,3,2022-07-01
042177,22,182,12,00,86,+28,+37.85073,-109.84474,01.1,07,039,3,2022-07-01
042177,22,182,14,00,52,+24,+37.85118,-109.84411,00.7,11,038,3,2022-07-01
042177,22,182,16,00,52,+30,+37.84984,-109.84434,00.9,08,038,3,2022-07-01
042177,22,182,18,00,92,+26,+37.84437,-109.85121,01.3,06,038,3,2022-07-01
042177,22,182,20,00,94,+22,+37.84236,-109.85141,01.6,06,047,3,2022-07-01
042177,22,182,22,00,42,+25,+37.84849,-109.84825,01.0,09,040,3,2022-07-01
042177,22,183,00,00,32,+25,+37.84856,-109.84840,01.2,06,039,3,2022-07-02
042177,22,183,02,00,66,+23,+37.84818,-109.84695,01.0,06,038,3,2022-07-02
042177,22,183,04,00,26,+25,+37.84786,-109.84672,00.9,08,040,3,2022-07-02
042177,22,183,06,00,66,+21,+37.84814,-109.84394,00.8,10,038,3,2022-07-02
042177,22,183,08,00,68,+26,+37.84850,-109.84279,00.8,09,041,3,2022-07-02
042177,22,183,10,00,56,+31,+37.84929,-109.84356,00.9,09,038,3,2022-07-02
042177,22,183,12,00,84,+23,+37.84557,-109.85035,00.9,10,038,3,2022-07-02
042177,22,183,14,00,82,+28,+37.84677,-109.84612,00.8,09,038,3,2022-07-02
042177,22,183,16,00,70,+32,+37.84677,-109.84649,00.8,10,040,3,2022-07-02
042177,22,183,18,00,50,+28,+37.84723,-109.84860,01.1,07,038,3,2022-07-02
042177,22,183,20,00,98,+24,+37.84870,-109.84882,01.3,07,038,3,2022-07-02
042177,22,183,22,00,64,+25,+37.84811,-109.84735,01.2,06,040,3,2022-07-02
042177,22,184,00,00,20,+25,+37.84649,-109.84365,01.6,06,038,3,2022-07-03
042177,22,184,02,00,32,+21,+37.84773,-109.84659,00.9,07,038,3,2022-07-03
042177,22,184,04,00,22,+23,+37.84782,-109.84707,01.0,08,041,3,2022-07-03
042177,22,184,06,00,90,+20,+37.84529,-109.84413,00.8,10,038,3,2022-07-03
042177,22,184,08,00,78,+24,+37.84653,-109.84259,00.9,09,040,3,2022-07-03
042177,22,184,10,00,50,+25,+37.84899,-109.84220,00.9,09,038,3,2022-07-03
042177,22,184,12,00,48,+30,+37.84474,-109.85104,00.8,10,038,3,2022-07-03
042177,22,184,14,00,72,+31,+37.84510,-109.85108,00.8,09,038,3,2022-07-03
042177,22,184,16,00,24,+32,+37.84469,-109.85041,01.0,07,038,3,2022-07-03
042177,22,184,20,00,96,+23,+37.84619,-109.84497,01.1,07,038,3,2022-07-03
042177,22,184,22,00,82,+20,+37.84756,-109.84867,00.9,09,038,3,2022-07-03
042177,22,185,00,00,26,+20,+37.84752,-109.84892,01.2,06,041,3,2022-07-04
042177,22,185,02,00,18,+20,+37.84716,-109.84896,01.0,06,038,3,2022-07-04
042177,22,185,04,00,22,+21,+37.84756,-109.84880,00.9,08,040,3,2022-07-04
042177,22,185,06,00,88,+21,+37.84626,-109.85124,00.8,10,038,3,2022-07-04
042177,22,185,08,00,64,+25,+37.84636,-109.84461,00.9,09,040,3,2022-07-04
042177,22,185,10,00,26,+30,+37.84526,-109.84439,01.2,08,038,3,2022-07-04
042177,22,185,12,00,88,+31,+37.84727,-109.84303,00.9,10,038,3,2022-07-04
042177,22,185,14,00,80,+31,+37.84830,-109.85305,00.9,08,038,3,2022-07-04
042177,22,185,18,00,86,+30,+37.84721,-109.84672,01.1,07,051,3,2022-07-04
042177,22,185,20,00,98,+25,+37.84889,-109.84392,00.9,08,038,3,2022-07-04
042177,22,185,22,00,36,+25,+37.84936,-109.84368,00.9,08,040,3,2022-07-04
042177,22,186,00,00,22,+25,+37.84906,-109.84368,01.2,06,038,3,2022-07-05
042177,22,186,02,00,20,+22,+37.84914,-109.84365,01.0,06,040,3,2022-07-05
042177,22,186,08,00,86,+25,+37.84890,-109.83860,00.9,09,049,3,2022-07-05
042177,22,186,10,00,40,+29,+37.84820,-109.83911,01.3,08,038,3,2022-07-05
042177,22,186,12,00,88,+27,+37.84923,-109.84365,00.8,10,038,3,2022-07-05
042177,22,186,14,00,22,+34,+37.84931,-109.84386,01.3,08,041,3,2022-07-05
042177,22,186,16,00,90,+28,+37.84636,-109.84481,01.0,08,038,3,2022-07-05
042177,22,186,18,00,82,+26,+37.84443,-109.85118,01.1,06,038,3,2022-07-05
042177,22,186,20,00,88,+20,+37.85280,-109.84274,01.6,07,038,3,2022-07-05
042177,22,186,22,00,60,+25,+37.85186,-109.84107,00.9,08,038,3,2022-07-05
042177,22,187,00,00,26,+25,+37.85158,-109.84081,01.1,06,040,3,2022-07-06
042177,22,187,04,00,36,+21,+37.85126,-109.84134,01.1,07,045,3,2022-07-06
042177,22,187,06,00,64,+20,+37.85066,-109.83721,00.9,09,038,3,2022-07-06
042177,22,187,08,00,90,+24,+37.85305,-109.83368,00.8,10,038,3,2022-07-06
042177,22,187,10,00,42,+27,+37.85331,-109.83792,01.3,08,038,3,2022-07-06
042177,22,187,12,00,82,+16,+37.85049,-109.83993,00.9,08,039,3,2022-07-06
042177,22,187,14,00,76,+16,+37.85213,-109.83792,01.2,07,038,3,2022-07-06
042177,22,187,18,00,60,+26,+37.85057,-109.83994,00.8,09,038,3,2022-07-06
042177,22,187,22,00,48,+25,+37.84906,-109.84016,01.1,08,038,3,2022-07-06
042177,22,188,00,00,24,+25,+37.84861,-109.83999,01.1,06,038,3,2022-07-07
042177,22,188,04,00,18,+25,+37.84897,-109.83993,01.4,06,038,3,2022-07-07
042177,22,188,06,00,78,+19,+37.84978,-109.83778,01.0,06,038,3,2022-07-07
042177,22,188,08,00,98,+25,+37.85475,-109.83328,00.9,08,038,3,2022-07-07
042177,22,188,10,00,80,+28,+37.85441,-109.83390,00.8,10,039,3,2022-07-07
042177,22,188,16,00,72,+31,+37.84618,-109.84476,01.0,08,038,3,2022-07-07
042177,22,188,18,00,52,+31,+37.84724,-109.84384,01.0,08,038,3,2022-07-07
042177,22,188,22,00,90,+23,+37.84622,-109.84172,00.9,08,038,3,2022-07-07
042177,22,189,00,00,28,+24,+37.84620,-109.84228,01.1,06,038,3,2022-07-08
042177,22,189,04,00,44,+25,+37.84615,-109.84199,00.9,08,038,3,2022-07-08
042177,22,189,06,00,80,+20,+37.84922,-109.83824,01.0,07,038,3,2022-07-08
042177,22,189,08,00,80,+28,+37.84975,-109.83570,01.1,07,040,3,2022-07-08
042177,22,189,12,00,80,+33,+37.85036,-109.83967,00.7,12,038,3,2022-07-08
042177,22,189,14,00,68,+33,+37.85129,-109.84096,01.0,09,038,3,2022-07-08
042177,22,189,18,00,70,+31,+37.85073,-109.84711,01.1,07,038,3,2022-07-08
042177,22,189,20,00,92,+25,+37.85262,-109.84654,01.0,08,038,3,2022-07-08
042177,22,189,22,00,62,+22,+37.85022,-109.84486,00.9,08,040,3,2022-07-08
042177,22,190,00,00,22,+21,+37.85025,-109.84513,01.0,07,038,3,2022-07-09
042177,22,190,02,00,40,+19,+37.85140,-109.84537,00.9,07,040,3,2022-07-09
042177,22,190,04,00,14,+20,+37.85140,-109.84539,00.9,09,039,3,2022-07-09
042177,22,190,06,00,66,+24,+37.85023,-109.84600,00.9,08,038,3,2022-07-09
042177,22,190,08,00,58,+35,+37.84935,-109.84360,00.8,10,038,3,2022-07-09
042177,22,190,10,00,58,+34,+37.85044,-109.83957,00.9,09,038,3,2022-07-09
042177,22,190,12,00,98,+36,+37.84729,-109.84200,00.8,09,038,3,2022-07-09
042177,22,190,14,00,36,+33,+37.84931,-109.84368,01.0,09,039,3,2022-07-09
042177,22,190,16,00,44,+36,+37.84996,-109.84449,01.1,07,038,3,2022-07-09
042177,22,190,18,00,98,+34,+37.85001,-109.84766,00.9,07,038,3,2022-07-09
042177,22,190,20,00,88,+28,+37.84658,-109.84480,01.0,08,038,3,2022-07-09
042177,22,190,22,00,74,+29,+37.84543,-109.84365,00.9,08,038,3,2022-07-09
042177,22,191,00,00,42,+25,+37.84627,-109.84365,01.0,07,038,3,2022-07-10
042177,22,191,02,00,42,+27,+37.84614,-109.84379,00.9,07,040,3,2022-07-10
042177,22,191,06,00,70,+23,+37.84805,-109.84612,00.8,09,054,3,2022-07-10
042177,22,191,08,00,80,+29,+37.84248,-109.84490,01.0,08,040,3,2022-07-10
042177,22,191,10,00,20,+32,+37.84261,-109.84467,01.0,08,039,3,2022-07-10
042177,22,191,12,00,64,+29,+37.84608,-109.85088,00.8,10,038,3,2022-07-10
042177,22,191,18,00,88,+25,+37.84727,-109.85771,00.8,08,038,3,2022-07-10
042177,22,191,20,00,80,+24,+37.84429,-109.85979,00.9,09,038,3,2022-07-10
042177,22,191,22,00,48,+28,+37.84367,-109.85980,00.9,08,038,3,2022-07-10
042177,22,192,00,00,58,+23,+37.84483,-109.86059,01.0,07,038,3,2022-07-11
042177,22,192,02,00,28,+25,+37.84466,-109.86068,01.4,06,038,3,2022-07-11
042177,22,192,04,00,20,+26,+37.84468,-109.86049,01.0,08,041,3,2022-07-11
042177,22,192,06,00,82,+25,+37.84662,-109.86022,01.0,07,038,3,2022-07-11
042177,22,192,08,00,88,+27,+37.85081,-109.86034,01.1,07,038,3,2022-07-11
042177,22,192,10,00,26,+34,+37.85090,-109.86046,01.0,08,039,3,2022-07-11
042177,22,192,12,00,52,+33,+37.84848,-109.86045,00.9,08,038,3,2022-07-11
042177,22,192,14,00,98,+35,+37.85143,-109.85809,01.9,07,038,3,2022-07-11
042177,22,192,16,00,30,+33,+37.85101,-109.85768,01.0,07,041,3,2022-07-11
042177,22,192,18,00,76,+29,+37.84784,-109.86027,01.1,06,039,3,2022-07-11
042177,22,192,22,00,76,+25,+37.84626,-109.84466,00.9,08,038,3,2022-07-11
042177,22,193,04,00,28,+27,+37.84584,-109.84359,01.2,08,038,3,2022-07-12
042177,22,193,06,00,58,+23,+37.84572,-109.84239,00.9,08,038,3,2022-07-12
042177,22,193,10,00,60,+31,+37.84329,-109.84440,01.0,09,038,3,2022-07-12
042177,22,193,12,00,76,+26,+37.84602,-109.84615,00.8,11,038,3,2022-07-12
042177,22,193,14,00,88,+28,+37.84733,-109.84593,01.0,09,038,3,2022-07-12
042177,22,193,16,00,76,+30,+37.84476,-109.84714,01.5,06,038,3,2022-07-12
042177,22,193,18,00,88,+27,+37.84568,-109.85134,01.3,06,038,3,2022-07-12
042177,22,193,20,00,88,+25,+37.84389,-109.86428,00.8,10,038,3,2022-07-12
042177,22,194,00,00,50,+24,+37.84469,-109.86415,01.0,07,038,3,2022-07-13
042177,22,194,02,00,28,+25,+37.84493,-109.86408,00.9,07,040,3,2022-07-13
042177,22,194,06,01,74,+23,+37.84246,-109.86338,00.9,08,059,3,2022-07-13
042177,22,194,08,00,52,+29,+37.84197,-109.86324,00.9,09,038,3,2022-07-13
042177,22,194,10,00,72,+30,+37.84170,-109.86274,01.0,09,038,3,2022-07-13
042177,22,194,12,00,72,+33,+37.84564,-109.85760,01.1,11,038,3,2022-07-13
042177,22,194,16,00,66,+31,+37.84410,-109.86080,01.2,07,038,3,2022-07-13
042177,22,194,18,00,86,+29,+37.84429,-109.86209,01.0,07,038,3,2022-07-13
042177,22,194,20,00,82,+28,+37.84449,-109.86460,00.8,10,038,3,2022-07-13
042177,22,194,22,00,56,+25,+37.84480,-109.86434,01.3,07,039,3,2022-07-13
042177,22,195,00,00,28,+28,+37.84484,-109.86438,00.9,07,039,3,2022-07-14
042177,22,195,02,00,28,+29,+37.84474,-109.86419,01.0,06,040,3,2022-07-14
042177,22,195,04,00,36,+25,+37.84439,-109.86467,00.9,08,038,3,2022-07-14
042177,22,195,06,00,60,+24,+37.85013,-109.86538,00.9,09,038,3,2022-07-14
042177,22,195,08,00,92,+29,+37.85364,-109.86534,01.1,08,038,3,2022-07-14
042177,22,195,10,00,30,+34,+37.85473,-109.86473,01.4,06,039,3,2022-07-14
042177,22,195,12,00,68,+35,+37.85330,-109.86364,00.8,09,039,3,2022-07-14
042177,22,195,16,00,64,+29,+37.85255,-109.85836,01.1,07,038,3,2022-07-14
042177,22,195,18,00,80,+29,+37.85012,-109.85800,00.8,09,040,3,2022-07-14
042177,22,195,20,00,68,+25,+37.84839,-109.85672,00.9,09,038,3,2022-07-14
042177,22,195,22,00,66,+23,+37.84804,-109.85578,00.9,08,051,3,2022-07-14
042177,22,196,02,00,22,+25,+37.84788,-109.85578,00.9,07,038,3,2022-07-15
042177,22,196,04,00,20,+25,+37.84807,-109.85588,01.1,08,040,3,2022-07-15
042177,22,196,06,00,92,+22,+37.85024,-109.85507,00.8,10,038,3,2022-07-15
042177,22,196,10,00,60,+33,+37.85440,-109.84901,01.1,07,038,3,2022-07-15
042177,22,196,12,00,30,+32,+37.85409,-109.84893,00.9,08,038,3,2022-07-15
042177,22,196,14,00,86,+34,+37.84493,-109.85115,00.9,09,038,3,2022-07-15
042177,22,196,16,00,28,+40,+37.84629,-109.84997,01.0,08,038,3,2022-07-15
042177,22,196,18,00,96,+29,+37.85001,-109.84705,00.9,08,040,3,2022-07-15
042177,22,196,20,00,96,+25,+37.85212,-109.84658,01.0,08,038,3,2022-07-15
042177,22,196,22,00,64,+26,+37.85269,-109.84638,00.9,08,038,3,2022-07-15
042177,22,197,00,00,28,+25,+37.85271,-109.84632,00.8,08,038,3,2022-07-16
042177,22,197,02,00,64,+21,+37.85318,-109.84659,00.8,09,038,3,2022-07-16
042177,22,197,04,00,46,+25,+37.85297,-109.84696,00.9,09,038,3,2022-07-16
042177,22,197,06,00,66,+20,+37.85457,-109.84539,00.8,10,039,3,2022-07-16
042177,22,197,14,00,86,+36,+37.85400,-109.85332,01.0,08,038,3,2022-07-16
042177,22,197,16,00,88,+34,+37.84810,-109.85325,01.1,07,038,3,2022-07-16
042177,22,197,18,00,84,+33,+37.85046,-109.85527,01.1,07,038,3,2022-07-16
042177,22,197,22,00,56,+25,+37.84870,-109.85160,00.8,09,038,3,2022-07-16
042177,22,198,00,00,26,+25,+37.84871,-109.85145,00.8,08,038,3,2022-07-17
042177,22,198,02,00,20,+27,+37.84870,-109.85145,00.7,10,037,3,2022-07-17
042177,22,198,04,00,40,+25,+37.84870,-109.85145,01.1,08,038,3,2022-07-17
042177,22,198,06,00,80,+22,+37.84947,-109.84821,00.7,09,038,3,2022-07-17
042177,22,198,10,00,30,+34,+37.84609,-109.85426,00.9,09,038,3,2022-07-17
042177,22,198,12,00,68,+31,+37.85134,-109.85271,00.7,10,038,3,2022-07-17
042177,22,198,14,00,98,+32,+37.85114,-109.84806,01.0,09,038,3,2022-07-17
042177,22,198,16,00,72,+33,+37.85028,-109.84978,01.2,07,040,3,2022-07-17
042177,22,198,18,00,80,+30,+37.84967,-109.84606,01.1,07,038,3,2022-07-17
042177,22,198,20,00,88,+20,+37.85245,-109.83895,01.0,07,038,3,2022-07-17
042177,22,198,22,00,58,+26,+37.85320,-109.83740,01.2,07,039,3,2022-07-17
042177,22,199,00,00,24,+25,+37.85337,-109.83747,00.8,08,038,3,2022-07-18
042177,22,199,04,00,86,+24,+37.85337,-109.83633,01.4,06,039,3,2022-07-18
042177,22,199,06,00,78,+23,+37.85393,-109.83259,00.8,09,038,3,2022-07-18
042177,22,199,08,00,56,+27,+37.85838,-109.83414,01.2,07,040,3,2022-07-18
042177,22,199,10,00,02,+30,+37.85830,-109.83441,01.0,09,039,3,2022-07-18
042177,22,199,12,00,96,+33,+37.85585,-109.83661,00.7,12,039,3,2022-07-18
042177,22,199,14,00,94,+33,+37.85961,-109.83698,01.6,08,038,3,2022-07-18
042177,22,199,16,00,70,+32,+37.85853,-109.83505,01.2,07,038,3,2022-07-18
042177,22,199,18,00,58,+32,+37.84947,-109.84394,00.9,09,038,3,2022-07-18
042177,22,199,20,00,96,+27,+37.84613,-109.85025,01.0,11,038,3,2022-07-18
042177,22,199,22,00,42,+25,+37.84801,-109.85294,01.3,06,038,3,2022-07-18
042177,22,200,00,00,20,+25,+37.84824,-109.85306,00.8,08,038,3,2022-07-19
042177,22,200,02,00,44,+25,+37.84790,-109.85301,00.9,09,039,3,2022-07-19
042177,22,200,04,00,18,+24,+37.84805,-109.85317,01.1,07,040,3,2022-07-19
042177,22,200,06,00,70,+22,+37.84569,-109.85763,00.7,11,038,3,2022-07-19
042177,22,200,12,00,76,+33,+37.84986,-109.85576,00.7,11,038,3,2022-07-19
042177,22,200,14,00,98,+36,+37.84873,-109.85699,00.9,10,038,3,2022-07-19
042177,22,200,16,00,44,+35,+37.84907,-109.85779,00.9,09,038,3,2022-07-19
042177,22,200,20,00,96,+25,+37.84676,-109.85446,00.9,09,038,3,2022-07-19
042177,22,200,22,00,62,+27,+37.84630,-109.85527,01.0,08,038,3,2022-07-19
042177,22,201,00,00,24,+25,+37.84654,-109.85514,00.8,08,038,3,2022-07-20
042177,22,201,02,00,24,+25,+37.84656,-109.85531,00.7,09,038,3,2022-07-20
042177,22,201,04,00,44,+25,+37.84736,-109.85820,01.2,08,038,3,2022-07-20
042177,22,201,06,00,54,+23,+37.84507,-109.85901,00.7,11,038,3,2022-07-20
042177,22,201,10,00,56,+31,+37.84634,-109.86467,01.1,08,038,3,2022-07-20
042177,22,201,14,00,88,+36,+37.85551,-109.86502,01.1,08,038,3,2022-07-20
042177,22,201,16,00,72,+38,+37.85844,-109.86669,01.1,08,039,3,2022-07-20
042177,22,201,18,00,72,+30,+37.85444,-109.86622,02.7,06,038,3,2022-07-20
042177,22,201,20,00,98,+27,+37.84723,-109.86265,00.9,09,038,3,2022-07-20
042177,22,202,02,00,34,+25,+37.84770,-109.86219,01.0,06,041,3,2022-07-21
042177,22,202,04,00,24,+25,+37.84769,-109.86214,00.9,09,038,3,2022-07-21
042177,22,202,06,00,54,+20,+37.84786,-109.86049,00.7,12,038,3,2022-07-21
042177,22,202,08,00,84,+30,+37.84749,-109.85778,01.2,08,040,3,2022-07-21
042177,22,202,10,00,36,+33,+37.84693,-109.85618,01.3,08,038,3,2022-07-21
042177,22,202,12,00,88,+37,+37.84396,-109.85083,00.8,08,039,3,2022-07-21
042177,22,202,14,00,96,+37,+37.84299,-109.84718,01.7,07,038,3,2022-07-21
042177,22,202,20,00,88,+26,+37.84266,-109.84429,01.1,07,038,3,2022-07-21
042177,22,202,22,00,56,+29,+37.84396,-109.84490,01.2,06,045,3,2022-07-21
042177,22,203,02,00,34,+29,+37.84351,-109.84398,01.0,06,038,3,2022-07-22
042177,22,203,04,00,16,+27,+37.84310,-109.84447,01.2,07,039,3,2022-07-22
042177,22,203,08,00,96,+30,+37.84722,-109.84293,00.9,09,038,3,2022-07-22
042177,22,203,12,00,80,+40,+37.84564,-109.85033,00.8,10,038,3,2022-07-22
042177,22,203,16,00,76,+41,+37.84344,-109.84842,01.4,06,038,3,2022-07-22
042177,22,204,04,00,22,+29,+37.84339,-109.84561,01.9,06,038,3,2022-07-23
042177,22,204,08,00,90,+29,+37.84579,-109.84436,01.1,06,038,3,2022-07-23
042177,22,204,10,00,18,+33,+37.84578,-109.84413,01.0,09,040,3,2022-07-23
042177,22,204,12,00,74,+34,+37.84509,-109.85111,00.8,09,038,3,2022-07-23
042177,22,204,14,00,84,+37,+37.84292,-109.84831,00.8,10,057,3,2022-07-23
042177,22,204,16,00,64,+37,+37.84290,-109.84833,01.4,06,051,3,2022-07-23
042177,22,204,20,00,98,+27,+37.84893,-109.84732,00.9,09,038,3,2022-07-23
042177,22,204,22,00,68,+29,+37.85030,-109.84821,00.9,09,058,3,2022-07-23
042177,22,205,00,00,32,+20,+37.85033,-109.84989,00.9,07,039,3,2022-07-24
042177,22,205,02,00,12,+19,+37.85030,-109.84992,00.8,09,038,3,2022-07-24
042177,22,205,04,00,08,+22,+37.85030,-109.84989,00.9,09,038,3,2022-07-24
042177,22,205,06,00,80,+23,+37.84907,-109.85134,00.9,09,038,3,2022-07-24
042177,22,205,08,00,84,+25,+37.84714,-109.85385,00.9,08,038,3,2022-07-24
042177,22,205,10,00,50,+31,+37.84692,-109.85359,01.1,09,039,3,2022-07-24
042177,22,205,12,00,52,+32,+37.84500,-109.85094,00.9,09,038,3,2022-07-24
042177,22,205,14,00,98,+32,+37.84993,-109.84915,00.8,09,038,3,2022-07-24
042177,22,205,20,00,98,+20,+37.85253,-109.84680,00.9,08,038,3,2022-07-24
042177,22,205,22,00,42,+26,+37.85409,-109.84775,00.9,07,040,3,2022-07-24
042177,22,206,00,00,20,+25,+37.85427,-109.84831,01.0,06,038,3,2022-07-25
042177,22,206,02,00,22,+24,+37.85403,-109.84780,00.8,08,038,3,2022-07-25
042177,22,206,04,00,14,+24,+37.85402,-109.84786,00.9,09,038,3,2022-07-25
042177,22,206,06,00,64,+20,+37.85704,-109.84790,01.0,08,038,3,2022-07-25
042177,22,206,08,00,92,+26,+37.85841,-109.84871,00.9,09,039,3,2022-07-25
042177,22,206,10,00,96,+27,+37.85872,-109.84886,01.0,09,039,3,2022-07-25
042177,22,206,12,00,44,+26,+37.85772,-109.84892,00.8,10,038,3,2022-07-25
042177,22,206,14,00,78,+24,+37.85654,-109.84320,00.9,07,038,3,2022-07-25
042177,22,206,18,00,96,+24,+37.85800,-109.83528,01.6,05,038,3,2022-07-25
042177,22,206,20,00,92,+22,+37.85711,-109.83592,01.0,07,038,3,2022-07-25
042177,22,206,22,00,54,+24,+37.85533,-109.83438,01.3,06,038,3,2022-07-25
042177,22,207,00,00,38,+25,+37.85629,-109.83444,00.9,07,050,3,2022-07-26
042177,22,207,02,00,20,+26,+37.85636,-109.83395,00.9,07,038,3,2022-07-26
042177,22,207,04,00,20,+24,+37.85617,-109.83455,00.8,10,038,3,2022-07-26
042177,22,207,12,00,62,+28,+37.86159,-109.83034,00.8,09,038,3,2022-07-26
042177,22,207,18,00,90,+20,+37.86504,-109.82716,01.4,07,046,3,2022-07-26
042177,22,207,20,00,92,+21,+37.86294,-109.82969,01.3,06,038,3,2022-07-26
042177,22,208,00,00,22,+23,+37.86411,-109.82941,01.1,06,038,3,2022-07-27
042177,22,208,04,00,16,+22,+37.86373,-109.82962,00.8,10,038,3,2022-07-27
042177,22,208,08,00,98,+21,+37.86603,-109.82408,00.9,09,038,3,2022-07-27
042177,22,208,12,00,90,+24,+37.87594,-109.78679,01.0,08,039,3,2022-07-27
042177,22,208,14,00,98,+30,+37.87531,-109.78575,02.1,06,039,3,2022-07-27
042177,22,208,16,00,74,+31,+37.87448,-109.78643,00.9,07,038,3,2022-07-27
042177,22,208,20,00,84,+16,+37.87115,-109.79181,01.1,06,038,3,2022-07-27
042177,22,208,22,00,62,+22,+37.87206,-109.79223,01.0,07,041,3,2022-07-27
042177,22,209,00,00,34,+23,+37.87244,-109.79208,00.9,07,038,3,2022-07-28
042177,22,209,04,00,30,+24,+37.87208,-109.79218,00.9,09,038,3,2022-07-28
042177,22,209,08,00,84,+23,+37.87176,-109.78893,01.0,09,038,3,2022-07-28
042177,22,209,10,00,88,+24,+37.86841,-109.78520,02.1,05,038,3,2022-07-28
042177,22,209,12,00,66,+25,+37.86894,-109.78491,00.9,09,039,3,2022-07-28
042177,22,209,14,00,72,+20,+37.86705,-109.78300,01.0,08,038,3,2022-07-28
042177,22,209,16,00,80,+31,+37.86631,-109.78344,00.9,07,040,3,2022-07-28
042177,22,209,18,00,60,+27,+37.86383,-109.78479,01.3,08,038,3,2022-07-28
042177,22,209,20,00,98,+23,+37.86189,-109.78552,00.9,09,038,3,2022-07-28
042177,22,209,22,00,82,+19,+37.86074,-109.78493,01.3,06,038,3,2022-07-28
042177,22,210,02,00,22,+25,+37.86193,-109.78609,01.1,07,038,3,2022-07-29
042177,22,210,04,00,22,+24,+37.86186,-109.78627,00.9,09,038,3,2022-07-29
042177,22,210,10,01,92,+23,+37.86024,-109.78901,02.1,05,060,2,2022-07-29
042177,22,210,12,00,72,+27,+37.86374,-109.78758,00.8,09,038,3,2022-07-29
042177,22,210,14,00,74,+30,+37.85633,-109.78169,01.1,07,038,3,2022-07-29
042177,22,210,16,00,90,+19,+37.85095,-109.78287,00.9,08,040,3,2022-07-29
042177,22,210,20,00,94,+20,+37.84690,-109.78205,01.0,08,038,3,2022-07-29
042177,22,210,22,00,58,+22,+37.84640,-109.78067,01.7,06,038,3,2022-07-29
042177,22,211,00,00,26,+21,+37.84660,-109.78096,01.0,06,038,3,2022-07-30
042177,22,211,02,00,32,+24,+37.84667,-109.78089,01.1,07,040,3,2022-07-30
042177,22,211,04,00,38,+20,+37.84654,-109.78096,00.9,08,038,3,2022-07-30
042177,22,211,06,00,68,+17,+37.84611,-109.78035,01.1,06,038,3,2022-07-30
042177,22,211,10,00,92,+24,+37.84634,-109.77642,01.6,05,038,3,2022-07-30
042177,22,211,12,00,38,+26,+37.84621,-109.77631,01.0,09,038,3,2022-07-30
042177,22,211,14,00,70,+25,+37.84453,-109.77510,00.8,09,038,3,2022-07-30
042177,22,211,16,00,88,+20,+37.84508,-109.77533,00.9,08,038,3,2022-07-30
042177,22,211,18,00,96,+20,+37.84304,-109.77297,01.5,07,038,3,2022-07-30
042177,22,211,20,00,92,+21,+37.84501,-109.77059,00.9,09,038,3,2022-07-30
042177,22,211,22,00,74,+23,+37.84382,-109.76872,01.5,06,038,3,2022-07-30
042177,22,212,00,00,26,+24,+37.84440,-109.76913,00.9,07,042,3,2022-07-31
042177,22,212,04,00,30,+23,+37.84425,-109.76906,00.8,10,038,3,2022-07-31
042177,22,212,06,00,50,+18,+37.84538,-109.76840,01.7,06,038,3,2022-07-31
042177,22,212,10,00,84,+27,+37.84650,-109.77139,01.0,07,043,3,2022-07-31
042177,22,212,12,00,80,+23,+37.84483,-109.77106,01.0,09,038,3,2022-07-31
042177,22,212,14,00,88,+25,+37.84030,-109.76371,00.9,08,040,3,2022-07-31
042177,22,212,16,00,52,+28,+37.83983,-109.76132,01.0,07,039,3,2022-07-31
042177,22,212,20,00,94,+23,+37.83937,-109.76387,01.3,06,038,3,2022-07-31
042177,22,212,22,00,34,+25,+37.83981,-109.76295,01.2,06,038,3,2022-07-31
042177,22,213,00,00,22,+25,+37.84060,-109.76333,01.3,06,038,3,2022-08-01
042177,22,213,02,00,20,+23,+37.84000,-109.76360,01.4,06,038,3,2022-08-01
042177,22,213,04,00,14,+24,+37.84033,-109.76356,00.9,08,039,3,2022-08-01
042177,22,213,12,00,98,+29,+37.84351,-109.77192,01.0,09,038,3,2022-08-01
042177,22,213,20,00,98,+21,+37.84016,-109.77272,01.0,06,038,3,2022-08-01
042177,22,213,22,00,42,+26,+37.84035,-109.77307,01.2,06,038,3,2022-08-01
042177,22,214,00,00,24,+25,+37.84048,-109.77313,00.9,07,038,3,2022-08-02
042177,22,214,02,00,28,+23,+37.84000,-109.77293,01.2,06,038,3,2022-08-02
042177,22,214,04,00,16,+25,+37.84028,-109.77287,00.8,10,040,3,2022-08-02
042177,22,214,06,00,54,+18,+37.83909,-109.77119,01.5,06,038,3,2022-08-02
042177,22,214,10,00,74,+32,+37.83815,-109.77672,00.8,10,038,3,2022-08-02
042177,22,214,12,00,46,+28,+37.83943,-109.77528,00.8,10,039,3,2022-08-02
042177,22,214,14,00,98,+29,+37.83853,-109.77493,00.9,09,038,3,2022-08-02
042177,22,214,16,00,86,+31,+37.83845,-109.77653,00.8,09,040,3,2022-08-02
042177,22,214,18,00,86,+29,+37.83878,-109.77400,01.2,07,038,3,2022-08-02
042177,22,214,20,00,96,+21,+37.84093,-109.77425,01.2,07,038,3,2022-08-02
042177,22,214,22,00,42,+25,+37.84038,-109.77442,01.2,06,038,3,2022-08-02
042177,22,215,04,00,48,+24,+37.83939,-109.77661,00.8,09,038,3,2022-08-03
042177,22,215,06,00,64,+23,+37.83911,-109.77699,00.8,09,038,3,2022-08-03
042177,22,215,08,00,98,+28,+37.84326,-109.78006,00.8,10,038,3,2022-08-03
042177,22,215,10,00,98,+31,+37.84303,-109.77931,00.8,10,039,3,2022-08-03
042177,22,215,12,00,90,+30,+37.84557,-109.78092,01.3,08,038,3,2022-08-03
042177,22,215,14,00,84,+34,+37.84582,-109.78123,01.0,08,040,3,2022-08-03
042177,22,215,16,00,84,+32,+37.84811,-109.78119,01.1,08,046,3,2022-08-03
042177,22,215,18,00,90,+29,+37.84829,-109.78096,01.2,08,038,3,2022-08-03
042177,22,215,20,00,92,+25,+37.84572,-109.78173,00.9,09,039,3,2022-08-03
042177,22,215,22,00,28,+28,+37.84550,-109.78220,01.1,06,038,3,2022-08-03
042177,22,216,02,00,70,+25,+37.84389,-109.78165,02.2,07,038,3,2022-08-04
042177,22,216,04,00,14,+25,+37.84416,-109.78165,00.8,10,038,3,2022-08-04
042177,22,216,06,00,58,+21,+37.84559,-109.78254,00.8,09,038,3,2022-08-04
042177,22,216,08,00,88,+26,+37.84309,-109.77785,00.8,10,038,3,2022-08-04
042177,22,216,10,00,66,+30,+37.84296,-109.77674,00.7,11,038,3,2022-08-04
042177,22,216,12,00,70,+32,+37.84649,-109.77764,01.0,09,038,3,2022-08-04
042177,22,216,14,00,94,+33,+37.84559,-109.77991,01.0,09,038,3,2022-08-04
042177,22,216,22,00,36,+27,+37.84772,-109.78182,01.1,06,038,3,2022-08-04
042177,22,217,02,00,26,+23,+37.84733,-109.78086,00.8,09,038,3,2022-08-05
042177,22,217,04,00,18,+23,+37.84733,-109.78096,00.7,11,038,3,2022-08-05
042177,22,217,06,00,54,+20,+37.84827,-109.77871,00.9,08,038,3,2022-08-05
042177,22,217,08,00,98,+24,+37.84728,-109.77632,01.1,08,038,3,2022-08-05
042177,22,217,10,00,98,+28,+37.84604,-109.77606,00.9,08,038,3,2022-08-05
042177,22,217,12,00,86,+29,+37.84484,-109.78118,01.6,06,038,3,2022-08-05
042177,22,217,14,00,80,+33,+37.84559,-109.78137,01.0,07,040,3,2022-08-05
042177,22,217,18,00,96,+26,+37.84811,-109.78081,01.2,08,038,3,2022-08-05
042177,22,217,20,00,98,+24,+37.85013,-109.78225,01.0,07,038,3,2022-08-05
042177,22,217,22,00,46,+28,+37.85012,-109.78212,01.3,05,041,3,2022-08-05
042177,22,218,02,00,14,+26,+37.85023,-109.78199,00.8,09,039,3,2022-08-06
042177,22,218,04,00,28,+26,+37.85018,-109.78193,00.8,10,038,3,2022-08-06
042177,22,218,06,00,44,+20,+37.85230,-109.78112,01.0,08,038,3,2022-08-06
042177,22,218,08,00,98,+26,+37.85786,-109.78018,01.3,09,038,3,2022-08-06
042177,22,218,10,00,84,+30,+37.85867,-109.78102,01.1,08,039,3,2022-08-06
042177,22,218,14,00,96,+32,+37.85958,-109.78233,01.1,06,041,3,2022-08-06
042177,22,218,16,00,80,+32,+37.86053,-109.78318,00.7,10,040,3,2022-08-06
042177,22,218,18,00,88,+31,+37.86027,-109.78292,00.9,09,038,3,2022-08-06
042177,22,218,20,00,88,+23,+37.85992,-109.78414,00.9,08,038,3,2022-08-06
042177,22,218,22,00,46,+25,+37.86399,-109.78990,01.1,06,038,3,2022-08-06
042177,22,219,00,00,20,+24,+37.86404,-109.78987,01.0,06,038,3,2022-08-07
042177,22,219,02,00,16,+23,+37.86380,-109.78996,00.9,08,043,3,2022-08-07
042177,22,219,04,00,40,+22,+37.86297,-109.78945,00.8,09,038,3,2022-08-07
042177,22,219,06,00,52,+18,+37.86198,-109.78928,01.3,06,038,3,2022-08-07
042177,22,219,10,00,94,+30,+37.85941,-109.78479,01.1,06,038,3,2022-08-07
042177,22,219,12,00,86,+32,+37.86054,-109.78554,01.5,06,040,3,2022-08-07
042177,22,219,14,00,36,+33,+37.86153,-109.78440,01.1,06,038,3,2022-08-07
042177,22,219,18,00,98,+30,+37.86356,-109.78652,01.1,08,038,3,2022-08-07
042177,22,219,20,00,98,+23,+37.86173,-109.78649,00.9,08,038,3,2022-08-07
042177,22,219,22,00,60,+24,+37.86123,-109.78582,01.1,06,038,3,2022-08-07
042177,22,220,02,00,60,+23,+37.86209,-109.78941,00.9,09,038,3,2022-08-08
042177,22,220,04,00,22,+23,+37.86205,-109.78954,00.8,09,038,3,2022-08-08
042177,22,220,06,00,48,+18,+37.86251,-109.78810,01.1,07,038,3,2022-08-08
042177,22,220,08,00,96,+30,+37.85768,-109.78161,01.5,06,038,3,2022-08-08
042177,22,220,14,00,38,+30,+37.85484,-109.78298,01.5,06,038,3,2022-08-08
042177,22,220,16,00,74,+29,+37.85264,-109.78313,00.9,08,038,3,2022-08-08
042177,22,220,18,00,90,+28,+37.84436,-109.78107,01.0,08,038,3,2022-08-08
042177,22,220,22,00,34,+25,+37.84330,-109.77953,01.1,06,038,3,2022-08-08
042177,22,221,00,00,20,+26,+37.84322,-109.77964,01.4,06,041,3,2022-08-09
042177,22,221,02,00,80,+23,+37.84393,-109.77822,00.9,08,038,3,2022-08-09
042177,22,221,04,00,20,+25,+37.84381,-109.77844,00.9,08,040,3,2022-08-09
042177,22,221,06,00,52,+21,+37.84450,-109.77774,00.9,09,040,3,2022-08-09
042177,22,221,08,00,80,+28,+37.86378,-109.78941,01.0,09,038,3,2022-08-09
042177,22,221,10,00,82,+31,+37.86369,-109.78867,00.7,10,038,3,2022-08-09
042177,22,221,12,00,90,+34,+37.85680,-109.78279,01.7,07,038,3,2022-08-09
042177,22,221,14,00,72,+35,+37.85762,-109.78260,01.0,08,038,3,2022-08-09
042177,22,221,16,00,66,+32,+37.85868,-109.78361,00.8,09,039,3,2022-08-09
042177,22,221,18,00,82,+33,+37.85926,-109.78295,00.9,09,038,3,2022-08-09
042177,22,221,20,00,88,+25,+37.85156,-109.78325,01.0,07,038,3,2022-08-09
042177,22,221,22,00,60,+27,+37.85018,-109.78348,01.0,07,038,3,2022-08-09
042177,22,222,00,00,22,+26,+37.85040,-109.78430,00.9,07,039,3,2022-08-10
042177,22,222,02,00,44,+24,+37.85066,-109.78421,00.9,09,038,3,2022-08-10
042177,22,222,04,00,20,+25,+37.85094,-109.78412,00.8,09,038,3,2022-08-10
042177,22,222,06,00,46,+21,+37.84843,-109.78357,00.9,08,038,3,2022-08-10
042177,22,222,10,00,70,+30,+37.84754,-109.78333,00.7,11,038,3,2022-08-10
042177,22,222,12,00,76,+31,+37.84820,-109.74812,01.1,08,039,3,2022-08-10
042177,22,222,14,00,86,+35,+37.85139,-109.73122,01.0,08,038,3,2022-08-10
042177,22,222,20,01,82,+27,+37.84812,-109.72864,01.3,07,056,3,2022-08-10
042177,22,223,00,00,26,+27,+37.84881,-109.72953,00.9,07,038,3,2022-08-11
042177,22,223,02,00,14,+23,+37.84875,-109.72942,01.0,08,040,3,2022-08-11
042177,22,223,04,00,14,+24,+37.84871,-109.72965,00.9,08,041,3,2022-08-11
042177,22,223,14,01,30,+35,+37.83159,-109.66915,01.3,06,048,3,2022-08-11
042177,22,223,18,00,94,+32,+37.83049,-109.66831,01.1,06,038,3,2022-08-11
042177,22,223,22,00,30,+26,+37.83090,-109.66818,01.1,06,038,3,2022-08-11
042177,22,224,00,00,20,+25,+37.83084,-109.66739,01.0,06,038,3,2022-08-12
042177,22,224,04,00,26,+25,+37.83049,-109.66785,01.0,07,038,3,2022-08-12
042177,22,224,10,00,40,+28,+37.83354,-109.66764,00.7,10,038,3,2022-08-12
042177,22,224,12,00,86,+31,+37.82976,-109.66720,01.1,08,038,3,2022-08-12
042177,22,224,14,00,64,+33,+37.83111,-109.67028,01.1,07,040,3,2022-08-12
042177,22,224,18,00,52,+31,+37.83296,-109.66732,01.0,07,038,3,2022-08-12
042177,22,224,22,00,48,+24,+37.83333,-109.66758,01.1,06,041,3,2022-08-12
042177,22,225,02,00,42,+25,+37.83643,-109.66661,00.9,08,038,3,2022-08-13
042177,22,225,04,00,24,+25,+37.83613,-109.66688,01.2,07,040,3,2022-08-13
042177,22,225,10,00,34,+32,+37.83978,-109.66088,00.8,09,050,3,2022-08-13
042177,22,225,12,00,84,+33,+37.83645,-109.66425,01.3,08,039,3,2022-08-13
042177,22,225,14,00,78,+32,+37.83109,-109.67056,01.0,08,038,3,2022-08-13
042177,22,225,18,00,80,+27,+37.83696,-109.67014,00.9,08,038,3,2022-08-13
042177,22,225,22,00,22,+29,+37.83702,-109.66988,01.1,06,042,3,2022-08-13
042177,22,226,02,00,30,+26,+37.83694,-109.67026,01.1,08,038,3,2022-08-14
042177,22,226,04,00,14,+27,+37.83701,-109.67007,00.9,07,057,3,2022-08-14
042177,22,226,06,00,34,+21,+37.83535,-109.66982,01.1,06,038,3,2022-08-14
042177,22,226,10,00,98,+31,+37.82737,-109.66866,00.9,08,038,3,2022-08-14
042177,22,226,12,00,60,+32,+37.82806,-109.66927,02.0,08,038,3,2022-08-14
042177,22,226,14,00,84,+30,+37.83013,-109.66715,02.2,04,038,3,2022-08-14
042177,22,226,22,00,20,+27,+37.83101,-109.65872,01.1,06,038,3,2022-08-14
042177,22,227,00,00,20,+25,+37.83103,-109.65858,01.1,06,037,3,2022-08-15
042177,22,227,02,00,68,+23,+37.83094,-109.65513,00.9,09,038,3,2022-08-15
042177,22,227,04,00,46,+25,+37.82970,-109.65759,01.2,06,039,3,2022-08-15
042177,22,227,10,00,78,+29,+37.82478,-109.65718,01.0,08,044,3,2022-08-15
042177,22,227,12,00,52,+28,+37.82487,-109.65606,01.3,07,038,3,2022-08-15
042177,22,227,14,00,60,+24,+37.82789,-109.65334,01.1,07,040,3,2022-08-15
042177,22,227,16,00,72,+25,+37.82999,-109.65484,01.4,06,038,3,2022-08-15
042177,22,227,18,00,86,+21,+37.82991,-109.66019,01.5,06,038,3,2022-08-15
042177,22,228,00,00,22,+24,+37.82633,-109.66654,01.1,06,038,3,2022-08-16
042177,22,228,02,00,20,+26,+37.82633,-109.66654,01.2,07,038,3,2022-08-16
042177,22,228,04,00,28,+25,+37.82654,-109.66632,01.3,07,040,3,2022-08-16
042177,22,228,14,01,82,+25,+37.82199,-109.66651,01.6,06,047,3,2022-08-16
042177,22,228,16,00,38,+30,+37.82107,-109.66599,01.1,07,038,3,2022-08-16
042177,22,228,18,00,70,+24,+37.82709,-109.66156,01.0,07,038,3,2022-08-16
042177,22,229,02,00,62,+23,+37.82280,-109.66903,01.4,07,038,3,2022-08-17
042177,22,229,04,00,16,+25,+37.82286,-109.66842,01.2,07,041,3,2022-08-17
042177,22,229,08,00,78,+25,+37.82487,-109.66280,01.3,07,038,3,2022-08-17
042177,22,229,12,00,58,+23,+37.82358,-109.66640,00.9,08,038,3,2022-08-17
042177,22,229,14,00,96,+29,+37.81954,-109.66762,01.1,07,038,3,2022-08-17
042177,22,229,16,00,76,+30,+37.82314,-109.66824,01.2,07,051,3,2022-08-17
042177,22,229,20,00,70,+26,+37.83068,-109.66783,01.2,06,038,3,2022-08-17
042177,22,230,02,00,20,+24,+37.83028,-109.66873,01.2,07,038,3,2022-08-18
042177,22,230,04,00,22,+23,+37.83066,-109.66827,01.0,08,038,3,2022-08-18
042177,22,230,08,00,98,+24,+37.83210,-109.67466,03.0,05,038,3,2022-08-18
042177,22,230,10,00,90,+28,+37.83554,-109.67272,01.7,06,038,3,2022-08-18
042177,22,230,12,00,58,+27,+37.83629,-109.67102,01.1,07,039,3,2022-08-18
042177,22,230,22,01,36,+26,+37.83098,-109.66934,01.3,06,047,3,2022-08-18
042177,22,231,02,00,20,+23,+37.83034,-109.66953,01.3,07,038,3,2022-08-19
042177,22,231,08,00,96,+23,+37.84217,-109.65952,01.4,06,038,3,2022-08-19
042177,22,231,10,00,86,+21,+37.83872,-109.66275,01.1,08,038,3,2022-08-19
042177,22,231,12,00,78,+20,+37.83792,-109.66316,01.0,08,039,3,2022-08-19
042177,22,231,18,00,84,+25,+37.83391,-109.64782,01.1,05,038,3,2022-08-19
042177,22,232,04,01,18,+26,+37.83412,-109.64913,00.8,09,048,3,2022-08-20
042177,22,232,06,00,42,+20,+37.83343,-109.65007,01.2,06,038,3,2022-08-20
042177,22,232,10,00,50,+28,+37.83180,-109.65221,01.8,07,038,3,2022-08-20
042177,22,232,12,00,64,+27,+37.83285,-109.65019,00.9,08,039,3,2022-08-20
042177,22,232,16,00,84,+30,+37.83293,-109.65171,02.6,05,038,3,2022-08-20
042177,22,233,00,01,16,+23,+37.83485,-109.64794,01.1,05,057,3,2022-08-21
042177,22,233,02,00,10,+23,+37.83510,-109.64813,01.1,08,054,3,2022-08-21
042177,22,233,04,00,22,+23,+37.83563,-109.64811,00.9,08,038,3,2022-08-21
042177,22,233,08,00,98,+21,+37.83239,-109.64989,01.5,06,038,3,2022-08-21
042177,22,233,10,00,70,+27,+37.83211,-109.64977,01.0,08,038,3,2022-08-21
042177,22,233,12,00,44,+28,+37.83222,-109.64945,01.9,06,038,3,2022-08-21
042177,22,233,14,00,92,+29,+37.83234,-109.66934,01.0,07,038,3,2022-08-21
042177,22,234,02,01,16,+23,+37.82786,-109.67007,01.1,08,052,3,2022-08-22
042177,22,234,04,00,74,+17,+37.82656,-109.67136,01.2,07,038,3,2022-08-22
042177,22,234,10,00,26,+32,+37.82316,-109.67253,01.2,06,038,3,2022-08-22
042177,22,235,00,01,30,+23,+37.82508,-109.66957,01.8,06,046,3,2022-08-23
042177,22,235,02,00,32,+24,+37.82783,-109.66984,01.1,08,041,3,2022-08-23
042177,22,235,10,00,94,+30,+37.82677,-109.66959,01.2,06,038,3,2022-08-23
042177,22,235,12,00,54,+29,+37.82796,-109.67110,00.9,08,038,3,2022-08-23
042177,22,235,18,00,58,+29,+37.83031,-109.67053,01.2,06,038,3,2022-08-23
042177,22,235,22,00,46,+26,+37.83330,-109.65105,01.4,05,038,3,2022-08-23
042177,22,236,00,00,30,+24,+37.83205,-109.65091,00.9,07,038,3,2022-08-24
042177,22,236,02,00,74,+25,+37.83237,-109.65139,01.0,08,040,3,2022-08-24
042177,22,236,04,00,20,+25,+37.83243,-109.65134,01.0,08,039,3,2022-08-24
042177,22,236,06,00,60,+22,+37.83349,-109.65026,02.8,06,038,3,2022-08-24
042177,22,236,08,00,98,+25,+37.83535,-109.64710,02.2,05,042,3,2022-08-24
042177,22,236,12,00,48,+30,+37.83363,-109.64859,00.8,06,038,3,2022-08-24
042177,22,236,16,00,84,+31,+37.83131,-109.65931,02.6,06,038,3,2022-08-24
042177,22,236,18,00,92,+29,+37.83076,-109.67077,00.9,08,039,3,2022-08-24
042177,22,236,20,00,76,+26,+37.82755,-109.67258,01.2,06,045,3,2022-08-24
042177,22,237,02,00,72,+24,+37.82773,-109.67392,00.8,09,039,3,2022-08-25
042177,22,237,04,00,46,+26,+37.82722,-109.67266,00.9,08,040,3,2022-08-25
042177,22,237,06,00,42,+23,+37.82870,-109.67531,01.3,07,038,3,2022-08-25
042177,22,237,16,00,40,+31,+37.85808,-109.61618,01.3,07,038,3,2022-08-25
042177,22,237,18,00,94,+25,+37.85990,-109.61585,00.8,09,040,3,2022-08-25
042177,22,237,20,00,50,+27,+37.86020,-109.61560,01.0,07,038,3,2022-08-25
042177,22,237,22,00,26,+25,+37.86037,-109.61588,01.0,06,038,3,2022-08-25
042177,22,238,00,00,26,+23,+37.86024,-109.61585,01.1,06,039,3,2022-08-26
042177,22,238,02,00,28,+19,+37.86039,-109.61582,00.8,10,038,3,2022-08-26
042177,22,238,04,00,22,+20,+37.86035,-109.61574,01.1,07,038,3,2022-08-26
042177,22,238,10,00,42,+27,+37.85470,-109.61922,00.8,09,038,3,2022-08-26
042177,22,238,12,00,44,+20,+37.85343,-109.61849,00.9,08,038,3,2022-08-26
042177,22,238,14,00,88,+24,+37.85210,-109.61655,01.0,06,038,3,2022-08-26
042177,22,238,18,00,84,+24,+37.84876,-109.62007,01.3,07,038,3,2022-08-26
042177,22,238,20,00,62,+24,+37.84873,-109.62080,01.0,07,038,3,2022-08-26
042177,22,238,22,00,24,+23,+37.84867,-109.62044,00.9,07,038,3,2022-08-26
042177,22,239,00,00,22,+21,+37.84875,-109.62048,01.1,07,040,3,2022-08-27
042177,22,239,02,00,60,+21,+37.85002,-109.61933,01.0,09,038,3,2022-08-27
042177,22,239,04,00,16,+21,+37.85009,-109.61918,00.9,08,040,3,2022-08-27
042177,22,239,06,00,46,+19,+37.85016,-109.61824,01.2,07,038,3,2022-08-27
042177,22,239,08,00,82,+26,+37.85413,-109.62095,01.3,07,039,3,2022-08-27
042177,22,239,10,00,18,+27,+37.85404,-109.62091,00.7,11,038,3,2022-08-27
042177,22,239,12,00,74,+28,+37.85229,-109.62120,01.0,07,038,3,2022-08-27
042177,22,239,16,00,54,+29,+37.85213,-109.61901,01.9,07,038,3,2022-08-27
042177,22,239,18,00,74,+25,+37.85429,-109.61467,01.3,07,038,3,2022-08-27
042177,22,239,20,00,78,+24,+37.85984,-109.61437,01.0,07,038,3,2022-08-27
042177,22,239,22,00,22,+22,+37.86015,-109.61416,01.0,06,038,3,2022-08-27
042177,22,240,00,00,56,+25,+37.86012,-109.61594,01.2,06,044,3,2022-08-28
042177,22,240,02,00,20,+25,+37.86003,-109.61608,00.8,10,038,3,2022-08-28
042177,22,240,04,00,20,+23,+37.85983,-109.61376,01.1,06,038,3,2022-08-28
042177,22,240,06,00,78,+19,+37.86083,-109.61506,00.8,09,038,3,2022-08-28
042177,22,240,10,00,58,+30,+37.85051,-109.61805,00.7,11,038,3,2022-08-28
042177,22,240,12,00,62,+29,+37.84866,-109.61870,00.8,08,038,3,2022-08-28
042177,22,240,14,00,72,+28,+37.84980,-109.62044,00.9,06,038,3,2022-08-28
042177,22,240,16,00,94,+31,+37.85562,-109.62696,01.9,06,038,3,2022-08-28
042177,22,240,18,01,70,+29,+37.84634,-109.61868,01.1,07,060,2,2022-08-28
042177,22,240,20,00,62,+24,+37.85325,-109.62059,01.2,06,038,3,2022-08-28
042177,22,240,22,00,38,+23,+37.85362,-109.61929,00.9,07,040,3,2022-08-28
042177,22,241,02,00,70,+24,+37.85421,-109.61922,00.7,11,038,3,2022-08-29
042177,22,241,04,00,14,+26,+37.85429,-109.61929,01.0,08,038,3,2022-08-29
042177,22,241,06,00,48,+20,+37.85545,-109.61853,00.8,09,038,3,2022-08-29
042177,22,241,08,00,88,+30,+37.86020,-109.61574,00.9,09,040,3,2022-08-29
042177,22,241,10,00,20,+30,+37.86020,-109.61569,00.8,10,040,3,2022-08-29
042177,22,241,12,00,62,+33,+37.86219,-109.62023,01.0,07,038,3,2022-08-29
042177,22,241,14,00,18,+32,+37.86240,-109.62028,01.3,06,039,3,2022-08-29
042177,22,241,16,00,64,+34,+37.85929,-109.61872,02.1,06,038,3,2022-08-29
042177,22,241,18,00,90,+30,+37.85187,-109.61920,01.2,08,038,3,2022-08-29
042177,22,241,20,00,86,+24,+37.85839,-109.61620,01.2,06,038,3,2022-08-29
042177,22,241,22,00,20,+24,+37.85849,-109.61613,01.2,06,040,3,2022-08-29
042177,22,242,02,00,18,+24,+37.85844,-109.61612,00.8,09,038,3,2022-08-30
042177,22,242,04,00,16,+24,+37.85844,-109.61605,01.0,08,038,3,2022-08-30
042177,22,242,06,00,52,+21,+37.85957,-109.61464,00.9,08,038,3,2022-08-30
042177,22,242,08,00,98,+27,+37.85726,-109.61540,01.0,09,038,3,2022-08-30
042177,22,242,10,00,48,+29,+37.85345,-109.61544,01.0,09,038,3,2022-08-30
042177,22,242,12,00,30,+31,+37.85233,-109.61506,00.9,07,038,3,2022-08-30
042177,22,242,14,00,96,+35,+37.84996,-109.61856,01.0,06,040,3,2022-08-30
042177,22,242,16,00,74,+30,+37.84889,-109.62089,02.0,06,038,3,2022-08-30
042177,22,242,18,00,92,+28,+37.84606,-109.62414,01.0,08,038,3,2022-08-30
042177,22,242,20,00,68,+25,+37.84719,-109.61918,01.2,06,038,3,2022-08-30
042177,22,243,02,00,36,+25,+37.84849,-109.62044,00.7,09,038,3,2022-08-31
042177,22,243,04,00,16,+24,+37.84851,-109.62049,00.9,07,040,3,2022-08-31
042177,22,243,06,00,52,+21,+37.84716,-109.62152,01.0,08,038,3,2022-08-31
042177,22,243,08,00,84,+25,+37.84999,-109.61822,00.9,10,038,3,2022-08-31
042177,22,243,10,00,28,+31,+37.84896,-109.61795,00.8,10,038,3,2022-08-31
042177,22,243,12,00,66,+33,+37.84977,-109.61842,01.0,07,038,3,2022-08-31
042177,22,243,14,00,86,+34,+37.85211,-109.61887,01.0,06,038,3,2022-08-31
042177,22,243,16,00,44,+35,+37.85312,-109.61785,01.6,06,038,3,2022-08-31
042177,22,243,18,00,94,+32,+37.86022,-109.61602,01.0,08,038,3,2022-08-31
042177,22,243,22,01,22,+25,+37.85844,-109.61605,01.1,06,057,3,2022-08-31
042177,22,244,00,00,22,+25,+37.85884,-109.61612,01.2,07,040,3,2022-09-01
042177,22,244,02,00,14,+25,+37.85882,-109.61612,00.7,10,038,3,2022-09-01
042177,22,244,04,00,14,+24,+37.85882,-109.61613,00.8,08,038,3,2022-09-01
042177,22,244,06,00,56,+21,+37.85990,-109.61544,01.1,08,038,3,2022-09-01
042177,22,244,08,00,98,+26,+37.86014,-109.61546,00.9,09,038,3,2022-09-01
042177,22,244,10,00,26,+29,+37.86034,-109.61582,01.2,09,038,3,2022-09-01
042177,22,244,12,00,74,+35,+37.85968,-109.61565,00.9,08,039,3,2022-09-01
042177,22,244,14,00,76,+35,+37.85026,-109.61994,00.9,07,038,3,2022-09-01
042177,22,244,16,00,62,+34,+37.84948,-109.61841,08.7,05,038,3,2022-09-01
042177,22,244,18,00,78,+32,+37.85337,-109.61991,01.5,05,038,3,2022-09-01
042177,22,244,20,00,88,+24,+37.85232,-109.61853,01.1,06,053,3,2022-09-01
042177,22,245,00,00,44,+25,+37.84900,-109.62017,00.8,09,038,3,2022-09-02
042177,22,245,02,00,16,+23,+37.84894,-109.62034,00.7,11,038,3,2022-09-02
042177,22,245,04,00,14,+24,+37.84886,-109.62036,00.8,09,038,3,2022-09-02
042177,22,245,06,00,52,+23,+37.84965,-109.62108,00.8,10,038,3,2022-09-02
042177,22,245,08,00,92,+27,+37.84834,-109.62412,00.9,10,040,3,2022-09-02
042177,22,245,14,00,22,+34,+37.85177,-109.61907,01.2,06,038,3,2022-09-02
042177,22,245,16,00,14,+41,+37.85126,-109.61853,03.0,06,038,3,2022-09-02
042177,22,245,20,00,92,+25,+37.85024,-109.61752,01.1,06,038,3,2022-09-02
042177,22,245,22,00,26,+28,+37.85044,-109.61739,01.5,06,040,3,2022-09-02
042177,22,246,00,00,22,+27,+37.84980,-109.61862,00.8,09,058,3,2022-09-03
042177,22,246,02,00,14,+28,+37.84984,-109.61853,00.7,11,038,3,2022-09-03
042177,22,246,04,00,12,+27,+37.84980,-109.61860,01.3,06,038,3,2022-09-03
042177,22,246,06,00,50,+23,+37.84722,-109.62059,00.8,10,038,3,2022-09-03
042177,22,246,08,00,92,+28,+37.84140,-109.62547,01.1,08,040,3,2022-09-03
042177,22,246,10,00,30,+29,+37.84151,-109.62600,01.1,09,038,3,2022-09-03
042177,22,246,12,00,12,+34,+37.84130,-109.62612,01.1,06,038,3,2022-09-03
042177,22,246,16,00,46,+33,+37.85163,-109.61926,01.0,06,038,3,2022-09-03
042177,22,246,20,00,86,+26,+37.85141,-109.62210,01.5,05,039,3,2022-09-03
042177,22,246,22,00,16,+25,+37.85089,-109.62221,00.8,08,039,3,2022-09-03
042177,22,247,02,00,52,+23,+37.84957,-109.62028,00.8,10,038,3,2022-09-04
042177,22,247,04,00,20,+24,+37.84991,-109.61860,00.8,10,038,3,2022-09-04
042177,22,247,06,00,18,+20,+37.85160,-109.61969,01.0,09,038,3,2022-09-04
042177,22,247,08,00,96,+23,+37.84630,-109.62185,01.3,08,038,3,2022-09-04
042177,22,247,10,00,56,+28,+37.84637,-109.62196,01.1,09,039,3,2022-09-04
042177,22,247,12,00,38,+34,+37.84508,-109.62292,01.1,06,038,3,2022-09-04
042177,22,247,14,00,70,+34,+37.84456,-109.62379,00.8,07,039,3,2022-09-04
042177,22,247,16,00,42,+33,+37.84354,-109.62342,01.0,06,038,3,2022-09-04
042177,22,247,20,00,72,+26,+37.85977,-109.61605,01.2,06,038,3,2022-09-04
042177,22,247,22,00,30,+23,+37.85984,-109.61640,00.8,08,040,3,2022-09-04
042177,22,248,00,00,24,+25,+37.86008,-109.61626,00.9,09,040,3,2022-09-05
042177,22,248,02,00,12,+24,+37.86005,-109.61627,00.8,09,038,3,2022-09-05
042177,22,248,04,00,14,+25,+37.86023,-109.61602,00.9,09,038,3,2022-09-05
042177,22,248,06,00,36,+21,+37.86020,-109.61392,01.2,08,038,3,2022-09-05
042177,22,248,08,00,76,+31,+37.85915,-109.61285,00.9,09,038,3,2022-09-05
042177,22,248,10,00,56,+37,+37.85990,-109.61399,01.1,08,038,3,2022-09-05
042177,22,248,12,00,34,+39,+37.85990,-109.61429,01.1,06,038,3,2022-09-05
042177,22,248,16,00,18,+32,+37.85171,-109.61929,01.7,06,038,3,2022-09-05
042177,22,248,20,00,88,+25,+37.83159,-109.66957,01.3,05,038,3,2022-09-05
042177,22,248,22,00,94,+20,+37.83080,-109.66867,01.0,06,038,3,2022-09-05
042177,22,249,00,00,32,+21,+37.83102,-109.66893,00.9,08,038,3,2022-09-06
042177,22,249,02,00,12,+23,+37.83136,-109.66885,01.1,07,038,3,2022-09-06
042177,22,249,04,00,12,+21,+37.83118,-109.66869,01.0,07,040,3,2022-09-06
042177,22,249,06,00,60,+18,+37.82993,-109.66762,01.3,07,039,3,2022-09-06
042177,22,249,08,00,92,+24,+37.83059,-109.66480,00.9,10,038,3,2022-09-06
042177,22,249,12,00,50,+37,+37.83437,-109.65664,01.1,06,038,3,2022-09-06
042177,22,249,16,00,64,+36,+37.83155,-109.64962,05.8,04,038,3,2022-09-06
042177,22,249,18,00,96,+31,+37.83480,-109.64778,01.3,06,042,3,2022-09-06
042177,22,249,20,00,74,+28,+37.83306,-109.65106,01.1,06,038,3,2022-09-06
042177,22,250,00,00,74,+24,+37.83269,-109.65126,00.9,09,038,3,2022-09-07
042177,22,250,02,00,12,+28,+37.83279,-109.65133,01.3,06,040,3,2022-09-07
042177,22,250,04,00,16,+29,+37.83275,-109.65126,01.0,08,040,3,2022-09-07
042177,22,250,06,00,24,+25,+37.83293,-109.65031,01.0,09,038,3,2022-09-07
042177,22,250,08,00,96,+27,+37.83613,-109.65149,00.8,09,040,3,2022-09-07
042177,22,250,12,00,58,+34,+37.83241,-109.66992,01.2,06,038,3,2022-09-07
042177,22,250,16,00,98,+32,+37.82958,-109.67385,01.0,07,043,3,2022-09-07
042177,22,250,20,00,90,+24,+37.82833,-109.67071,01.1,06,038,3,2022-09-07
042177,22,251,00,00,76,+20,+37.82913,-109.67189,01.0,08,038,3,2022-09-08
042177,22,251,02,00,68,+23,+37.83016,-109.67277,01.1,07,040,3,2022-09-08
042177,22,251,06,00,26,+20,+37.83020,-109.67132,01.5,07,038,3,2022-09-08
042177,22,251,08,00,98,+25,+37.83392,-109.67346,01.7,07,038,3,2022-09-08
042177,22,252,02,01,52,+22,+37.83020,-109.66728,00.8,09,038,3,2022-09-09
042177,22,252,04,00,08,+24,+37.83056,-109.66734,01.4,06,039,3,2022-09-09
042177,22,252,08,00,96,+23,+37.82986,-109.67053,01.1,06,038,3,2022-09-09
042177,22,252,12,00,62,+32,+37.83180,-109.66671,01.1,06,040,3,2022-09-09
042177,22,253,00,01,52,+24,+37.83336,-109.64918,00.9,09,043,3,2022-09-10
042177,22,253,02,00,24,+25,+37.83346,-109.64926,00.8,09,039,3,2022-09-10
042177,22,253,04,00,70,+25,+37.83334,-109.64905,01.2,07,039,3,2022-09-10
042177,22,253,06,00,30,+21,+37.83297,-109.64952,01.5,06,038,3,2022-09-10
042177,22,253,08,00,98,+25,+37.83153,-109.65599,01.3,06,038,3,2022-09-10
042177,22,253,12,00,76,+31,+37.83129,-109.65948,01.1,06,039,3,2022-09-10
042177,22,253,14,00,46,+32,+37.83111,-109.65912,01.6,06,038,3,2022-09-10
042177,22,253,20,01,76,+25,+37.83472,-109.64781,01.0,07,055,3,2022-09-10
042177,22,253,22,00,14,+24,+37.83439,-109.64779,01.3,05,041,3,2022-09-10
042177,22,254,00,00,74,+18,+37.83346,-109.64744,01.2,07,038,3,2022-09-11
042177,22,254,02,00,62,+21,+37.83394,-109.64807,00.9,08,040,3,2022-09-11
042177,22,254,04,00,20,+22,+37.83310,-109.64712,01.0,08,049,3,2022-09-11
042177,22,254,06,00,58,+15,+37.83276,-109.64908,01.4,06,051,3,2022-09-11
042177,22,254,08,00,98,+23,+37.83243,-109.64937,01.0,08,038,3,2022-09-11
042177,22,254,10,00,98,+27,+37.83146,-109.65153,01.6,06,038,3,2022-09-11
042177,22,254,12,00,28,+33,+37.83159,-109.65157,01.1,06,041,3,2022-09-11
042177,22,254,14,00,68,+32,+37.83187,-109.65106,01.3,06,038,3,2022-09-11
042177,22,254,16,00,90,+29,+37.83136,-109.67319,01.1,06,038,3,2022-09-11
042177,22,254,20,00,68,+25,+37.83527,-109.67292,00.8,08,038,3,2022-09-11
042177,22,254,22,00,16,+24,+37.83525,-109.67308,01.0,07,039,3,2022-09-11
042177,22,255,02,00,54,+21,+37.83621,-109.67049,01.0,08,038,3,2022-09-12
042177,22,255,04,00,14,+23,+37.83609,-109.67067,01.3,07,040,3,2022-09-12
042177,22,255,06,00,40,+19,+37.83650,-109.67018,02.3,05,056,3,2022-09-12
042177,22,256,00,01,18,+24,+37.88400,-109.64679,01.1,08,038,3,2022-09-13
042177,22,256,02,00,20,+25,+37.88414,-109.64674,01.3,07,058,3,2022-09-13
042177,22,256,04,00,20,+25,+37.88405,-109.64680,01.5,06,041,3,2022-09-13
042177,22,256,06,00,36,+20,+37.88317,-109.64710,01.7,06,042,3,2022-09-13
042177,22,257,04,01,26,+21,+37.86114,-109.65420,01.6,06,059,3,2022-09-14
042177,22,257,06,00,20,+23,+37.86156,-109.65431,01.6,06,041,3,2022-09-14
042177,22,257,10,00,50,+25,+37.86419,-109.65399,02.8,04,038,3,2022-09-14
042177,22,257,16,01,98,+23,+37.85902,-109.65406,01.1,06,058,3,2022-09-14
042177,22,258,00,00,26,+24,+37.86523,-109.65301,01.2,07,038,3,2022-09-15
042177,22,258,04,00,20,+24,+37.86488,-109.65319,01.6,06,038,3,2022-09-15
042177,22,258,06,00,46,+18,+37.86404,-109.65302,01.3,07,038,3,2022-09-15
042177,22,258,22,01,20,+22,+37.87454,-109.65107,01.3,06,042,3,2022-09-15
042177,22,259,00,00,32,+20,+37.87441,-109.65115,01.3,07,038,3,2022-09-16
042177,22,259,04,00,40,+20,+37.87451,-109.65106,01.2,07,038,3,2022-09-16
042177,22,259,06,00,24,+18,+37.87467,-109.65067,01.3,07,038,3,2022-09-16
042177,22,259,08,00,96,+18,+37.87783,-109.64974,03.7,05,040,3,2022-09-16
042177,22,260,00,01,20,+20,+37.87730,-109.65007,01.1,08,038,3,2022-09-17
042177,22,260,02,00,24,+20,+37.87772,-109.64987,01.0,07,038,3,2022-09-17
042177,22,260,04,00,34,+21,+37.87748,-109.65006,01.8,06,040,3,2022-09-17
042177,22,260,12,00,66,+34,+37.89463,-109.63688,01.1,05,038,3,2022-09-17
042177,22,260,20,00,80,+25,+37.91658,-109.64028,01.3,05,044,3,2022-09-17
042177,22,260,22,00,20,+25,+37.91666,-109.64094,01.7,06,040,3,2022-09-17
042177,22,261,00,00,26,+24,+37.91639,-109.64094,01.0,08,038,3,2022-09-18
042177,22,261,02,00,64,+17,+37.91496,-109.64008,01.0,08,038,3,2022-09-18
042177,22,261,22,01,42,+24,+37.91840,-109.64113,01.1,06,056,3,2022-09-18
042177,22,262,00,00,22,+23,+37.91839,-109.64099,01.3,07,039,3,2022-09-19
042177,22,262,02,00,18,+23,+37.91838,-109.64100,01.1,07,039,3,2022-09-19
042177,22,262,04,00,44,+20,+37.91833,-109.64098,01.2,07,040,3,2022-09-19
042177,22,262,08,00,98,+25,+37.93149,-109.63749,01.6,06,038,3,2022-09-19
042177,22,262,12,00,58,+35,+37.93931,-109.63625,01.0,07,038,3,2022-09-19
042177,22,262,16,00,42,+34,+37.94103,-109.63452,00.9,08,038,3,2022-09-19
042177,22,262,18,00,88,+26,+37.94133,-109.63621,02.0,04,038,3,2022-09-19
042177,22,262,20,00,74,+25,+37.94116,-109.63578,01.2,06,040,3,2022-09-19
042177,22,262,22,00,16,+25,+37.93999,-109.63552,00.9,07,040,3,2022-09-19
042177,22,263,00,00,16,+23,+37.94006,-109.63547,00.9,09,039,3,2022-09-20
042177,22,263,02,00,34,+25,+37.94021,-109.63524,00.9,08,040,3,2022-09-20
042177,22,263,04,00,22,+26,+37.94062,-109.63495,00.9,09,040,3,2022-09-20
042177,22,263,06,00,22,+23,+37.94105,-109.63444,01.3,07,038,3,2022-09-20
042177,22,263,08,00,94,+25,+37.94306,-109.63513,00.8,09,038,3,2022-09-20
042177,22,263,12,00,46,+30,+37.94487,-109.63468,01.0,07,038,3,2022-09-20
042177,22,263,16,00,48,+23,+37.94369,-109.63371,00.8,09,038,3,2022-09-20
042177,22,263,20,00,20,+26,+37.94462,-109.63272,01.1,07,038,3,2022-09-20
042177,22,263,22,00,12,+25,+37.94435,-109.63264,01.1,06,039,3,2022-09-20
042177,22,264,00,00,50,+24,+37.94400,-109.63287,00.9,09,040,3,2022-09-21
042177,22,264,02,00,18,+25,+37.94399,-109.63288,00.9,08,040,3,2022-09-21
042177,22,264,04,00,10,+26,+37.94394,-109.63288,01.0,08,038,3,2022-09-21
042177,22,264,06,00,36,+23,+37.94323,-109.63378,01.3,07,038,3,2022-09-21
042177,22,264,10,00,72,+23,+37.94327,-109.63520,00.9,08,038,3,2022-09-21
042177,22,264,12,00,72,+27,+37.94417,-109.63493,01.0,07,038,3,2022-09-21
042177,22,264,16,00,44,+25,+37.94488,-109.63490,01.0,06,038,3,2022-09-21
042177,22,264,20,00,34,+24,+37.94535,-109.63265,00.9,07,038,3,2022-09-21
042177,22,264,22,00,14,+24,+37.94527,-109.63261,01.0,07,042,3,2022-09-21
042177,22,265,00,00,12,+23,+37.94549,-109.63259,00.9,09,038,3,2022-09-22
042177,22,265,02,00,26,+24,+37.94548,-109.63253,01.1,05,040,3,2022-09-22
042177,22,265,04,00,12,+23,+37.94516,-109.63249,00.9,09,041,3,2022-09-22
042177,22,265,12,00,64,+32,+37.94203,-109.63481,01.0,07,038,3,2022-09-22
042177,22,265,16,00,98,+31,+37.93910,-109.63715,00.9,06,038,3,2022-09-22
042177,22,265,20,00,46,+25,+37.93774,-109.63634,01.0,06,038,3,2022-09-22
042177,22,265,22,00,32,+23,+37.93716,-109.63621,01.2,06,040,3,2022-09-22
042177,22,266,00,00,58,+20,+37.93739,-109.63581,00.9,09,038,3,2022-09-23
042177,22,266,02,00,38,+24,+37.93695,-109.63597,01.0,07,058,3,2022-09-23
042177,22,266,04,00,14,+21,+37.93678,-109.63600,00.9,09,040,3,2022-09-23
042177,22,266,06,00,26,+19,+37.93650,-109.63607,01.2,07,038,3,2022-09-23
042177,22,266,08,00,92,+23,+37.93748,-109.63724,01.0,09,040,3,2022-09-23
042177,22,266,10,00,18,+30,+37.93749,-109.63722,00.9,08,040,3,2022-09-23
042177,22,266,12,00,34,+30,+37.93695,-109.63730,01.1,06,038,3,2022-09-23
042177,22,266,16,00,68,+34,+37.94600,-109.63268,02.1,05,038,3,2022-09-23
042177,22,267,00,00,68,+16,+37.94316,-109.63465,00.9,09,039,3,2022-09-24
042177,22,267,04,00,20,+15,+37.94187,-109.63331,01.0,08,038,3,2022-09-24
042177,22,267,06,00,10,+16,+37.94180,-109.63329,01.1,08,040,3,2022-09-24
042177,22,267,08,00,86,+21,+37.94042,-109.63200,01.1,08,038,3,2022-09-24
042177,22,267,10,00,54,+32,+37.94039,-109.63181,00.9,08,038,3,2022-09-24
042177,22,267,12,00,88,+34,+37.94191,-109.63321,00.9,08,038,3,2022-09-24
042177,22,267,14,00,18,+30,+37.94163,-109.63293,02.5,06,038,3,2022-09-24
042177,22,267,16,00,40,+32,+37.94303,-109.63547,01.2,06,038,3,2022-09-24
042177,22,267,18,00,82,+26,+37.94423,-109.63352,01.5,05,038,3,2022-09-24
042177,22,267,20,00,82,+24,+37.94319,-109.63325,00.9,08,039,3,2022-09-24
042177,22,267,22,00,10,+22,+37.94317,-109.63327,01.2,06,039,3,2022-09-24
042177,22,268,00,00,38,+17,+37.94266,-109.63339,00.9,09,038,3,2022-09-25
042177,22,268,04,00,12,+20,+37.94321,-109.63325,00.9,09,038,3,2022-09-25
042177,22,268,06,00,14,+19,+37.94311,-109.63340,01.1,08,038,3,2022-09-25
042177,22,268,08,00,92,+21,+37.94597,-109.63279,00.9,09,038,3,2022-09-25
042177,22,268,10,00,30,+28,+37.94575,-109.63228,01.3,06,039,3,2022-09-25
042177,22,268,12,00,26,+32,+37.94530,-109.63446,01.4,06,038,3,2022-09-25
042177,22,268,14,00,90,+36,+37.94556,-109.63420,02.4,06,038,3,2022-09-25
042177,22,268,16,00,84,+33,+37.94426,-109.63532,01.3,06,041,3,2022-09-25
042177,22,268,18,00,82,+25,+37.94041,-109.63619,01.2,06,038,3,2022-09-25
042177,22,268,22,00,16,+23,+37.94031,-109.63655,01.0,08,038,3,2022-09-25
042177,22,269,00,00,18,+19,+37.94052,-109.63667,01.0,09,038,3,2022-09-26
042177,22,269,02,00,18,+17,+37.94054,-109.63659,01.1,07,040,3,2022-09-26
042177,22,269,04,00,14,+19,+37.94037,-109.63654,01.1,07,040,3,2022-09-26
042177,22,269,06,00,34,+15,+37.94077,-109.63612,02.2,05,038,3,2022-09-26
042177,22,269,08,00,96,+26,+37.93596,-109.63711,01.0,07,038,3,2022-09-26
042177,22,269,16,00,92,+32,+37.93113,-109.63854,00.9,08,046,3,2022-09-26
042177,22,269,18,00,84,+24,+37.93030,-109.63851,01.5,05,038,3,2022-09-26
042177,22,269,22,00,26,+25,+37.93024,-109.63928,01.0,07,038,3,2022-09-26
042177,22,270,02,00,32,+22,+37.92993,-109.63777,01.1,07,038,3,2022-09-27
042177,22,270,04,00,12,+24,+37.92989,-109.63780,01.2,08,038,3,2022-09-27
042177,22,270,08,00,98,+27,+37.92699,-109.64044,01.1,07,038,3,2022-09-27
042177,22,270,12,00,44,+30,+37.92346,-109.64098,01.3,06,038,3,2022-09-27
042177,22,270,14,00,50,+34,+37.92581,-109.64186,02.2,06,038,3,2022-09-27
042177,22,270,16,00,96,+30,+37.92517,-109.64086,01.0,07,038,3,2022-09-27
042177,22,270,18,00,72,+27,+37.92406,-109.64154,01.2,06,038,3,2022-09-27
042177,22,270,22,00,24,+25,+37.92606,-109.64187,01.1,07,038,3,2022-09-27
042177,22,271,00,00,20,+25,+37.92564,-109.64220,00.8,10,038,3,2022-09-28
042177,22,271,02,00,32,+21,+37.92478,-109.64161,01.1,07,038,3,2022-09-28
042177,22,271,04,00,36,+22,+37.92470,-109.64178,01.2,07,038,3,2022-09-28
042177,22,271,08,00,98,+24,+37.92412,-109.63932,02.1,07,038,3,2022-09-28
042177,22,271,12,00,38,+30,+37.92390,-109.63932,01.3,06,038,3,2022-09-28
042177,22,271,16,00,74,+29,+37.92097,-109.63288,01.1,06,038,3,2022-09-28
042177,22,271,18,00,92,+24,+37.92082,-109.63331,01.5,05,038,3,2022-09-28
042177,22,272,00,01,18,+23,+37.92098,-109.63508,01.2,07,055,3,2022-09-29
042177,22,272,02,00,16,+23,+37.92078,-109.63478,01.3,06,038,3,2022-09-29
042177,22,272,04,00,12,+24,+37.92084,-109.63478,01.1,07,040,3,2022-09-29
042177,22,272,06,00,18,+20,+37.92163,-109.63438,01.4,06,040,3,2022-09-29
042177,22,272,10,00,84,+29,+37.92067,-109.63446,01.0,06,053,3,2022-09-29
042177,22,272,12,00,14,+30,+37.92061,-109.63452,00.9,08,038,3,2022-09-29
042177,22,272,14,00,70,+30,+37.92337,-109.64000,03.0,05,041,3,2022-09-29
042177,22,272,16,00,80,+33,+37.93239,-109.63700,01.0,07,039,3,2022-09-29
042177,22,272,18,00,80,+25,+37.93282,-109.63752,01.2,06,038,3,2022-09-29
042177,22,272,20,00,56,+25,+37.93374,-109.63858,01.1,06,039,3,2022-09-29
042177,22,273,00,00,14,+25,+37.93312,-109.63888,01.1,07,038,3,2022-09-30
042177,22,273,04,00,34,+26,+37.93308,-109.63884,00.9,09,038,3,2022-09-30
042177,22,273,08,00,90,+27,+37.93769,-109.63681,01.5,06,038,3,2022-09-30
042177,22,273,12,00,22,+32,+37.93957,-109.63631,00.9,08,038,3,2022-09-30
042177,22,273,14,00,48,+28,+37.93717,-109.63607,02.1,05,038,3,2022-09-30
042177,22,273,18,00,74,+18,+37.93462,-109.63734,01.1,06,038,3,2022-09-30
042177,22,274,00,00,16,+20,+37.93190,-109.63948,01.0,09,038,3,2022-10-01
042177,22,274,02,00,16,+21,+37.93207,-109.63936,01.1,07,038,3,2022-10-01
042177,22,274,04,00,28,+21,+37.93300,-109.63878,00.9,09,038,3,2022-10-01
042177,22,274,06,00,28,+20,+37.93338,-109.63845,01.0,08,038,3,2022-10-01
042177,22,274,12,00,26,+28,+37.93641,-109.63707,00.9,08,038,3,2022-10-01
042177,22,274,14,00,96,+28,+37.93766,-109.63724,01.9,06,038,3,2022-10-01
042177,22,274,18,00,82,+25,+37.94197,-109.63368,01.1,06,041,3,2022-10-01
042177,22,274,20,00,16,+25,+37.94197,-109.63386,00.9,08,038,3,2022-10-01
042177,22,274,22,00,14,+24,+37.94197,-109.63381,00.8,10,040,3,2022-10-01
042177,22,275,00,00,12,+24,+37.94193,-109.63352,00.9,09,038,3,2022-10-02
042177,22,275,02,00,10,+25,+37.94179,-109.63333,01.2,06,038,3,2022-10-02
042177,22,275,04,00,08,+24,+37.94179,-109.63333,00.8,10,038,3,2022-10-02
042177,22,275,06,00,38,+20,+37.94113,-109.63232,00.9,09,038,3,2022-10-02
042177,22,275,08,00,94,+20,+37.93586,-109.63268,01.1,09,038,3,2022-10-02
042177,22,275,14,00,42,+29,+37.94224,-109.63127,00.9,08,038,3,2022-10-02
042177,22,275,16,00,92,+27,+37.94155,-109.63539,01.1,07,038,3,2022-10-02
042177,22,275,18,00,98,+20,+37.94105,-109.63648,01.0,07,038,3,2022-10-02
042177,22,275,22,00,50,+19,+37.94042,-109.63718,00.9,09,038,3,2022-10-02
042177,22,276,00,00,26,+23,+37.93997,-109.63761,01.1,08,038,3,2022-10-03
042177,22,276,02,00,14,+23,+37.93997,-109.63764,01.0,08,038,3,2022-10-03
042177,22,276,04,00,18,+21,+37.94005,-109.63749,01.0,07,038,3,2022-10-03
042177,22,276,14,01,08,+29,+37.94600,-109.63322,01.0,07,047,3,2022-10-03
042177,22,277,00,00,12,+21,+37.93839,-109.63772,01.1,08,038,3,2022-10-04
042177,22,277,02,00,14,+20,+37.93840,-109.63764,00.8,09,038,3,2022-10-04
042177,22,277,04,00,06,+22,+37.93836,-109.63774,01.0,08,040,3,2022-10-04
042177,22,277,06,00,30,+17,+37.93896,-109.63768,01.3,07,038,3,2022-10-04
042177,22,277,10,00,96,+25,+37.93686,-109.63558,00.9,06,038,3,2022-10-04
042177,22,277,12,00,44,+28,+37.93623,-109.63677,01.5,06,038,3,2022-10-04
042177,22,277,14,00,18,+27,+37.93608,-109.63642,01.8,06,038,3,2022-10-04
042177,22,277,16,00,46,+28,+37.93664,-109.63771,01.2,06,038,3,2022-10-04
042177,22,277,18,00,98,+23,+37.93508,-109.63799,01.0,07,038,3,2022-10-04
042177,22,277,20,00,68,+20,+37.93510,-109.63716,01.4,06,038,3,2022-10-04
042177,22,278,02,00,10,+19,+37.93440,-109.63932,01.0,07,049,3,2022-10-05
042177,22,278,04,00,10,+18,+37.93419,-109.63871,01.1,08,038,3,2022-10-05
042177,22,278,06,00,12,+17,+37.93397,-109.63840,01.2,08,038,3,2022-10-05
042177,22,278,08,00,96,+16,+37.93062,-109.63858,01.7,06,041,3,2022-10-05
042177,22,278,12,00,80,+28,+37.92989,-109.63760,01.0,07,038,3,2022-10-05
042177,22,278,14,00,12,+28,+37.93072,-109.63819,01.7,06,038,3,2022-10-05
042177,22,278,20,01,44,+20,+37.93788,-109.63630,01.4,06,055,3,2022-10-05
042177,22,278,22,00,46,+17,+37.93776,-109.63631,00.9,09,038,3,2022-10-05
042177,22,279,00,00,42,+20,+37.93817,-109.63581,00.8,09,040,3,2022-10-06
042177,22,279,02,00,14,+22,+37.93827,-109.63581,01.3,06,038,3,2022-10-06
042177,22,279,04,00,12,+21,+37.93813,-109.63581,00.9,09,038,3,2022-10-06
042177,22,279,06,00,26,+17,+37.93840,-109.63535,00.8,10,038,3,2022-10-06
042177,22,279,08,00,80,+21,+37.93974,-109.63578,01.6,06,038,3,2022-10-06
042177,22,279,22,01,62,+20,+37.93504,-109.63813,01.1,07,045,3,2022-10-06
042177,22,280,00,00,66,+17,+37.93499,-109.63753,01.3,05,038,3,2022-10-07
042177,22,280,02,00,62,+20,+37.93470,-109.63871,00.9,08,040,3,2022-10-07
042177,22,280,04,00,12,+22,+37.93466,-109.63877,01.1,08,038,3,2022-10-07
042177,22,280,06,00,22,+20,+37.93461,-109.63873,00.8,11,038,3,2022-10-07
042177,22,280,08,00,48,+23,+37.93480,-109.63726,01.2,08,038,3,2022-10-07
042177,22,280,10,00,78,+27,+37.93640,-109.63649,00.8,08,038,3,2022-10-07
042177,22,280,14,00,50,+23,+37.93601,-109.63796,01.1,07,038,3,2022-10-07
042177,22,280,22,01,54,+17,+37.93404,-109.63836,01.4,08,051,3,2022-10-07
042177,22,281,00,00,50,+21,+37.93487,-109.63864,00.9,08,040,3,2022-10-08
042177,22,281,02,00,16,+21,+37.93486,-109.63887,01.3,06,040,3,2022-10-08
042177,22,281,04,00,24,+17,+37.93529,-109.63787,01.3,08,040,3,2022-10-08
042177,22,281,06,00,10,+19,+37.93514,-109.63758,00.8,11,038,3,2022-10-08
042177,22,281,08,00,92,+18,+37.93700,-109.63619,01.3,07,038,3,2022-10-08
042177,22,281,10,00,92,+25,+37.93643,-109.63467,00.9,08,038,3,2022-10-08
042177,22,281,12,00,16,+30,+37.93654,-109.63465,00.9,08,040,3,2022-10-08
042177,22,281,14,00,60,+30,+37.93825,-109.63444,00.9,08,038,3,2022-10-08
042177,22,281,16,00,22,+30,+37.93781,-109.63480,01.0,06,038,3,2022-10-08
042177,22,281,18,00,58,+22,+37.94464,-109.63299,00.9,06,038,3,2022-10-08
042177,22,281,20,00,28,+22,+37.94372,-109.63306,02.6,05,040,3,2022-10-08
042177,22,281,22,00,74,+17,+37.94081,-109.63191,01.2,07,038,3,2022-10-08
042177,22,282,00,00,96,+18,+37.94099,-109.63207,00.9,08,038,3,2022-10-09
042177,22,282,02,00,32,+22,+37.94069,-109.63173,01.1,07,058,3,2022-10-09
042177,22,282,04,00,18,+23,+37.94036,-109.63166,01.7,06,038,3,2022-10-09
042177,22,282,06,00,06,+23,+37.94069,-109.63167,00.7,11,038,3,2022-10-09
042177,22,282,08,00,78,+20,+37.94220,-109.63233,01.0,09,038,3,2022-10-09
042177,22,282,10,00,52,+31,+37.94301,-109.63082,01.0,07,041,3,2022-10-09
042177,22,282,12,00,10,+29,+37.94286,-109.63106,00.9,08,040,3,2022-10-09
042177,22,282,14,00,58,+30,+37.94139,-109.63135,01.0,07,040,3,2022-10-09
042177,22,282,20,00,46,+20,+37.94147,-109.63426,01.1,06,038,3,2022-10-09
042177,22,282,22,00,26,+16,+37.94034,-109.63581,01.3,08,038,3,2022-10-09
042177,22,283,04,00,34,+19,+37.93679,-109.63598,01.1,08,038,3,2022-10-10
042177,22,283,06,00,10,+21,+37.93667,-109.63588,00.8,10,038,3,2022-10-10
042177,22,283,10,00,90,+25,+37.93725,-109.63665,01.1,06,038,3,2022-10-10
042177,22,283,14,00,24,+28,+37.93680,-109.63733,01.1,06,038,3,2022-10-10
042177,22,283,20,00,58,+21,+37.93163,-109.63732,01.1,06,039,3,2022-10-10
042177,22,283,22,00,36,+18,+37.93257,-109.63838,01.0,09,038,3,2022-10-10
042177,22,284,02,00,34,+19,+37.92909,-109.64019,01.0,08,038,3,2022-10-11
042177,22,284,04,00,10,+19,+37.92931,-109.64035,01.5,06,038,3,2022-10-11
042177,22,284,06,00,10,+19,+37.92911,-109.64012,00.9,10,040,3,2022-10-11
042177,22,284,08,00,92,+17,+37.92840,-109.63959,01.3,07,038,3,2022-10-11
042177,22,284,10,00,38,+29,+37.92859,-109.63991,01.2,07,039,3,2022-10-11
042177,22,284,14,00,42,+31,+37.92860,-109.63915,01.6,06,038,3,2022-10-11
042177,22,284,20,00,74,+21,+37.92629,-109.64150,01.1,06,038,3,2022-10-11
042177,22,284,22,00,18,+21,+37.92623,-109.64155,00.8,10,038,3,2022-10-11
042177,22,285,00,00,58,+17,+37.92465,-109.64260,00.9,08,040,3,2022-10-12
042177,22,285,06,00,48,+17,+37.92335,-109.64099,01.0,08,038,3,2022-10-12
042177,22,285,08,00,18,+17,+37.92366,-109.64141,01.6,07,039,3,2022-10-12
042177,22,285,10,00,68,+27,+37.91370,-109.64172,01.1,06,060,2,2022-10-12
042177,22,285,12,00,66,+28,+37.91681,-109.64167,02.0,05,041,3,2022-10-12
042177,22,285,14,00,50,+30,+37.91569,-109.64067,01.5,06,038,3,2022-10-12
042177,22,285,20,00,44,+22,+37.91391,-109.64098,01.1,06,038,3,2022-10-12
042177,22,285,22,00,30,+16,+37.91530,-109.64031,00.9,09,038,3,2022-10-12
042177,22,286,00,00,86,+17,+37.91603,-109.64031,01.2,07,039,3,2022-10-13
042177,22,286,02,00,22,+18,+37.91566,-109.64044,01.2,06,058,3,2022-10-13
042177,22,286,04,00,20,+16,+37.91469,-109.64073,01.3,07,038,3,2022-10-13
042177,22,286,06,00,20,+17,+37.91434,-109.64098,00.9,08,040,3,2022-10-13
042177,22,286,08,00,84,+14,+37.91611,-109.64041,01.5,07,038,3,2022-10-13
042177,22,286,10,00,98,+24,+37.91700,-109.64103,01.3,06,039,3,2022-10-13
042177,22,286,18,00,88,+21,+37.91683,-109.64310,01.0,07,044,3,2022-10-13
042177,22,286,20,00,48,+20,+37.91667,-109.64315,01.1,06,040,3,2022-10-13
042177,22,286,22,00,38,+20,+37.91657,-109.64317,01.2,08,039,3,2022-10-13
042177,22,287,00,00,46,+17,+37.91790,-109.64260,00.9,08,040,3,2022-10-14
042177,22,287,02,00,12,+18,+37.91800,-109.64248,01.0,07,039,3,2022-10-14
042177,22,287,04,00,20,+16,+37.91816,-109.64275,01.6,06,038,3,2022-10-14
042177,22,287,06,00,12,+16,+37.91794,-109.64260,01.1,08,040,3,2022-10-14
042177,22,287,10,00,94,+25,+37.91803,-109.64093,01.3,05,038,3,2022-10-14
042177,22,287,14,00,22,+30,+37.91773,-109.64093,01.7,05,038,3,2022-10-14
042177,22,287,16,00,92,+27,+37.92283,-109.64218,01.6,05,038,3,2022-10-14
042177,22,287,22,00,34,+16,+37.92757,-109.63973,01.3,07,038,3,2022-10-14
042177,22,288,02,00,80,+17,+37.92745,-109.64089,00.9,08,038,3,2022-10-15
042177,22,288,04,00,12,+20,+37.92745,-109.64086,01.1,07,038,3,2022-10-15
042177,22,288,06,00,10,+20,+37.92743,-109.64085,00.7,11,038,3,2022-10-15
042177,22,288,08,00,74,+16,+37.92737,-109.64024,00.9,09,038,3,2022-10-15
042177,22,288,10,00,72,+24,+37.92737,-109.63978,01.0,06,038,3,2022-10-15
042177,22,288,12,00,60,+31,+37.92706,-109.64001,04.0,04,040,3,2022-10-15
042177,22,288,18,00,68,+20,+37.92670,-109.64058,01.2,07,038,3,2022-10-15
042177,22,288,20,00,64,+23,+37.92765,-109.64065,01.3,06,040,3,2022-10-15
042177,22,288,22,00,10,+20,+37.92759,-109.64080,01.1,08,038,3,2022-10-15
042177,22,289,00,00,08,+22,+37.92770,-109.64062,00.9,07,038,3,2022-10-16
042177,22,289,04,00,88,+15,+37.92784,-109.64231,01.3,06,047,3,2022-10-16
042177,22,289,06,00,10,+18,+37.92833,-109.64141,00.7,11,038,3,2022-10-16
042177,22,289,08,00,64,+16,+37.93004,-109.63932,01.0,08,038,3,2022-10-16
042177,22,289,10,00,92,+24,+37.93026,-109.63766,01.0,06,038,3,2022-10-16
042177,22,289,14,00,10,+30,+37.94277,-109.63404,01.0,06,038,3,2022-10-16
042177,22,289,22,00,14,+21,+37.93422,-109.63897,01.2,07,045,3,2022-10-16
042177,22,290,00,00,12,+20,+37.93418,-109.63898,01.0,07,041,3,2022-10-17
042177,22,290,02,00,52,+15,+37.93246,-109.63874,00.9,07,039,3,2022-10-17
042177,22,290,04,00,36,+18,+37.93237,-109.63894,01.3,07,038,3,2022-10-17
042177,22,290,06,00,12,+17,+37.93234,-109.63928,01.2,08,038,3,2022-10-17
042177,22,290,08,00,86,+17,+37.93423,-109.63761,00.9,09,038,3,2022-10-17
042177,22,290,10,00,96,+24,+37.93445,-109.63703,01.1,06,038,3,2022-10-17
042177,22,290,12,00,30,+27,+37.93339,-109.63681,02.8,05,058,3,2022-10-17
042177,22,290,14,00,78,+27,+37.93279,-109.63752,00.8,08,038,3,2022-10-17
042177,22,290,20,00,48,+21,+37.93519,-109.63783,01.4,06,050,3,2022-10-17
042177,22,290,22,00,14,+18,+37.93542,-109.63798,01.4,07,041,3,2022-10-17
042177,22,291,00,00,28,+19,+37.93507,-109.63854,00.8,09,039,3,2022-10-18
042177,22,291,02,00,20,+17,+37.93486,-109.63812,00.9,08,038,3,2022-10-18
042177,22,291,04,00,98,+13,+37.93516,-109.63699,01.3,07,038,3,2022-10-18
042177,22,291,06,00,16,+14,+37.93556,-109.63753,00.9,09,038,3,2022-10-18
042177,22,291,08,00,98,+16,+37.93596,-109.63638,00.9,08,038,3,2022-10-18
042177,22,291,10,00,76,+31,+37.93529,-109.63588,01.1,07,039,3,2022-10-18
042177,22,291,12,00,14,+34,+37.93571,-109.63579,02.7,05,038,3,2022-10-18
042177,22,291,14,00,76,+29,+37.93493,-109.63524,01.1,06,049,3,2022-10-18
042177,22,291,20,00,52,+21,+37.95553,-109.62955,01.7,05,038,3,2022-10-18
042177,22,291,22,00,14,+19,+37.95557,-109.62969,01.2,07,040,3,2022-10-18
042177,22,292,00,00,60,+18,+37.95532,-109.62988,01.7,06,040,3,2022-10-19
042177,22,292,02,00,18,+14,+37.95527,-109.62990,01.3,06,040,3,2022-10-19
042177,22,292,04,00,80,+13,+37.95497,-109.63005,01.2,07,040,3,2022-10-19
042177,22,292,06,00,10,+17,+37.95494,-109.62998,01.0,08,038,3,2022-10-19
042177,22,292,08,00,80,+17,+37.95542,-109.62867,00.9,07,038,3,2022-10-19
042177,22,292,10,00,94,+29,+37.95448,-109.62765,01.1,07,058,3,2022-10-19
042177,22,292,12,00,14,+37,+37.95441,-109.62774,03.4,04,040,3,2022-10-19
042177,22,292,14,00,74,+30,+37.96194,-109.62834,00.8,08,040,3,2022-10-19
042177,22,292,16,00,94,+29,+37.98684,-109.61106,01.6,05,038,3,2022-10-19
042177,22,292,18,00,62,+23,+37.98563,-109.60907,01.1,07,040,3,2022-10-19
042177,22,292,20,00,52,+20,+37.98366,-109.61125,01.1,07,041,3,2022-10-19
042177,22,292,22,00,12,+20,+37.98349,-109.61136,01.1,08,038,3,2022-10-19
042177,22,293,00,00,10,+21,+37.98356,-109.61105,01.6,06,043,3,2022-10-20
042177,22,293,02,00,14,+17,+37.98355,-109.61105,00.8,09,039,3,2022-10-20
042177,22,293,04,00,68,+15,+37.98180,-109.61181,01.4,07,038,3,2022-10-20
042177,22,293,06,00,16,+15,+37.98083,-109.61016,01.7,06,038,3,2022-10-20
042177,22,293,08,00,90,+15,+37.98404,-109.60697,01.0,06,038,3,2022-10-20
042177,22,293,10,00,92,+26,+37.98251,-109.60567,01.0,07,038,3,2022-10-20
042177,22,296,06,00,16,+14,+38.00279,-109.59461,01.2,07,039,3,2022-10-23
042177,22,296,08,00,32,+12,+38.00283,-109.59423,00.8,08,038,3,2022-10-23
042177,22,296,16,01,62,+13,+38.00071,-109.59159,01.8,04,058,3,2022-10-23
042177,22,296,22,00,16,+14,+37.99817,-109.59043,01.6,05,038,3,2022-10-23
042177,22,297,04,00,10,+17,+37.99810,-109.58995,01.3,06,038,3,2022-10-24
042177,22,297,06,00,10,+14,+37.99812,-109.58986,00.8,10,038,3,2022-10-24
042177,22,297,08,00,72,+10,+37.99950,-109.59040,01.2,06,038,3,2022-10-24
042177,22,297,10,00,64,+16,+38.00472,-109.58910,01.9,05,038,3,2022-10-24
042177,22,297,12,00,42,+22,+38.00415,-109.58686,01.4,06,039,3,2022-10-24
042177,22,297,14,00,50,+21,+38.00424,-109.59070,01.3,05,040,3,2022-10-24
042177,22,297,18,01,76,+15,+38.07344,-109.56423,01.0,07,059,3,2022-10-24
042177,22,297,20,00,34,+14,+38.07424,-109.56345,00.8,09,040,3,2022-10-24
042177,22,297,22,00,16,+17,+38.07437,-109.56348,00.8,10,038,3,2022-10-24
042177,22,298,00,00,42,+12,+38.07443,-109.56352,01.4,06,040,3,2022-10-25
042177,22,298,02,00,10,+11,+38.07443,-109.56348,00.9,09,040,3,2022-10-25
042177,22,298,04,00,04,+12,+38.07442,-109.56349,01.0,08,039,3,2022-10-25
042177,22,298,06,00,14,+10,+38.07519,-109.56352,01.1,08,038,3,2022-10-25
042177,22,298,08,00,70,+15,+38.07361,-109.56354,00.8,10,038,3,2022-10-25
042177,22,298,10,00,48,+22,+38.07336,-109.56439,01.1,07,038,3,2022-10-25
042177,22,298,12,00,66,+22,+38.07310,-109.56385,01.4,06,038,3,2022-10-25
042177,22,298,14,00,28,+23,+38.07326,-109.56308,00.9,08,038,3,2022-10-25
042177,22,298,18,00,66,+18,+38.07328,-109.56459,01.1,07,038,3,2022-10-25
042177,22,298,22,00,26,+15,+38.07380,-109.56421,00.7,11,038,3,2022-10-25
042177,22,299,00,00,12,+17,+38.07378,-109.56417,01.0,07,039,3,2022-10-26
042177,22,299,02,00,08,+17,+38.07372,-109.56427,01.0,08,038,3,2022-10-26
042177,22,299,04,00,12,+16,+38.07384,-109.56413,00.9,08,040,3,2022-10-26
042177,22,299,06,00,06,+14,+38.07384,-109.56405,01.8,08,038,3,2022-10-26
042177,22,299,08,00,62,+18,+38.07400,-109.56455,00.8,10,039,3,2022-10-26
042177,22,299,10,00,14,+25,+38.07468,-109.56481,01.3,07,038,3,2022-10-26
042177,22,299,12,00,12,+22,+38.07326,-109.56365,01.2,08,038,3,2022-10-26
042177,22,299,14,00,10,+25,+38.07325,-109.56341,01.1,08,038,3,2022-10-26
042177,22,299,16,00,10,+25,+38.07319,-109.56359,01.1,07,040,3,2022-10-26
042177,22,299,18,00,68,+17,+38.07341,-109.56421,00.9,09,038,3,2022-10-26
042177,22,299,20,00,24,+18,+38.07353,-109.56478,00.9,09,057,3,2022-10-26
042177,22,299,22,00,38,+16,+38.07410,-109.56304,00.7,11,038,3,2022-10-26
042177,22,300,00,00,20,+11,+38.07364,-109.56438,01.0,07,038,3,2022-10-27
042177,22,300,02,00,18,+11,+38.07412,-109.56321,00.8,10,038,3,2022-10-27
042177,22,300,04,00,08,+09,+38.07413,-109.56322,01.1,09,039,3,2022-10-27
042177,22,300,06,00,06,+14,+38.07431,-109.56301,00.9,09,038,3,2022-10-27
042177,22,300,08,00,56,+10,+38.07408,-109.56360,00.8,08,038,3,2022-10-27
042177,22,300,10,00,14,+13,+38.07328,-109.56269,00.9,09,038,3,2022-10-27
042177,22,300,12,00,32,+19,+38.07381,-109.56372,01.2,08,038,3,2022-10-27
042177,22,300,14,00,94,+17,+38.07385,-109.56512,00.9,08,038,3,2022-10-27
042177,22,300,22,00,34,+12,+38.07453,-109.56625,00.8,10,039,3,2022-10-27
042177,22,301,00,00,18,+10,+38.07453,-109.56625,01.0,07,039,3,2022-10-28
042177,22,301,02,00,50,+15,+38.07451,-109.56604,00.9,09,038,3,2022-10-28
042177,22,301,04,00,10,+11,+38.07460,-109.56621,01.1,08,040,3,2022-10-28
042177,22,301,06,00,12,+07,+38.07423,-109.56573,00.9,09,038,3,2022-10-28
042177,22,301,08,00,60,+13,+38.07371,-109.56367,00.8,10,038,3,2022-10-28
042177,22,301,10,00,26,+19,+38.07334,-109.56352,01.2,08,038,3,2022-10-28
042177,22,301,14,00,20,+25,+38.07334,-109.56360,01.1,08,038,3,2022-10-28
042177,22,301,16,00,44,+23,+38.07324,-109.56352,00.9,08,038,3,2022-10-28
042177,22,301,18,00,82,+15,+38.07340,-109.56407,01.1,07,038,3,2022-10-28
042177,22,301,20,00,34,+13,+38.07416,-109.56434,00.7,11,040,3,2022-10-28
042177,22,301,22,00,08,+14,+38.07360,-109.56394,00.8,10,038,3,2022-10-28
042177,22,302,00,00,50,+10,+38.07406,-109.56474,01.0,07,038,3,2022-10-29
042177,22,302,02,00,06,+14,+38.07391,-109.56478,01.2,07,038,3,2022-10-29
042177,22,302,04,00,10,+10,+38.07406,-109.56471,00.9,10,038,3,2022-10-29
042177,22,302,06,00,12,+10,+38.07396,-109.56465,01.4,07,038,3,2022-10-29
042177,22,302,08,00,52,+12,+38.07420,-109.56467,00.9,09,038,3,2022-10-29
042177,22,302,10,00,66,+21,+38.07339,-109.56306,00.9,08,038,3,2022-10-29
042177,22,302,14,00,34,+23,+38.07227,-109.56360,01.0,07,038,3,2022-10-29
042177,22,302,16,00,32,+13,+38.19746,-109.37582,01.5,07,041,3,2022-10-29
042177,22,302,18,00,92,+11,+39.46583,-110.49285,01.2,08,040,3,2022-10-29
042177,22,302,20,00,84,+12,+40.35036,-111.76928,00.7,11,038,3,2022-10-29
042177,22,302,22,00,80,+08,+41.74118,-111.82860,00.8,10,038,3,2022-10-29
042177,22,303,00,00,00,+07,+41.74136,-111.82866,00.9,08,038,3,2022-10-30
