CollarSerialNumber,Year,Julianday,Hour,Minute,Activity,Temperature,Latitude,Longitude,HDOP,NumSats,FixTime,2D/3D,Date
039972,22,165,08,01,02,+39,+38.07287,-109.56421,00.8,09,037,3,2022-06-14
039972,22,165,10,00,30,+37,+38.07329,-109.56379,01.6,06,038,3,2022-06-14
039972,22,165,12,00,88,+35,+38.07300,-109.56585,01.2,06,038,3,2022-06-14
039972,22,165,14,00,98,+35,+38.07372,-109.56864,00.9,09,038,3,2022-06-14
039972,22,165,16,00,86,+38,+38.07468,-109.57141,01.0,08,040,3,2022-06-14
039972,22,165,18,00,86,+39,+38.07370,-109.56598,00.9,07,038,3,2022-06-14
039972,22,165,20,00,92,+28,+38.07342,-109.56720,01.0,08,058,3,2022-06-14
039972,22,165,22,00,60,+23,+38.07353,-109.56720,00.9,08,040,3,2022-06-14
039972,22,166,00,00,82,+23,+38.07350,-109.56809,01.0,06,058,3,2022-06-15
039972,22,166,02,00,70,+21,+38.07386,-109.56748,00.8,09,038,3,2022-06-15
039972,22,166,04,00,56,+19,+38.07376,-109.56747,00.8,10,038,3,2022-06-15
039972,22,166,06,00,88,+26,+38.05352,-109.58490,01.2,08,038,3,2022-06-15
039972,22,166,08,00,98,+37,+37.99881,-109.59495,00.9,08,038,3,2022-06-15
039972,22,166,12,00,64,+37,+37.97506,-109.61752,01.4,07,038,3,2022-06-15
039972,22,166,14,00,50,+41,+37.97441,-109.61746,00.8,11,038,3,2022-06-15
039972,22,166,18,00,70,+34,+37.97397,-109.61847,01.0,08,038,3,2022-06-15
039972,22,166,22,00,60,+29,+37.97466,-109.61598,00.9,08,038,3,2022-06-15
039972,22,167,00,00,32,+25,+37.97494,-109.61639,01.1,07,038,3,2022-06-16
039972,22,167,02,00,80,+25,+37.97524,-109.61669,01.0,07,038,3,2022-06-16
039972,22,167,04,00,46,+23,+37.97470,-109.61655,01.2,06,038,3,2022-06-16
039972,22,167,06,00,82,+25,+37.94981,-109.63529,01.3,07,038,3,2022-06-16
039972,22,167,08,00,90,+40,+37.93353,-109.66678,00.8,09,043,3,2022-06-16
039972,22,167,12,00,96,+39,+37.87117,-109.70275,01.1,08,038,3,2022-06-16
039972,22,167,16,00,78,+39,+37.87057,-109.70433,00.9,09,038,3,2022-06-16
039972,22,167,20,00,94,+27,+37.87022,-109.70185,01.0,08,038,3,2022-06-16
039972,22,167,22,00,72,+24,+37.87004,-109.70158,00.9,08,040,3,2022-06-16
039972,22,168,02,00,48,+27,+37.86972,-109.70119,01.2,07,038,3,2022-06-17
039972,22,168,08,00,72,+37,+37.87157,-109.70131,00.8,10,049,3,2022-06-17
039972,22,168,10,00,62,+37,+37.87270,-109.70203,01.1,08,038,3,2022-06-17
039972,22,168,12,00,68,+40,+37.87225,-109.70172,01.1,08,038,3,2022-06-17
039972,22,168,14,00,74,+38,+37.86806,-109.70214,00.7,10,038,3,2022-06-17
039972,22,168,16,00,86,+37,+37.86907,-109.70266,01.1,08,038,3,2022-06-17
039972,22,168,18,00,66,+34,+37.86668,-109.70161,00.9,08,038,3,2022-06-17
039972,22,168,22,00,98,+29,+37.86127,-109.70648,00.9,09,038,3,2022-06-17
039972,22,169,20,01,78,+23,+37.85984,-109.70760,03.0,05,045,3,2022-06-18
039972,22,169,22,00,56,+23,+37.85984,-109.70642,01.0,07,038,3,2022-06-18
039972,22,170,02,00,40,+23,+37.85990,-109.70644,01.0,08,038,3,2022-06-19
039972,22,170,04,00,40,+25,+37.85987,-109.70648,01.2,07,039,3,2022-06-19
039972,22,170,06,00,76,+21,+37.86043,-109.70634,01.2,07,038,3,2022-06-19
039972,22,170,08,00,92,+24,+37.86172,-109.70676,00.8,09,038,3,2022-06-19
039972,22,170,10,00,52,+25,+37.86326,-109.70514,00.9,09,039,3,2022-06-19
039972,22,170,12,00,78,+27,+37.86738,-109.70520,01.1,08,038,3,2022-06-19
039972,22,170,16,00,72,+37,+37.87022,-109.70333,01.0,08,038,3,2022-06-19
039972,22,170,18,00,82,+32,+37.86891,-109.70241,00.9,08,038,3,2022-06-19
039972,22,170,20,00,92,+26,+37.85984,-109.70387,02.0,06,038,3,2022-06-19
039972,22,170,22,00,98,+25,+37.85772,-109.70619,01.5,06,038,3,2022-06-19
039972,22,171,00,00,70,+21,+37.85781,-109.70687,01.5,06,042,3,2022-06-20
039972,22,171,02,00,60,+13,+37.85811,-109.70668,01.0,08,040,3,2022-06-20
039972,22,171,04,00,72,+13,+37.85794,-109.70734,01.1,07,057,3,2022-06-20
039972,22,171,06,00,94,+15,+37.85819,-109.70714,00.9,09,038,3,2022-06-20
039972,22,171,10,00,64,+31,+37.85753,-109.70684,01.2,08,053,3,2022-06-20
039972,22,171,14,00,82,+37,+37.87106,-109.70682,00.8,10,038,3,2022-06-20
039972,22,171,16,00,96,+36,+37.85697,-109.73146,01.0,08,038,3,2022-06-20
039972,22,171,22,00,78,+23,+37.85643,-109.73318,00.8,08,038,3,2022-06-20
039972,22,172,00,00,82,+16,+37.85636,-109.73404,01.3,07,041,3,2022-06-21
039972,22,172,02,00,62,+15,+37.85665,-109.73381,00.7,10,039,3,2022-06-21
039972,22,172,04,00,52,+16,+37.85631,-109.73352,01.4,06,058,3,2022-06-21
039972,22,172,06,00,88,+20,+37.85583,-109.73310,00.9,09,038,3,2022-06-21
039972,22,172,08,00,88,+34,+37.85854,-109.72946,01.0,09,038,3,2022-06-21
039972,22,172,12,00,96,+40,+37.85020,-109.74611,01.2,08,038,3,2022-06-21
039972,22,172,14,00,70,+32,+37.84957,-109.74897,01.5,08,038,3,2022-06-21
039972,22,172,22,00,78,+21,+37.84897,-109.74926,00.8,09,038,3,2022-06-21
039972,22,173,00,00,60,+24,+37.84887,-109.74929,01.1,07,038,3,2022-06-22
039972,22,173,02,00,82,+25,+37.84999,-109.74842,01.0,07,038,3,2022-06-22
039972,22,173,04,00,48,+24,+37.84986,-109.74846,00.8,09,038,3,2022-06-22
039972,22,173,06,00,76,+24,+37.85312,-109.74746,01.1,08,038,3,2022-06-22
039972,22,173,08,00,98,+26,+37.85494,-109.75021,00.9,09,038,3,2022-06-22
039972,22,173,14,00,86,+32,+37.85587,-109.75074,00.7,11,038,3,2022-06-22
039972,22,173,16,00,80,+26,+37.85511,-109.75073,00.7,11,038,3,2022-06-22
039972,22,173,18,00,80,+24,+37.85474,-109.75271,01.2,07,038,3,2022-06-22
039972,22,173,20,00,88,+24,+37.84999,-109.75624,03.2,06,038,3,2022-06-22
039972,22,173,22,00,74,+24,+37.85086,-109.75592,00.8,10,038,3,2022-06-22
039972,22,174,00,00,46,+23,+37.85078,-109.75589,00.9,09,038,3,2022-06-23
039972,22,174,02,00,78,+21,+37.85074,-109.75597,01.1,08,039,3,2022-06-23
039972,22,174,04,00,50,+22,+37.85068,-109.75589,00.7,10,038,3,2022-06-23
039972,22,174,06,00,68,+23,+37.85272,-109.76015,00.9,09,038,3,2022-06-23
039972,22,174,08,00,98,+26,+37.85299,-109.76194,00.8,10,038,3,2022-06-23
039972,22,174,10,00,90,+32,+37.85296,-109.76311,00.9,09,040,3,2022-06-23
039972,22,174,12,00,68,+30,+37.85275,-109.76351,01.0,09,038,3,2022-06-23
039972,22,174,14,00,86,+35,+37.85048,-109.76692,00.7,12,038,3,2022-06-23
039972,22,174,16,00,54,+36,+37.85253,-109.76532,00.9,09,038,3,2022-06-23
039972,22,174,18,00,82,+30,+37.85644,-109.75975,01.0,08,038,3,2022-06-23
039972,22,174,22,00,60,+20,+37.85602,-109.76306,00.8,09,038,3,2022-06-23
039972,22,175,00,00,62,+21,+37.85597,-109.76293,01.1,08,038,3,2022-06-24
039972,22,175,02,00,48,+27,+37.85603,-109.76307,01.2,05,050,3,2022-06-24
039972,22,175,04,00,36,+25,+37.85571,-109.76274,00.9,08,038,3,2022-06-24
039972,22,175,06,00,78,+22,+37.85557,-109.76591,00.9,09,038,3,2022-06-24
039972,22,175,08,00,92,+29,+37.85535,-109.76548,00.7,11,043,3,2022-06-24
039972,22,175,12,00,80,+33,+37.85641,-109.76889,01.0,08,038,3,2022-06-24
039972,22,175,14,00,66,+35,+37.85531,-109.75651,00.7,11,038,3,2022-06-24
039972,22,175,16,00,70,+34,+37.85469,-109.75626,01.1,07,038,3,2022-06-24
039972,22,175,18,00,88,+31,+37.85430,-109.76573,01.0,06,038,3,2022-06-24
039972,22,175,20,00,96,+25,+37.85411,-109.76990,02.1,07,038,3,2022-06-24
039972,22,175,22,00,72,+24,+37.85393,-109.76961,00.8,08,040,3,2022-06-24
039972,22,176,00,00,42,+23,+37.85388,-109.76980,01.3,06,052,3,2022-06-25
039972,22,176,02,00,62,+23,+37.85446,-109.77041,00.9,08,039,3,2022-06-25
039972,22,176,04,00,46,+22,+37.85441,-109.77039,01.1,07,038,3,2022-06-25
039972,22,176,06,00,82,+25,+37.85436,-109.76828,01.1,08,039,3,2022-06-25
039972,22,176,08,00,66,+34,+37.85312,-109.76923,00.8,09,038,3,2022-06-25
039972,22,176,10,00,80,+31,+37.85166,-109.76858,00.8,10,038,3,2022-06-25
039972,22,176,12,00,74,+28,+37.85162,-109.76863,00.9,10,038,3,2022-06-25
039972,22,176,14,00,58,+34,+37.85237,-109.76854,00.7,11,038,3,2022-06-25
039972,22,176,16,00,76,+35,+37.85481,-109.75620,00.9,08,038,3,2022-06-25
039972,22,176,18,00,58,+32,+37.85483,-109.75749,01.0,08,058,3,2022-06-25
039972,22,176,22,00,86,+25,+37.85206,-109.76988,00.9,08,038,3,2022-06-25
039972,22,177,00,00,54,+26,+37.85196,-109.76963,01.1,07,038,3,2022-06-26
039972,22,177,04,00,54,+25,+37.85159,-109.77045,00.8,09,038,3,2022-06-26
039972,22,177,06,00,78,+24,+37.85176,-109.77192,00.9,09,038,3,2022-06-26
039972,22,177,08,00,84,+25,+37.85264,-109.77471,00.8,09,039,3,2022-06-26
039972,22,177,10,00,40,+27,+37.85256,-109.77463,01.1,09,040,3,2022-06-26
039972,22,177,12,00,86,+26,+37.85543,-109.77612,01.0,09,040,3,2022-06-26
039972,22,177,14,00,86,+36,+37.85535,-109.77725,00.7,11,038,3,2022-06-26
039972,22,177,16,00,60,+28,+37.85474,-109.77738,00.7,10,038,3,2022-06-26
039972,22,177,18,00,88,+29,+37.85372,-109.77787,01.0,08,038,3,2022-06-26
039972,22,177,22,00,74,+20,+37.85742,-109.77064,00.8,10,038,3,2022-06-26
039972,22,178,00,00,50,+24,+37.85739,-109.77075,01.0,07,038,3,2022-06-27
039972,22,178,02,00,46,+23,+37.85753,-109.77073,00.9,08,039,3,2022-06-27
039972,22,178,04,00,44,+21,+37.85731,-109.77083,00.9,09,038,3,2022-06-27
039972,22,178,08,00,88,+28,+37.85854,-109.76974,00.8,09,038,3,2022-06-27
039972,22,178,10,00,80,+34,+37.85929,-109.77108,01.1,09,038,3,2022-06-27
039972,22,178,14,00,70,+35,+37.85894,-109.75586,00.8,09,038,3,2022-06-27
039972,22,178,16,00,48,+34,+37.85939,-109.75693,00.7,10,038,3,2022-06-27
039972,22,178,20,00,82,+25,+37.85831,-109.76482,01.2,09,038,3,2022-06-27
039972,22,178,22,00,88,+23,+37.85993,-109.76822,00.8,10,038,3,2022-06-27
039972,22,179,00,00,60,+23,+37.85977,-109.76831,00.9,08,038,3,2022-06-28
039972,22,179,02,00,44,+23,+37.85987,-109.76824,01.1,07,039,3,2022-06-28
039972,22,179,06,00,84,+25,+37.85832,-109.76789,00.9,09,038,3,2022-06-28
039972,22,179,08,00,88,+29,+37.85808,-109.76753,00.8,09,039,3,2022-06-28
039972,22,179,10,00,46,+37,+37.85871,-109.76612,00.9,10,038,3,2022-06-28
039972,22,179,12,00,90,+30,+37.85751,-109.75865,01.2,07,040,3,2022-06-28
039972,22,179,14,00,98,+39,+37.85745,-109.76139,01.1,08,038,3,2022-06-28
039972,22,179,16,00,94,+35,+37.85787,-109.76239,01.9,06,038,3,2022-06-28
039972,22,179,20,00,82,+26,+37.85730,-109.76811,01.2,09,038,3,2022-06-28
039972,22,179,22,00,90,+22,+37.85602,-109.76955,00.8,09,038,3,2022-06-28
039972,22,180,00,00,84,+26,+37.85585,-109.76972,01.1,07,039,3,2022-06-29
039972,22,180,02,00,52,+25,+37.85616,-109.77021,01.1,07,058,3,2022-06-29
039972,22,180,04,00,60,+24,+37.85614,-109.77045,00.9,08,038,3,2022-06-29
039972,22,180,06,00,60,+24,+37.85736,-109.77066,00.9,09,038,3,2022-06-29
039972,22,180,08,00,88,+30,+37.85730,-109.77108,01.0,08,038,3,2022-06-29
039972,22,180,10,00,46,+33,+37.85732,-109.77106,01.1,09,038,3,2022-06-29
039972,22,180,12,00,92,+32,+37.85646,-109.76586,01.1,08,038,3,2022-06-29
039972,22,180,14,00,84,+39,+37.85672,-109.76847,00.7,11,039,3,2022-06-29
039972,22,180,16,00,60,+36,+37.85666,-109.76839,00.7,10,038,3,2022-06-29
039972,22,180,18,00,98,+34,+37.85589,-109.76696,01.0,07,038,3,2022-06-29
039972,22,180,20,00,86,+30,+37.85617,-109.76856,01.2,08,040,3,2022-06-29
039972,22,180,22,00,70,+29,+37.85573,-109.76929,01.2,08,038,3,2022-06-29
039972,22,181,00,00,56,+25,+37.85536,-109.76854,01.1,07,038,3,2022-06-30
039972,22,181,02,00,68,+25,+37.85536,-109.76902,01.0,06,039,3,2022-06-30
039972,22,181,08,00,66,+30,+37.85417,-109.76700,01.0,08,038,3,2022-06-30
039972,22,181,12,00,86,+26,+37.85678,-109.76493,01.2,07,038,3,2022-06-30
039972,22,181,14,00,88,+35,+37.85652,-109.76122,00.7,11,038,3,2022-06-30
039972,22,181,16,00,92,+36,+37.85596,-109.76367,01.0,08,038,3,2022-06-30
039972,22,181,18,00,72,+29,+37.85545,-109.76972,00.8,09,038,3,2022-06-30
039972,22,181,22,00,80,+25,+37.85461,-109.77478,01.4,07,038,3,2022-06-30
039972,22,182,00,00,54,+24,+37.85414,-109.77423,01.2,06,038,3,2022-07-01
039972,22,182,02,00,44,+25,+37.85468,-109.77463,01.0,06,039,3,2022-07-01
039972,22,182,06,00,74,+25,+37.85592,-109.77234,00.8,10,038,3,2022-07-01
039972,22,182,08,00,96,+28,+37.85966,-109.77251,00.8,09,041,3,2022-07-01
039972,22,182,10,00,48,+31,+37.86009,-109.77241,00.8,10,038,3,2022-07-01
039972,22,182,14,00,94,+26,+37.85827,-109.77243,00.7,11,038,3,2022-07-01
039972,22,182,16,00,58,+31,+37.85800,-109.77180,00.9,08,038,3,2022-07-01
039972,22,182,18,00,74,+29,+37.85390,-109.77381,00.8,09,038,3,2022-07-01
039972,22,182,20,00,88,+24,+37.85800,-109.77013,01.4,07,038,3,2022-07-01
039972,22,182,22,00,88,+23,+37.85811,-109.77005,01.0,09,040,3,2022-07-01
039972,22,183,00,00,52,+25,+37.85804,-109.76993,01.5,05,040,3,2022-07-02
039972,22,183,02,00,66,+23,+37.85771,-109.77028,00.9,07,038,3,2022-07-02
039972,22,183,04,00,54,+22,+37.85773,-109.77027,01.1,07,040,3,2022-07-02
039972,22,183,06,00,88,+27,+37.85723,-109.76821,00.9,09,038,3,2022-07-02
039972,22,183,08,00,90,+33,+37.85615,-109.76513,01.0,08,039,3,2022-07-02
039972,22,183,10,00,64,+34,+37.85610,-109.76538,00.9,09,038,3,2022-07-02
039972,22,183,12,00,64,+23,+37.85596,-109.76436,01.1,08,038,3,2022-07-02
039972,22,183,14,00,92,+28,+37.85587,-109.75695,01.1,08,038,3,2022-07-02
039972,22,183,16,00,88,+37,+37.85580,-109.76124,00.7,10,040,3,2022-07-02
039972,22,183,18,00,88,+33,+37.85580,-109.76202,00.9,08,040,3,2022-07-02
039972,22,183,20,00,88,+26,+37.85627,-109.76406,01.2,08,038,3,2022-07-02
039972,22,183,22,00,88,+25,+37.85606,-109.76315,00.9,09,041,3,2022-07-02
039972,22,184,00,00,52,+25,+37.85606,-109.76316,01.2,06,038,3,2022-07-03
039972,22,184,02,00,56,+25,+37.85626,-109.76322,01.3,06,039,3,2022-07-03
039972,22,184,04,00,42,+29,+37.85608,-109.76322,01.2,06,040,3,2022-07-03
039972,22,184,06,00,66,+25,+37.85689,-109.76585,00.8,10,038,3,2022-07-03
039972,22,184,08,00,92,+26,+37.85609,-109.76618,01.5,07,038,3,2022-07-03
039972,22,184,12,00,92,+34,+37.85821,-109.76927,01.1,08,038,3,2022-07-03
039972,22,184,14,00,94,+31,+37.85391,-109.77348,01.0,08,038,3,2022-07-03
039972,22,184,16,00,46,+38,+37.85406,-109.77333,01.1,07,038,3,2022-07-03
039972,22,184,18,00,44,+31,+37.85602,-109.77499,01.1,08,038,3,2022-07-03
039972,22,184,22,00,98,+23,+37.84934,-109.77333,01.1,08,038,3,2022-07-03
039972,22,185,00,00,86,+23,+37.84735,-109.77172,01.2,06,038,3,2022-07-04
039972,22,185,02,00,64,+22,+37.84724,-109.77159,00.9,07,039,3,2022-07-04
039972,22,185,04,00,36,+27,+37.84746,-109.77117,01.0,08,040,3,2022-07-04
039972,22,185,06,00,80,+22,+37.84744,-109.76980,00.8,10,041,3,2022-07-04
039972,22,185,08,00,92,+28,+37.84814,-109.76989,00.9,08,039,3,2022-07-04
039972,22,185,12,00,78,+31,+37.84782,-109.76925,01.0,07,038,3,2022-07-04
039972,22,185,14,00,88,+36,+37.85474,-109.75624,01.2,07,037,3,2022-07-04
039972,22,185,16,00,68,+33,+37.85581,-109.75740,00.9,08,040,3,2022-07-04
039972,22,185,18,00,78,+33,+37.85773,-109.75920,00.9,08,040,3,2022-07-04
039972,22,185,20,00,96,+27,+37.85746,-109.76947,01.1,07,038,3,2022-07-04
039972,22,185,22,00,92,+27,+37.85836,-109.77055,00.9,09,038,3,2022-07-04
039972,22,186,00,00,82,+25,+37.85866,-109.77059,01.1,06,040,3,2022-07-05
039972,22,186,02,00,44,+25,+37.85853,-109.77051,00.9,07,040,3,2022-07-05
039972,22,186,06,00,72,+22,+37.86055,-109.76998,00.8,10,038,3,2022-07-05
039972,22,186,08,00,98,+30,+37.86187,-109.77265,01.1,06,038,3,2022-07-05
039972,22,186,10,00,82,+32,+37.86174,-109.77293,01.1,08,039,3,2022-07-05
039972,22,186,12,00,72,+26,+37.86369,-109.77325,02.3,06,038,3,2022-07-05
039972,22,186,14,00,98,+30,+37.86300,-109.77480,01.1,08,038,3,2022-07-05
039972,22,186,18,00,68,+27,+37.86518,-109.77597,01.0,08,038,3,2022-07-05
039972,22,186,20,00,96,+24,+37.86420,-109.77543,01.3,06,038,3,2022-07-05
039972,22,186,22,00,58,+24,+37.86391,-109.77554,01.0,08,038,3,2022-07-05
039972,22,187,00,00,48,+27,+37.86371,-109.77560,01.1,06,038,3,2022-07-06
039972,22,187,04,00,78,+21,+37.86392,-109.77546,01.0,08,038,3,2022-07-06
039972,22,187,06,00,68,+21,+37.86487,-109.77326,00.9,09,038,3,2022-07-06
039972,22,187,08,00,88,+32,+37.86146,-109.76353,01.0,09,038,3,2022-07-06
039972,22,187,10,00,78,+32,+37.86175,-109.76480,01.3,08,038,3,2022-07-06
039972,22,187,12,00,36,+20,+37.86184,-109.76427,00.9,09,038,3,2022-07-06
039972,22,187,14,00,78,+20,+37.86190,-109.76406,01.1,08,038,3,2022-07-06
039972,22,187,18,00,68,+35,+37.86185,-109.76702,00.9,08,038,3,2022-07-06
039972,22,187,20,00,86,+23,+37.85881,-109.76679,00.8,10,038,3,2022-07-06
039972,22,187,22,00,82,+20,+37.85966,-109.76812,01.0,09,038,3,2022-07-06
039972,22,188,00,00,38,+19,+37.85968,-109.76786,01.1,06,038,3,2022-07-07
039972,22,188,04,00,50,+22,+37.85996,-109.76837,01.0,08,038,3,2022-07-07
039972,22,188,06,00,64,+24,+37.86111,-109.76992,00.8,10,038,3,2022-07-07
039972,22,188,08,00,96,+28,+37.86029,-109.77232,00.9,09,039,3,2022-07-07
039972,22,188,10,00,60,+32,+37.86049,-109.77246,01.3,08,040,3,2022-07-07
039972,22,188,12,00,64,+33,+37.86090,-109.77382,00.8,10,038,3,2022-07-07
039972,22,188,14,00,98,+36,+37.86065,-109.77531,01.1,08,039,3,2022-07-07
039972,22,188,18,00,78,+44,+37.85623,-109.77571,00.9,08,038,3,2022-07-07
039972,22,188,20,00,94,+24,+37.85760,-109.77903,01.0,08,038,3,2022-07-07
039972,22,188,22,00,86,+23,+37.85741,-109.77931,00.8,09,040,3,2022-07-07
039972,22,189,00,00,58,+25,+37.85736,-109.77920,01.1,06,041,3,2022-07-08
039972,22,189,04,00,80,+19,+37.85690,-109.77901,00.8,09,038,3,2022-07-08
039972,22,189,06,00,86,+23,+37.85517,-109.78073,00.8,10,058,3,2022-07-08
039972,22,189,08,00,98,+33,+37.85540,-109.77880,00.9,08,038,3,2022-07-08
039972,22,189,10,00,48,+33,+37.85581,-109.77902,00.8,10,038,3,2022-07-08
039972,22,189,12,00,58,+38,+37.85545,-109.77512,00.7,11,038,3,2022-07-08
039972,22,189,18,00,82,+36,+37.85505,-109.77756,01.2,07,038,3,2022-07-08
039972,22,189,20,00,98,+26,+37.85452,-109.77976,00.9,09,038,3,2022-07-08
039972,22,189,22,00,88,+26,+37.85451,-109.77991,01.1,07,058,3,2022-07-08
039972,22,190,00,00,56,+25,+37.85454,-109.77943,01.1,06,038,3,2022-07-09
039972,22,190,02,00,58,+25,+37.85470,-109.77938,01.0,06,039,3,2022-07-09
039972,22,190,04,00,50,+30,+37.85463,-109.77934,00.9,08,038,3,2022-07-09
039972,22,190,06,00,76,+27,+37.85754,-109.77606,00.9,08,038,3,2022-07-09
039972,22,190,08,00,98,+34,+37.85940,-109.77612,01.0,08,038,3,2022-07-09
039972,22,190,12,00,94,+37,+37.85999,-109.77661,00.7,11,038,3,2022-07-09
039972,22,190,14,00,70,+37,+37.85593,-109.77526,01.1,08,038,3,2022-07-09
039972,22,190,16,00,60,+44,+37.85613,-109.77547,01.0,08,038,3,2022-07-09
039972,22,190,18,00,94,+35,+37.85655,-109.77519,00.8,09,038,3,2022-07-09
039972,22,190,20,00,90,+28,+37.85825,-109.77859,00.9,09,038,3,2022-07-09
039972,22,190,22,00,96,+25,+37.85839,-109.77991,01.1,07,040,3,2022-07-09
039972,22,191,00,00,56,+28,+37.85843,-109.78006,01.1,06,038,3,2022-07-10
039972,22,191,02,00,60,+25,+37.85847,-109.78004,01.1,06,039,3,2022-07-10
039972,22,191,04,00,84,+26,+37.85804,-109.78029,01.1,08,038,3,2022-07-10
039972,22,191,08,00,98,+30,+37.85514,-109.78260,01.0,09,038,3,2022-07-10
039972,22,191,10,00,76,+32,+37.85434,-109.78260,00.8,10,040,3,2022-07-10
039972,22,191,12,00,66,+36,+37.85702,-109.78285,00.7,12,038,3,2022-07-10
039972,22,191,14,00,92,+37,+37.86071,-109.78281,01.0,09,038,3,2022-07-10
039972,22,191,16,00,98,+31,+37.85992,-109.78453,01.2,06,047,3,2022-07-10
039972,22,191,18,00,84,+33,+37.86064,-109.78323,00.9,07,041,3,2022-07-10
039972,22,191,20,00,90,+27,+37.85601,-109.78294,00.9,09,038,3,2022-07-10
039972,22,191,22,00,94,+28,+37.85524,-109.78186,00.9,08,039,3,2022-07-10
039972,22,192,02,00,56,+27,+37.85552,-109.78197,01.0,06,038,3,2022-07-11
039972,22,192,04,00,44,+30,+37.85560,-109.78215,00.9,09,038,3,2022-07-11
039972,22,192,08,00,98,+30,+37.85290,-109.77665,01.1,07,038,3,2022-07-11
039972,22,192,10,00,58,+36,+37.85284,-109.77767,01.0,08,040,3,2022-07-11
039972,22,192,12,00,70,+37,+37.85636,-109.77542,00.9,10,038,3,2022-07-11
039972,22,192,14,00,84,+42,+37.85897,-109.77345,01.0,09,038,3,2022-07-11
039972,22,192,16,00,94,+40,+37.85776,-109.77341,01.2,06,038,3,2022-07-11
039972,22,192,18,00,76,+31,+37.85721,-109.77440,00.9,07,038,3,2022-07-11
039972,22,192,20,00,96,+29,+37.85867,-109.77528,00.8,09,039,3,2022-07-11
039972,22,192,22,00,76,+29,+37.85869,-109.77522,01.4,06,039,3,2022-07-11
039972,22,193,00,00,74,+27,+37.85940,-109.77600,01.1,06,038,3,2022-07-12
039972,22,193,06,00,76,+25,+37.86127,-109.77490,00.8,09,038,3,2022-07-12
039972,22,193,08,00,96,+31,+37.86239,-109.77405,01.0,08,039,3,2022-07-12
039972,22,193,12,00,52,+35,+37.85894,-109.77112,01.0,10,038,3,2022-07-12
039972,22,193,14,00,82,+31,+37.85556,-109.77104,01.2,08,039,3,2022-07-12
039972,22,193,16,00,84,+34,+37.85610,-109.77508,01.2,06,038,3,2022-07-12
039972,22,193,18,00,72,+30,+37.85383,-109.77331,00.8,09,040,3,2022-07-12
039972,22,193,20,00,94,+28,+37.85587,-109.76887,00.9,09,038,3,2022-07-12
039972,22,194,00,00,88,+25,+37.85456,-109.77041,01.0,07,039,3,2022-07-13
039972,22,194,02,00,56,+27,+37.85420,-109.77035,00.9,07,040,3,2022-07-13
039972,22,194,04,00,40,+25,+37.85414,-109.77030,00.9,09,038,3,2022-07-13
039972,22,194,06,00,56,+26,+37.85633,-109.76845,00.8,09,038,3,2022-07-13
039972,22,194,08,00,98,+32,+37.85637,-109.76619,01.2,07,047,3,2022-07-13
039972,22,194,10,00,56,+34,+37.85614,-109.76593,01.3,07,039,3,2022-07-13
039972,22,194,12,00,68,+40,+37.85594,-109.76246,00.9,10,038,3,2022-07-13
039972,22,194,14,00,96,+37,+37.85579,-109.75624,01.2,09,058,3,2022-07-13
039972,22,194,16,00,84,+40,+37.85581,-109.75879,01.0,08,038,3,2022-07-13
039972,22,194,18,00,84,+33,+37.85710,-109.76084,01.0,08,038,3,2022-07-13
039972,22,194,20,00,96,+27,+37.85687,-109.76345,01.2,07,038,3,2022-07-13
039972,22,194,22,00,70,+26,+37.85600,-109.76301,01.4,06,039,3,2022-07-13
039972,22,195,02,00,62,+28,+37.85594,-109.76299,00.9,07,038,3,2022-07-14
039972,22,195,04,00,40,+25,+37.85589,-109.76313,00.9,09,039,3,2022-07-14
039972,22,195,06,00,62,+27,+37.85473,-109.76142,00.8,09,038,3,2022-07-14
039972,22,195,08,00,98,+30,+37.85466,-109.76255,00.9,09,040,3,2022-07-14
039972,22,195,10,00,40,+37,+37.85456,-109.76242,01.2,07,038,3,2022-07-14
039972,22,195,12,00,52,+40,+37.85533,-109.76169,00.7,10,038,3,2022-07-14
039972,22,195,14,00,92,+40,+37.85726,-109.76103,01.0,10,038,3,2022-07-14
039972,22,195,16,00,88,+34,+37.85433,-109.75910,01.0,08,038,3,2022-07-14
039972,22,195,18,00,78,+31,+37.85269,-109.75849,01.1,07,038,3,2022-07-14
039972,22,195,20,00,96,+30,+37.84944,-109.75785,01.0,08,038,3,2022-07-14
039972,22,195,22,00,90,+27,+37.84969,-109.75748,01.3,07,038,3,2022-07-14
039972,22,196,00,00,62,+26,+37.84973,-109.75749,00.9,07,038,3,2022-07-15
039972,22,196,02,00,72,+27,+37.84982,-109.75788,01.1,06,038,3,2022-07-15
039972,22,196,04,00,88,+28,+37.84916,-109.75899,00.9,09,038,3,2022-07-15
039972,22,196,06,00,80,+27,+37.84931,-109.75735,00.8,10,038,3,2022-07-15
039972,22,196,08,00,98,+29,+37.85092,-109.75570,01.5,06,038,3,2022-07-15
039972,22,196,10,00,60,+34,+37.85140,-109.75561,01.0,08,039,3,2022-07-15
039972,22,196,12,00,72,+34,+37.85215,-109.75384,00.7,10,038,3,2022-07-15
039972,22,196,14,00,92,+39,+37.84764,-109.74994,01.1,08,039,3,2022-07-15
039972,22,196,16,00,80,+36,+37.84823,-109.74874,01.2,07,038,3,2022-07-15
039972,22,196,18,00,94,+37,+37.84866,-109.74925,01.0,08,038,3,2022-07-15
039972,22,196,20,00,92,+30,+37.85065,-109.75556,00.8,10,038,3,2022-07-15
039972,22,196,22,00,82,+25,+37.85103,-109.75649,00.9,08,039,3,2022-07-15
039972,22,197,00,00,60,+29,+37.85096,-109.75647,00.9,07,038,3,2022-07-16
039972,22,197,04,00,84,+25,+37.85224,-109.75617,00.9,09,038,3,2022-07-16
039972,22,197,06,00,64,+25,+37.85211,-109.75712,00.7,11,038,3,2022-07-16
039972,22,197,08,00,96,+33,+37.85163,-109.75998,00.9,08,040,3,2022-07-16
039972,22,197,10,00,42,+35,+37.85182,-109.76011,01.4,07,039,3,2022-07-16
039972,22,197,12,00,62,+39,+37.85201,-109.75804,00.7,11,038,3,2022-07-16
039972,22,197,22,01,76,+27,+37.85162,-109.75547,01.1,06,048,3,2022-07-16
039972,22,198,02,00,78,+26,+37.84839,-109.75693,01.2,06,038,3,2022-07-17
039972,22,198,04,00,64,+25,+37.84949,-109.75834,01.1,08,039,3,2022-07-17
039972,22,198,06,00,60,+27,+37.85018,-109.75786,00.8,11,038,3,2022-07-17
039972,22,198,08,00,50,+37,+37.84936,-109.75464,01.4,07,040,3,2022-07-17
039972,22,198,12,00,80,+39,+37.84632,-109.74972,00.8,10,038,3,2022-07-17
039972,22,198,14,00,56,+39,+37.84779,-109.74929,02.1,08,038,3,2022-07-17
039972,22,198,16,00,98,+41,+37.84730,-109.74967,01.2,06,044,3,2022-07-17
039972,22,198,22,00,70,+30,+37.84773,-109.74926,01.1,07,038,3,2022-07-17
039972,22,199,00,00,32,+30,+37.84790,-109.74942,00.9,07,038,3,2022-07-18
039972,22,199,02,00,54,+28,+37.84781,-109.74976,00.8,09,038,3,2022-07-18
039972,22,199,04,00,40,+22,+37.84777,-109.74972,00.9,09,038,3,2022-07-18
039972,22,199,06,00,76,+26,+37.84874,-109.75102,00.7,11,038,3,2022-07-18
039972,22,199,10,01,94,+37,+37.84569,-109.75662,01.0,09,059,3,2022-07-18
039972,22,199,14,00,98,+42,+37.84590,-109.75033,01.2,07,038,3,2022-07-18
039972,22,199,16,00,68,+37,+37.84843,-109.74933,01.1,08,039,3,2022-07-18
039972,22,199,18,00,94,+42,+37.84877,-109.74991,01.2,07,041,3,2022-07-18
039972,22,199,22,00,80,+28,+37.85517,-109.75237,01.2,07,038,3,2022-07-18
039972,22,200,00,00,48,+26,+37.85545,-109.75246,00.8,08,040,3,2022-07-19
039972,22,200,02,00,70,+27,+37.85612,-109.75279,00.8,09,038,3,2022-07-19
039972,22,200,04,00,48,+27,+37.85600,-109.75292,01.1,08,038,3,2022-07-19
039972,22,200,06,00,66,+25,+37.85566,-109.74774,00.8,10,038,3,2022-07-19
039972,22,200,10,00,56,+35,+37.85779,-109.74388,01.2,07,038,3,2022-07-19
039972,22,200,12,00,92,+42,+37.85140,-109.74600,00.8,09,039,3,2022-07-19
039972,22,200,14,00,92,+42,+37.84764,-109.74949,00.9,09,038,3,2022-07-19
039972,22,200,16,00,94,+36,+37.84828,-109.74926,01.1,08,038,3,2022-07-19
039972,22,200,20,00,98,+29,+37.84632,-109.75155,00.9,08,038,3,2022-07-19
039972,22,200,22,00,76,+27,+37.84553,-109.75176,01.0,08,038,3,2022-07-19
039972,22,201,00,00,46,+27,+37.84565,-109.75176,00.8,08,040,3,2022-07-20
039972,22,201,02,00,38,+29,+37.84554,-109.75178,01.0,07,040,3,2022-07-20
039972,22,201,04,00,40,+25,+37.84558,-109.75205,00.9,09,038,3,2022-07-20
039972,22,201,06,00,80,+25,+37.84500,-109.75189,01.1,09,038,3,2022-07-20
039972,22,201,10,00,94,+37,+37.84370,-109.75839,01.5,07,038,3,2022-07-20
039972,22,201,12,00,52,+40,+37.84382,-109.75860,00.8,10,040,3,2022-07-20
039972,22,201,14,00,82,+40,+37.84130,-109.76441,00.9,10,038,3,2022-07-20
039972,22,201,18,00,54,+35,+37.85580,-109.77574,01.3,07,038,3,2022-07-20
039972,22,201,20,00,96,+29,+37.85547,-109.77836,01.0,07,038,3,2022-07-20
039972,22,201,22,00,84,+26,+37.85852,-109.78094,01.1,07,038,3,2022-07-20
039972,22,202,00,00,50,+25,+37.85868,-109.78092,00.8,08,038,3,2022-07-21
039972,22,202,02,00,66,+24,+37.85835,-109.78134,00.9,08,040,3,2022-07-21
039972,22,202,04,00,44,+24,+37.85836,-109.78140,01.2,07,038,3,2022-07-21
039972,22,202,06,00,72,+28,+37.85633,-109.78118,01.2,08,038,3,2022-07-21
039972,22,202,10,00,78,+44,+37.86052,-109.78260,00.9,10,038,3,2022-07-21
039972,22,202,12,00,74,+41,+37.86037,-109.78546,00.7,12,038,3,2022-07-21
039972,22,202,14,00,96,+40,+37.86621,-109.79004,00.9,08,038,3,2022-07-21
039972,22,202,16,00,88,+39,+37.86772,-109.78866,00.9,08,038,3,2022-07-21
039972,22,202,18,00,70,+37,+37.86652,-109.78815,01.2,08,038,3,2022-07-21
039972,22,202,20,00,96,+27,+37.86426,-109.78646,00.9,09,038,3,2022-07-21
039972,22,202,22,00,58,+25,+37.86478,-109.78691,01.3,07,038,3,2022-07-21
039972,22,203,02,00,44,+27,+37.86476,-109.78689,01.0,07,038,3,2022-07-22
039972,22,203,04,00,30,+23,+37.86472,-109.78689,00.9,09,038,3,2022-07-22
039972,22,203,06,00,82,+25,+37.86580,-109.78386,01.0,09,038,3,2022-07-22
039972,22,203,08,00,98,+35,+37.86626,-109.78266,00.9,09,038,3,2022-07-22
039972,22,203,10,00,62,+37,+37.86627,-109.78253,01.0,09,038,3,2022-07-22
039972,22,203,12,00,78,+39,+37.86056,-109.78342,00.8,11,038,3,2022-07-22
039972,22,203,14,00,84,+37,+37.86062,-109.78409,00.8,09,038,3,2022-07-22
039972,22,203,16,00,60,+39,+37.86037,-109.78395,01.2,07,039,3,2022-07-22
039972,22,203,18,00,90,+34,+37.85962,-109.78559,01.2,08,038,3,2022-07-22
039972,22,203,20,00,80,+28,+37.86163,-109.78235,00.9,09,038,3,2022-07-22
039972,22,203,22,00,86,+30,+37.86564,-109.78080,01.2,07,038,3,2022-07-22
039972,22,204,02,00,42,+32,+37.86600,-109.78085,01.0,08,038,3,2022-07-23
039972,22,204,04,00,28,+31,+37.86619,-109.78092,00.9,09,038,3,2022-07-23
039972,22,204,06,00,84,+29,+37.86594,-109.78041,01.2,08,038,3,2022-07-23
039972,22,204,12,00,76,+35,+37.86038,-109.77114,00.8,10,038,3,2022-07-23
039972,22,204,14,00,78,+41,+37.86048,-109.77078,00.9,09,038,3,2022-07-23
039972,22,204,16,00,98,+34,+37.86215,-109.77299,00.9,08,038,3,2022-07-23
039972,22,204,18,00,74,+33,+37.86154,-109.77262,01.3,08,040,3,2022-07-23
039972,22,204,20,00,94,+30,+37.86232,-109.77188,00.9,08,038,3,2022-07-23
039972,22,204,22,00,66,+29,+37.86046,-109.76911,01.2,07,038,3,2022-07-23
039972,22,205,00,00,50,+25,+37.86059,-109.76905,01.5,06,040,3,2022-07-24
039972,22,205,02,00,34,+25,+37.86058,-109.76905,01.0,08,038,3,2022-07-24
039972,22,205,04,00,52,+30,+37.86063,-109.76898,00.9,09,038,3,2022-07-24
039972,22,205,06,00,60,+27,+37.85950,-109.76688,01.2,09,040,3,2022-07-24
039972,22,205,08,00,98,+28,+37.86054,-109.76490,01.0,07,038,3,2022-07-24
039972,22,205,12,00,78,+32,+37.86199,-109.76280,00.9,08,038,3,2022-07-24
039972,22,205,20,00,96,+25,+37.85969,-109.76625,00.8,09,038,3,2022-07-24
039972,22,205,22,00,70,+25,+37.86053,-109.76490,01.7,06,038,3,2022-07-24
039972,22,206,02,00,70,+24,+37.85954,-109.76566,01.9,05,038,3,2022-07-25
039972,22,206,04,00,46,+28,+37.86060,-109.76606,00.9,09,038,3,2022-07-25
039972,22,206,12,00,62,+34,+37.86355,-109.76580,01.1,07,045,3,2022-07-25
039972,22,206,14,00,72,+25,+37.86398,-109.76559,01.1,06,038,3,2022-07-25
039972,22,206,20,00,98,+26,+37.86279,-109.76760,01.0,07,038,3,2022-07-25
039972,22,206,22,00,68,+29,+37.86262,-109.76734,01.1,07,038,3,2022-07-25
039972,22,207,00,00,52,+25,+37.86262,-109.76793,01.2,06,038,3,2022-07-26
039972,22,207,02,00,50,+25,+37.86247,-109.76792,01.0,07,038,3,2022-07-26
039972,22,207,04,00,44,+25,+37.86245,-109.76811,01.0,08,038,3,2022-07-26
039972,22,207,08,00,98,+27,+37.86212,-109.77068,00.9,08,038,3,2022-07-26
039972,22,207,12,00,82,+33,+37.86378,-109.77043,00.9,09,038,3,2022-07-26
039972,22,207,14,00,88,+30,+37.86190,-109.77040,00.8,09,038,3,2022-07-26
039972,22,207,20,00,78,+25,+37.86153,-109.77119,00.9,09,038,3,2022-07-26
039972,22,207,22,00,80,+25,+37.86153,-109.77104,01.1,07,039,3,2022-07-26
039972,22,208,00,00,48,+27,+37.86073,-109.77074,01.2,06,038,3,2022-07-27
039972,22,208,04,00,38,+23,+37.86098,-109.77039,00.8,10,038,3,2022-07-27
039972,22,208,10,00,80,+30,+37.86615,-109.77261,01.2,07,039,3,2022-07-27
039972,22,208,12,00,82,+25,+37.86584,-109.77348,01.0,08,038,3,2022-07-27
039972,22,208,18,00,94,+26,+37.85664,-109.77054,01.3,08,049,3,2022-07-27
039972,22,208,20,00,92,+21,+37.85869,-109.77114,00.9,09,038,3,2022-07-27
039972,22,208,22,00,72,+25,+37.85829,-109.77040,01.6,06,038,3,2022-07-27
039972,22,209,00,00,50,+27,+37.85868,-109.77039,01.0,06,039,3,2022-07-28
039972,22,209,02,00,34,+25,+37.85864,-109.77066,01.2,06,040,3,2022-07-28
039972,22,209,04,00,64,+25,+37.85841,-109.77068,00.8,09,038,3,2022-07-28
039972,22,209,08,00,92,+27,+37.85580,-109.76886,00.9,09,038,3,2022-07-28
039972,22,209,12,00,62,+29,+37.85498,-109.76867,00.7,11,038,3,2022-07-28
039972,22,209,14,00,86,+25,+37.85400,-109.77104,00.7,10,038,3,2022-07-28
039972,22,209,16,00,96,+30,+37.85477,-109.77068,01.0,07,040,3,2022-07-28
039972,22,209,20,00,96,+28,+37.85404,-109.77219,00.9,08,038,3,2022-07-28
039972,22,209,22,00,66,+25,+37.85332,-109.77059,01.2,06,038,3,2022-07-28
039972,22,210,00,00,82,+25,+37.85547,-109.77114,01.2,06,038,3,2022-07-29
039972,22,210,02,00,38,+27,+37.85545,-109.77123,01.1,07,040,3,2022-07-29
039972,22,210,04,00,50,+25,+37.85553,-109.77121,00.8,09,038,3,2022-07-29
039972,22,210,12,00,78,+37,+37.85202,-109.76950,01.0,08,038,3,2022-07-29
039972,22,210,14,00,98,+35,+37.85317,-109.77083,01.9,05,038,3,2022-07-29
039972,22,210,16,00,82,+24,+37.85238,-109.77046,01.2,07,041,3,2022-07-29
039972,22,210,18,00,90,+25,+37.85111,-109.76795,01.3,07,038,3,2022-07-29
039972,22,210,20,00,92,+23,+37.84749,-109.76705,01.0,08,038,3,2022-07-29
039972,22,210,22,00,80,+23,+37.84777,-109.76820,01.1,06,058,3,2022-07-29
039972,22,211,00,00,54,+23,+37.84772,-109.76799,01.2,06,057,3,2022-07-30
039972,22,211,02,00,42,+23,+37.84782,-109.76820,01.1,07,040,3,2022-07-30
039972,22,211,04,00,46,+23,+37.84780,-109.76820,00.7,11,038,3,2022-07-30
039972,22,211,06,00,54,+23,+37.84880,-109.76646,01.1,07,038,3,2022-07-30
039972,22,211,08,00,88,+27,+37.84757,-109.76574,01.0,08,043,3,2022-07-30
039972,22,211,12,00,80,+32,+37.84996,-109.76366,00.7,12,038,3,2022-07-30
039972,22,211,14,00,88,+31,+37.85023,-109.76782,01.0,08,038,3,2022-07-30
039972,22,211,16,00,70,+25,+37.85066,-109.76789,00.9,08,038,3,2022-07-30
039972,22,211,18,00,96,+26,+37.85129,-109.76383,01.4,07,039,3,2022-07-30
039972,22,211,20,00,86,+25,+37.85464,-109.76806,01.2,07,038,3,2022-07-30
039972,22,211,22,00,80,+25,+37.85498,-109.77017,01.1,06,038,3,2022-07-30
039972,22,212,00,00,50,+26,+37.85484,-109.76998,01.2,06,039,3,2022-07-31
039972,22,212,02,00,78,+26,+37.85482,-109.76988,02.3,06,040,3,2022-07-31
039972,22,212,04,00,44,+29,+37.85476,-109.76988,00.8,10,038,3,2022-07-31
039972,22,212,06,00,48,+24,+37.85592,-109.76970,01.1,07,038,3,2022-07-31
039972,22,212,12,00,46,+30,+37.85444,-109.76593,00.7,11,038,3,2022-07-31
039972,22,212,14,00,98,+30,+37.85739,-109.76921,00.8,09,038,3,2022-07-31
039972,22,212,16,00,54,+32,+37.85766,-109.76934,00.8,09,038,3,2022-07-31
039972,22,212,18,00,84,+31,+37.85896,-109.77089,01.2,08,038,3,2022-07-31
039972,22,212,20,00,92,+25,+37.86206,-109.76929,01.1,08,038,3,2022-07-31
039972,22,212,22,00,86,+25,+37.86132,-109.76976,02.0,04,038,3,2022-07-31
039972,22,213,02,00,90,+24,+37.85987,-109.76879,00.9,08,040,3,2022-08-01
039972,22,213,04,00,40,+25,+37.85977,-109.76886,00.8,10,038,3,2022-08-01
039972,22,213,06,00,54,+23,+37.85999,-109.76801,00.9,08,038,3,2022-08-01
039972,22,213,08,00,98,+31,+37.85793,-109.76669,01.0,08,038,3,2022-08-01
039972,22,213,10,00,70,+34,+37.85902,-109.76591,01.0,08,058,3,2022-08-01
039972,22,213,12,00,82,+37,+37.86090,-109.76608,01.1,08,038,3,2022-08-01
039972,22,213,16,00,78,+36,+37.86003,-109.76258,00.9,08,038,3,2022-08-01
039972,22,213,20,00,98,+25,+37.86051,-109.76848,01.3,07,038,3,2022-08-01
039972,22,214,00,00,60,+25,+37.86199,-109.76913,01.3,06,045,3,2022-08-02
039972,22,214,04,00,36,+27,+37.86146,-109.76909,00.8,09,038,3,2022-08-02
039972,22,214,10,00,82,+34,+37.85926,-109.76740,01.2,07,038,3,2022-08-02
039972,22,214,12,00,80,+37,+37.85958,-109.77146,01.3,07,038,3,2022-08-02
039972,22,214,14,00,86,+37,+37.85877,-109.77020,01.1,07,040,3,2022-08-02
039972,22,214,16,00,76,+37,+37.85996,-109.76963,00.8,09,038,3,2022-08-02
039972,22,214,18,00,98,+32,+37.85979,-109.76789,01.0,08,038,3,2022-08-02
039972,22,214,20,00,88,+28,+37.85916,-109.76644,01.2,07,038,3,2022-08-02
039972,22,214,22,00,70,+29,+37.85825,-109.76555,01.2,05,038,3,2022-08-02
039972,22,215,02,01,36,+31,+37.85891,-109.76628,01.0,07,059,3,2022-08-03
039972,22,215,04,00,70,+27,+37.85900,-109.76646,00.8,10,038,3,2022-08-03
039972,22,215,06,00,64,+28,+37.85878,-109.76647,01.0,07,039,3,2022-08-03
039972,22,215,10,00,90,+37,+37.86160,-109.76001,00.9,09,038,3,2022-08-03
039972,22,215,12,00,74,+41,+37.86019,-109.76029,01.2,07,039,3,2022-08-03
039972,22,215,14,00,96,+40,+37.86027,-109.75945,01.0,09,039,3,2022-08-03
039972,22,215,16,00,58,+36,+37.86204,-109.76264,00.8,09,038,3,2022-08-03
039972,22,215,18,00,96,+33,+37.86167,-109.76658,01.0,08,039,3,2022-08-03
039972,22,215,20,00,92,+29,+37.86068,-109.76679,01.2,08,038,3,2022-08-03
039972,22,215,22,00,62,+30,+37.86064,-109.76683,01.1,05,040,3,2022-08-03
039972,22,216,00,00,62,+30,+37.86056,-109.76671,01.4,06,038,3,2022-08-04
039972,22,216,02,00,32,+32,+37.86063,-109.76673,01.0,08,040,3,2022-08-04
039972,22,216,04,00,46,+23,+37.86070,-109.76680,00.7,11,038,3,2022-08-04
039972,22,216,06,00,78,+25,+37.86182,-109.76784,01.0,09,038,3,2022-08-04
039972,22,216,12,00,56,+40,+37.86075,-109.76383,00.9,10,038,3,2022-08-04
039972,22,216,16,00,90,+38,+37.86223,-109.76272,00.9,08,038,3,2022-08-04
039972,22,216,18,00,66,+33,+37.86108,-109.76259,01.0,08,039,3,2022-08-04
039972,22,216,20,00,98,+30,+37.86143,-109.76187,01.3,08,038,3,2022-08-04
039972,22,216,22,00,50,+27,+37.86182,-109.76254,01.1,05,038,3,2022-08-04
039972,22,217,00,00,48,+27,+37.86172,-109.76226,01.5,06,038,3,2022-08-05
039972,22,217,02,00,50,+25,+37.86183,-109.76296,01.0,07,039,3,2022-08-05
039972,22,217,04,00,38,+25,+37.86210,-109.76296,01.1,07,038,3,2022-08-05
039972,22,217,06,00,66,+25,+37.86190,-109.76469,00.8,10,038,3,2022-08-05
039972,22,217,08,00,98,+30,+37.86213,-109.76670,01.3,08,038,3,2022-08-05
039972,22,217,10,00,92,+32,+37.86192,-109.76708,00.9,09,038,3,2022-08-05
039972,22,217,12,00,70,+37,+37.86120,-109.76741,00.9,10,039,3,2022-08-05
039972,22,217,18,00,84,+30,+37.86238,-109.77192,01.0,08,038,3,2022-08-05
039972,22,217,20,00,84,+27,+37.86426,-109.77436,01.4,07,038,3,2022-08-05
039972,22,217,22,00,88,+26,+37.86536,-109.77355,01.1,05,038,3,2022-08-05
039972,22,218,00,00,72,+28,+37.86550,-109.77387,01.6,05,039,3,2022-08-06
039972,22,218,02,00,34,+26,+37.86556,-109.77379,01.0,08,039,3,2022-08-06
039972,22,218,04,00,40,+25,+37.86538,-109.77392,00.8,10,038,3,2022-08-06
039972,22,218,06,00,62,+25,+37.86539,-109.77520,00.9,08,038,3,2022-08-06
039972,22,218,08,00,94,+29,+37.86677,-109.77734,01.0,09,058,3,2022-08-06
039972,22,218,10,00,90,+34,+37.86690,-109.77722,00.9,09,038,3,2022-08-06
039972,22,218,16,00,80,+35,+37.86036,-109.78374,01.0,08,038,3,2022-08-06
039972,22,218,18,00,88,+37,+37.86119,-109.78411,01.0,08,059,3,2022-08-06
039972,22,218,20,00,92,+27,+37.86343,-109.78119,01.4,06,038,3,2022-08-06
039972,22,218,22,00,90,+26,+37.86314,-109.77934,01.5,04,041,3,2022-08-06
039972,22,219,00,00,52,+25,+37.86257,-109.77863,01.4,06,038,3,2022-08-07
039972,22,219,04,00,32,+28,+37.86323,-109.77860,00.9,08,038,3,2022-08-07
039972,22,219,06,00,70,+24,+37.86397,-109.77777,01.5,06,038,3,2022-08-07
039972,22,219,12,00,56,+39,+37.85636,-109.77518,01.2,06,038,3,2022-08-07
039972,22,219,14,00,68,+39,+37.87959,-109.78394,01.1,06,038,3,2022-08-07
039972,22,219,22,00,64,+26,+37.85477,-109.77526,01.1,05,045,3,2022-08-07
039972,22,220,00,00,58,+25,+37.85466,-109.77512,01.4,06,038,3,2022-08-08
039972,22,220,02,00,92,+25,+37.85447,-109.77474,00.9,09,039,3,2022-08-08
039972,22,220,04,00,54,+25,+37.85461,-109.77459,01.0,08,040,3,2022-08-08
039972,22,220,06,00,70,+25,+37.85470,-109.77401,01.3,07,038,3,2022-08-08
039972,22,220,10,00,62,+37,+37.85506,-109.77241,00.8,10,038,3,2022-08-08
039972,22,220,12,00,88,+38,+37.85616,-109.77360,01.0,09,038,3,2022-08-08
039972,22,220,14,00,76,+34,+37.85479,-109.77375,01.0,07,039,3,2022-08-08
039972,22,220,16,00,84,+31,+37.85505,-109.77327,01.1,07,038,3,2022-08-08
039972,22,220,18,00,98,+30,+37.85784,-109.77222,00.9,08,038,3,2022-08-08
039972,22,220,20,00,90,+25,+37.85776,-109.77306,01.0,06,038,3,2022-08-08
039972,22,220,22,00,62,+27,+37.85809,-109.77215,01.1,05,038,3,2022-08-08
039972,22,221,20,48,86,+27,+37.85610,-109.77510,01.2,06,038,3,2022-08-09
039972,22,221,22,00,50,+31,+37.85613,-109.77474,02.1,04,040,3,2022-08-09
039972,22,222,00,00,80,+25,+37.85646,-109.77387,01.5,06,038,3,2022-08-10
039972,22,222,02,00,78,+25,+37.85597,-109.77474,00.9,09,038,3,2022-08-10
039972,22,222,04,00,54,+27,+37.85530,-109.77474,00.8,09,038,3,2022-08-10
039972,22,222,06,00,60,+28,+37.85266,-109.77321,01.1,08,038,3,2022-08-10
039972,22,222,10,00,80,+35,+37.84764,-109.76860,00.7,11,040,3,2022-08-10
039972,22,222,14,00,94,+40,+37.84860,-109.76635,01.0,07,038,3,2022-08-10
039972,22,222,18,00,84,+33,+37.84920,-109.75514,00.9,07,038,3,2022-08-10
039972,22,222,22,00,68,+30,+37.84966,-109.75839,01.1,04,038,3,2022-08-10
039972,22,223,00,00,70,+27,+37.84960,-109.75839,01.5,06,038,3,2022-08-11
039972,22,223,02,00,80,+27,+37.84917,-109.75899,00.9,09,038,3,2022-08-11
039972,22,223,04,00,52,+25,+37.84915,-109.75901,01.0,07,040,3,2022-08-11
039972,22,223,06,00,54,+25,+37.84952,-109.75782,01.0,08,039,3,2022-08-11
039972,22,223,08,00,98,+30,+37.84873,-109.75780,01.0,09,041,3,2022-08-11
039972,22,223,10,00,66,+37,+37.84915,-109.75710,00.7,10,038,3,2022-08-11
039972,22,223,12,00,82,+40,+37.85358,-109.76158,01.0,09,039,3,2022-08-11
039972,22,223,18,00,96,+34,+37.85580,-109.76326,01.0,06,038,3,2022-08-11
039972,22,223,20,00,94,+24,+37.85596,-109.76585,02.5,05,040,3,2022-08-11
039972,22,223,22,00,58,+27,+37.85560,-109.76602,01.1,05,038,3,2022-08-11
039972,22,224,02,00,86,+23,+37.85551,-109.76686,01.0,07,038,3,2022-08-12
039972,22,224,04,00,58,+23,+37.85552,-109.76688,01.1,08,038,3,2022-08-12
039972,22,224,06,00,46,+25,+37.85535,-109.76778,00.9,09,038,3,2022-08-12
039972,22,224,08,00,94,+30,+37.85375,-109.76751,01.0,09,038,3,2022-08-12
039972,22,224,10,00,98,+32,+37.85416,-109.77154,01.2,08,038,3,2022-08-12
039972,22,224,12,00,80,+33,+37.85430,-109.77066,01.1,08,038,3,2022-08-12
039972,22,224,14,00,88,+36,+37.85484,-109.77046,01.0,08,038,3,2022-08-12
039972,22,224,16,00,86,+35,+37.85413,-109.77268,01.2,06,038,3,2022-08-12
039972,22,224,18,00,90,+30,+37.85369,-109.77218,00.9,08,038,3,2022-08-12
039972,22,224,20,00,88,+29,+37.85504,-109.77046,01.1,06,058,3,2022-08-12
039972,22,224,22,00,74,+26,+37.85474,-109.77026,01.1,05,038,3,2022-08-12
039972,22,225,00,00,84,+25,+37.85400,-109.77001,01.7,06,040,3,2022-08-13
039972,22,225,02,00,48,+20,+37.85502,-109.77013,00.9,09,040,3,2022-08-13
039972,22,225,04,00,60,+30,+37.85509,-109.77005,00.8,10,038,3,2022-08-13
039972,22,225,06,00,44,+25,+37.85502,-109.77009,00.8,09,038,3,2022-08-13
039972,22,225,10,00,98,+36,+37.85253,-109.77026,01.4,07,038,3,2022-08-13
039972,22,225,12,00,70,+41,+37.85260,-109.77040,01.3,08,038,3,2022-08-13
039972,22,225,16,00,74,+35,+37.85594,-109.77523,01.1,07,038,3,2022-08-13
039972,22,225,18,00,84,+30,+37.85571,-109.77284,00.9,08,038,3,2022-08-13
039972,22,225,22,00,56,+32,+37.85552,-109.77207,01.0,06,038,3,2022-08-13
039972,22,226,02,00,76,+27,+37.85671,-109.77217,01.0,08,038,3,2022-08-14
039972,22,226,04,00,52,+25,+37.85666,-109.77218,00.8,10,040,3,2022-08-14
039972,22,226,08,00,86,+30,+37.85623,-109.77148,01.1,08,038,3,2022-08-14
039972,22,226,10,00,56,+35,+37.85613,-109.77001,00.8,10,038,3,2022-08-14
039972,22,226,12,00,98,+32,+37.85984,-109.76974,00.9,09,038,3,2022-08-14
039972,22,226,14,00,88,+33,+37.85809,-109.77125,01.1,06,045,3,2022-08-14
039972,22,226,18,00,88,+30,+37.85723,-109.76967,01.1,06,038,3,2022-08-14
039972,22,226,22,00,82,+27,+37.85845,-109.76999,01.6,05,053,3,2022-08-14
039972,22,227,02,00,56,+25,+37.85897,-109.77009,00.9,09,038,3,2022-08-15
039972,22,227,04,00,74,+25,+37.85844,-109.77047,00.7,11,040,3,2022-08-15
039972,22,227,06,00,64,+25,+37.85877,-109.77085,01.0,08,038,3,2022-08-15
039972,22,227,10,00,84,+29,+37.86149,-109.76894,00.7,12,038,3,2022-08-15
039972,22,227,12,00,86,+29,+37.86053,-109.76624,00.8,10,038,3,2022-08-15
039972,22,227,14,00,76,+25,+37.86056,-109.76848,01.3,06,038,3,2022-08-15
039972,22,227,16,00,98,+26,+37.85933,-109.76738,03.0,06,038,3,2022-08-15
039972,22,227,20,00,88,+24,+37.85944,-109.76761,02.1,06,038,3,2022-08-15
039972,22,228,00,00,50,+33,+37.85953,-109.76799,01.8,06,038,3,2022-08-16
039972,22,228,02,00,48,+25,+37.85926,-109.76805,00.9,09,038,3,2022-08-16
039972,22,228,04,00,48,+25,+37.85922,-109.76801,00.6,12,038,3,2022-08-16
039972,22,228,10,00,74,+31,+37.85907,-109.76293,00.7,12,038,3,2022-08-16
039972,22,228,12,00,72,+28,+37.86121,-109.76127,00.8,10,038,3,2022-08-16
039972,22,228,14,00,82,+27,+37.86205,-109.76545,01.3,06,039,3,2022-08-16
039972,22,228,18,00,82,+29,+37.86157,-109.76995,00.9,07,038,3,2022-08-16
039972,22,228,22,00,84,+24,+37.85905,-109.76570,00.9,06,038,3,2022-08-16
039972,22,229,02,00,70,+27,+37.85909,-109.76564,01.1,08,038,3,2022-08-17
039972,22,229,04,00,54,+25,+37.85890,-109.76555,00.9,10,040,3,2022-08-17
039972,22,229,10,00,82,+27,+37.86183,-109.76437,00.8,10,038,3,2022-08-17
039972,22,229,12,00,72,+24,+37.86334,-109.76295,01.6,08,038,3,2022-08-17
039972,22,229,14,00,78,+33,+37.86316,-109.76525,01.3,06,038,3,2022-08-17
039972,22,229,16,00,98,+32,+37.86245,-109.76490,03.1,06,038,3,2022-08-17
039972,22,229,20,00,98,+24,+37.86149,-109.76745,02.6,05,038,3,2022-08-17
039972,22,229,22,00,62,+24,+37.86190,-109.76713,00.9,06,038,3,2022-08-17
039972,22,230,02,00,50,+23,+37.86197,-109.76711,00.9,09,038,3,2022-08-18
039972,22,230,04,00,34,+28,+37.86193,-109.76719,00.9,09,038,3,2022-08-18
039972,22,230,10,00,84,+31,+37.86236,-109.77035,00.8,10,049,3,2022-08-18
039972,22,230,12,00,86,+29,+37.86043,-109.76918,00.9,09,038,3,2022-08-18
039972,22,230,14,00,68,+29,+37.86093,-109.76894,01.8,06,038,3,2022-08-18
039972,22,230,16,00,98,+33,+37.85913,-109.76820,02.6,07,038,3,2022-08-18
039972,22,230,20,00,92,+26,+37.86075,-109.76966,01.2,06,038,3,2022-08-18
039972,22,230,22,00,56,+26,+37.86099,-109.76975,00.9,06,039,3,2022-08-18
039972,22,231,00,00,76,+26,+37.86074,-109.77030,01.1,06,038,3,2022-08-19
039972,22,231,02,00,48,+25,+37.86121,-109.77077,01.1,08,038,3,2022-08-19
039972,22,231,04,00,42,+25,+37.86128,-109.77073,00.6,12,038,3,2022-08-19
039972,22,231,06,00,46,+25,+37.86145,-109.77077,01.3,08,038,3,2022-08-19
039972,22,231,10,00,64,+25,+37.86436,-109.77484,01.3,07,038,3,2022-08-19
039972,22,231,16,00,52,+30,+37.86164,-109.77007,02.6,06,038,3,2022-08-19
039972,22,231,20,00,98,+25,+37.86514,-109.77354,02.2,05,038,3,2022-08-19
039972,22,231,22,00,70,+25,+37.86529,-109.77346,01.1,05,045,3,2022-08-19
039972,22,232,02,00,98,+25,+37.86584,-109.77350,01.1,08,038,3,2022-08-20
039972,22,232,04,00,68,+25,+37.86555,-109.77312,00.9,09,037,3,2022-08-20
039972,22,232,08,00,70,+26,+37.86616,-109.77285,01.3,07,038,3,2022-08-20
039972,22,232,10,00,58,+28,+37.86730,-109.77384,01.4,07,038,3,2022-08-20
039972,22,232,12,00,84,+25,+37.86641,-109.77320,00.9,08,038,3,2022-08-20
039972,22,232,14,00,88,+25,+37.86564,-109.77255,01.3,06,039,3,2022-08-20
039972,22,232,16,00,96,+29,+37.86556,-109.77354,02.5,06,038,3,2022-08-20
039972,22,232,18,00,70,+27,+37.86355,-109.77400,01.0,07,038,3,2022-08-20
039972,22,232,20,00,88,+21,+37.86536,-109.77281,02.5,04,039,3,2022-08-20
039972,22,232,22,00,48,+22,+37.86563,-109.77306,02.5,04,039,3,2022-08-20
039972,22,233,02,00,56,+23,+37.86555,-109.77314,01.3,07,038,3,2022-08-21
039972,22,233,04,00,98,+22,+37.86592,-109.77219,00.9,09,038,3,2022-08-21
039972,22,233,06,00,56,+25,+37.86602,-109.77234,01.2,07,040,3,2022-08-21
039972,22,233,10,00,86,+37,+37.86542,-109.77313,01.0,08,038,3,2022-08-21
039972,22,233,12,00,46,+30,+37.86574,-109.77341,00.9,09,038,3,2022-08-21
039972,22,233,14,00,64,+32,+37.86656,-109.77695,01.2,07,038,3,2022-08-21
039972,22,233,18,00,96,+28,+37.86707,-109.77714,01.1,06,038,3,2022-08-21
039972,22,233,20,00,84,+25,+37.86550,-109.77632,01.5,06,038,3,2022-08-21
039972,22,234,00,00,46,+24,+37.86645,-109.77732,01.3,06,038,3,2022-08-22
039972,22,234,02,00,52,+25,+37.86664,-109.77745,01.1,08,039,3,2022-08-22
039972,22,234,04,00,26,+25,+37.86676,-109.77742,01.2,08,038,3,2022-08-22
039972,22,234,10,00,58,+29,+37.86751,-109.77751,01.2,07,038,3,2022-08-22
039972,22,234,12,00,32,+31,+37.86753,-109.77733,01.3,05,038,3,2022-08-22
039972,22,234,14,00,98,+34,+37.86550,-109.78060,01.2,07,039,3,2022-08-22
039972,22,234,16,00,90,+36,+37.86623,-109.78105,02.2,06,038,3,2022-08-22
039972,22,234,18,00,94,+30,+37.86533,-109.78359,01.1,06,038,3,2022-08-22
039972,22,234,20,00,82,+26,+37.86296,-109.77608,01.4,06,038,3,2022-08-22
039972,22,234,22,00,72,+23,+37.86507,-109.77585,02.2,05,038,3,2022-08-22
039972,22,235,02,00,80,+23,+37.86430,-109.77581,00.9,09,038,3,2022-08-23
039972,22,235,04,00,52,+19,+37.86450,-109.77619,01.0,07,038,3,2022-08-23
039972,22,235,10,00,66,+41,+37.85844,-109.77050,00.9,08,038,3,2022-08-23
039972,22,235,12,00,42,+35,+37.85800,-109.77051,00.8,09,038,3,2022-08-23
039972,22,236,00,00,40,+26,+37.85543,-109.77554,01.2,06,038,3,2022-08-24
039972,22,236,04,00,38,+26,+37.85490,-109.77547,01.0,08,038,3,2022-08-24
039972,22,236,06,00,40,+23,+37.85348,-109.77344,00.9,09,038,3,2022-08-24
039972,22,236,10,00,88,+34,+37.85458,-109.76986,01.9,06,038,3,2022-08-24
039972,22,236,12,00,68,+37,+37.85424,-109.77106,00.9,08,038,3,2022-08-24
039972,22,236,22,00,68,+25,+37.85496,-109.77842,01.2,06,039,3,2022-08-24
039972,22,237,00,00,54,+25,+37.85474,-109.77896,01.1,07,039,3,2022-08-25
039972,22,237,02,00,40,+25,+37.85457,-109.77919,00.9,09,039,3,2022-08-25
039972,22,237,04,00,34,+24,+37.85449,-109.77907,01.0,08,039,3,2022-08-25
039972,22,237,06,00,42,+24,+37.85540,-109.77886,01.0,08,038,3,2022-08-25
039972,22,237,08,00,98,+29,+37.85755,-109.77813,01.9,07,038,3,2022-08-25
039972,22,237,12,00,46,+30,+37.85796,-109.77906,00.9,08,038,3,2022-08-25
039972,22,237,16,00,88,+34,+37.86062,-109.78308,01.2,08,049,3,2022-08-25
039972,22,237,18,00,68,+27,+37.85872,-109.78060,00.9,08,038,3,2022-08-25
039972,22,237,20,00,88,+27,+37.85612,-109.77478,01.1,06,038,3,2022-08-25
039972,22,237,22,00,82,+27,+37.86023,-109.77485,01.1,06,041,3,2022-08-25
039972,22,238,02,00,26,+25,+37.86067,-109.77526,00.9,09,038,3,2022-08-26
039972,22,238,04,00,52,+29,+37.86050,-109.77547,00.8,09,039,3,2022-08-26
039972,22,238,06,00,22,+25,+37.86059,-109.77554,01.0,09,038,3,2022-08-26
039972,22,238,10,00,76,+29,+37.86739,-109.77753,01.1,07,038,3,2022-08-26
039972,22,238,12,00,50,+23,+37.86599,-109.77568,01.3,06,038,3,2022-08-26
039972,22,238,16,00,98,+25,+37.85489,-109.78208,01.6,07,038,3,2022-08-26
039972,22,238,18,00,92,+25,+37.85535,-109.78264,01.2,06,038,3,2022-08-26
039972,22,238,20,00,98,+23,+37.85314,-109.78146,01.1,06,038,3,2022-08-26
039972,22,238,22,00,60,+22,+37.85403,-109.78105,01.2,06,039,3,2022-08-26
039972,22,239,00,00,36,+28,+37.85330,-109.78079,01.2,06,040,3,2022-08-27
039972,22,239,02,00,66,+20,+37.85379,-109.78077,00.8,10,038,3,2022-08-27
039972,22,239,04,00,46,+20,+37.85339,-109.78098,00.9,08,039,3,2022-08-27
039972,22,239,06,00,48,+20,+37.85225,-109.77959,01.0,09,038,3,2022-08-27
039972,22,239,08,00,98,+32,+37.84601,-109.77661,01.3,06,038,3,2022-08-27
039972,22,239,12,00,66,+29,+37.84579,-109.77474,00.9,08,038,3,2022-08-27
039972,22,239,16,00,72,+28,+37.85626,-109.77546,01.6,06,040,3,2022-08-27
039972,22,239,18,00,94,+29,+37.86708,-109.78413,01.5,06,038,3,2022-08-27
039972,22,239,20,00,90,+24,+37.86973,-109.78634,01.1,06,045,3,2022-08-27
039972,22,240,02,00,72,+23,+37.87123,-109.78572,01.0,08,038,3,2022-08-28
039972,22,240,04,00,48,+23,+37.87120,-109.78565,01.0,07,039,3,2022-08-28
039972,22,240,06,00,38,+23,+37.87116,-109.78552,01.4,07,038,3,2022-08-28
039972,22,240,08,00,76,+28,+37.87078,-109.78363,01.1,08,041,3,2022-08-28
039972,22,240,10,00,92,+30,+37.87120,-109.78239,00.9,09,038,3,2022-08-28
039972,22,240,12,00,56,+34,+37.87083,-109.78208,01.0,07,038,3,2022-08-28
039972,22,240,14,00,48,+30,+37.87083,-109.78176,01.1,06,038,3,2022-08-28
039972,22,240,18,00,92,+32,+37.86621,-109.78871,01.2,06,038,3,2022-08-28
039972,22,240,20,00,90,+24,+37.86793,-109.78836,01.1,06,038,3,2022-08-28
039972,22,240,22,00,80,+23,+37.86984,-109.78558,01.2,06,040,3,2022-08-28
039972,22,241,00,00,28,+21,+37.86994,-109.78567,01.4,06,041,3,2022-08-29
039972,22,241,02,00,64,+22,+37.86969,-109.78515,00.8,10,038,3,2022-08-29
039972,22,241,04,00,28,+29,+37.86991,-109.78485,00.9,08,039,3,2022-08-29
039972,22,241,06,00,44,+20,+37.86956,-109.78447,00.8,10,038,3,2022-08-29
039972,22,241,08,00,90,+30,+37.86627,-109.78234,01.1,09,038,3,2022-08-29
039972,22,241,10,00,98,+35,+37.86059,-109.78404,00.9,09,038,3,2022-08-29
039972,22,241,12,00,70,+36,+37.86433,-109.78956,00.9,08,057,3,2022-08-29
039972,22,241,14,00,60,+34,+37.84559,-109.78153,01.4,06,050,3,2022-08-29
039972,22,241,18,00,76,+31,+37.84904,-109.62503,01.2,07,038,3,2022-08-29
039972,22,241,20,00,80,+24,+37.85044,-109.61869,01.2,05,038,3,2022-08-29
039972,22,241,22,00,76,+24,+37.84845,-109.61975,01.3,06,039,3,2022-08-29
039972,22,242,02,00,82,+23,+37.85160,-109.61914,00.7,11,038,3,2022-08-30
039972,22,242,04,00,72,+25,+37.84792,-109.61977,00.8,09,038,3,2022-08-30
039972,22,242,06,00,60,+23,+37.84540,-109.62149,01.2,08,038,3,2022-08-30
039972,22,242,10,00,36,+35,+37.85327,-109.61561,01.0,09,038,3,2022-08-30
039972,22,242,14,00,72,+32,+37.84890,-109.61916,00.9,07,038,3,2022-08-30
039972,22,242,16,00,64,+36,+37.85170,-109.62165,02.3,05,038,3,2022-08-30
039972,22,242,18,00,64,+31,+37.84114,-109.62448,01.6,06,038,3,2022-08-30
039972,22,242,20,00,80,+29,+37.87226,-109.61342,01.2,05,038,3,2022-08-30
039972,22,243,00,00,40,+25,+37.85181,-109.61546,02.4,06,038,3,2022-08-31
039972,22,243,02,00,70,+24,+37.85182,-109.61563,00.7,09,038,3,2022-08-31
039972,22,243,04,00,26,+25,+37.85183,-109.61553,00.8,09,038,3,2022-08-31
039972,22,243,06,00,36,+24,+37.84983,-109.61843,01.2,08,038,3,2022-08-31
039972,22,243,08,00,72,+30,+37.85189,-109.61833,01.1,07,038,3,2022-08-31
039972,22,243,10,00,66,+41,+37.85124,-109.62183,01.3,08,039,3,2022-08-31
039972,22,243,12,00,26,+36,+37.85160,-109.62136,01.0,07,038,3,2022-08-31
039972,22,243,14,00,56,+37,+37.85156,-109.61918,00.9,07,038,3,2022-08-31
039972,22,243,16,00,32,+38,+37.85270,-109.61738,01.3,06,038,3,2022-08-31
039972,22,243,20,00,64,+28,+37.84952,-109.61807,01.2,05,038,3,2022-08-31
039972,22,243,22,00,86,+25,+37.84622,-109.62076,01.4,06,039,3,2022-08-31
039972,22,244,00,00,82,+26,+37.84646,-109.62046,01.3,07,040,3,2022-09-01
039972,22,244,02,00,38,+25,+37.84641,-109.62042,00.8,10,038,3,2022-09-01
039972,22,244,04,00,44,+23,+37.84639,-109.62038,01.0,07,038,3,2022-09-01
039972,22,244,06,00,46,+23,+37.84568,-109.62017,00.9,08,038,3,2022-09-01
039972,22,244,08,00,52,+29,+37.84972,-109.61826,00.9,10,038,3,2022-09-01
039972,22,244,10,00,24,+32,+37.84989,-109.61860,01.1,08,038,3,2022-09-01
039972,22,244,12,00,32,+39,+37.85021,-109.61843,00.9,08,038,3,2022-09-01
039972,22,244,14,00,48,+37,+37.84976,-109.61845,00.9,07,043,3,2022-09-01
039972,22,244,16,00,22,+35,+37.84971,-109.61837,01.2,06,039,3,2022-09-01
039972,22,244,18,00,82,+32,+37.84440,-109.61898,01.4,07,038,3,2022-09-01
039972,22,244,20,00,82,+25,+37.84856,-109.61958,02.6,04,038,3,2022-09-01
039972,22,245,00,00,30,+22,+37.84870,-109.62059,00.9,08,053,3,2022-09-02
039972,22,245,02,00,42,+23,+37.84871,-109.62006,00.8,10,038,3,2022-09-02
039972,22,245,04,00,24,+22,+37.84917,-109.62026,00.8,09,038,3,2022-09-02
039972,22,245,06,00,32,+27,+37.85047,-109.61904,01.2,08,038,3,2022-09-02
039972,22,245,10,00,38,+32,+37.84046,-109.62606,01.1,09,038,3,2022-09-02
039972,22,245,12,00,14,+36,+37.84056,-109.62608,00.9,08,040,3,2022-09-02
039972,22,245,14,00,46,+35,+37.84160,-109.62578,01.2,06,041,3,2022-09-02
039972,22,245,16,00,12,+39,+37.84148,-109.62587,01.0,07,038,3,2022-09-02
039972,22,245,18,00,60,+37,+37.85197,-109.61687,01.5,06,038,3,2022-09-02
039972,22,245,20,00,72,+30,+37.84999,-109.61870,01.1,05,038,3,2022-09-02
039972,22,245,22,00,24,+29,+37.84984,-109.61860,01.5,06,039,3,2022-09-02
039972,22,246,02,00,14,+27,+37.84967,-109.61853,00.7,11,038,3,2022-09-03
039972,22,246,04,00,10,+27,+37.84974,-109.61861,00.8,09,039,3,2022-09-03
039972,22,246,06,00,30,+26,+37.84727,-109.61865,01.2,08,038,3,2022-09-03
039972,22,246,08,00,84,+29,+37.84466,-109.61673,01.1,08,038,3,2022-09-03
039972,22,246,10,00,32,+32,+37.84997,-109.61847,01.2,09,057,3,2022-09-03
039972,22,246,12,00,12,+36,+37.84984,-109.61853,00.9,08,058,3,2022-09-03
039972,22,246,14,00,12,+35,+37.85009,-109.61853,01.0,07,038,3,2022-09-03
039972,22,246,16,00,16,+34,+37.84963,-109.61830,01.8,06,038,3,2022-09-03
039972,22,246,20,00,50,+30,+37.87656,-109.61550,01.2,05,038,3,2022-09-03
039972,22,246,22,00,50,+26,+37.87020,-109.61227,01.3,06,038,3,2022-09-03
039972,22,247,00,00,18,+26,+37.87059,-109.61260,02.8,06,038,3,2022-09-04
039972,22,247,02,00,40,+26,+37.87283,-109.61384,00.8,10,038,3,2022-09-04
039972,22,247,04,00,08,+25,+37.87281,-109.61380,00.8,10,038,3,2022-09-04
039972,22,247,06,00,36,+25,+37.87836,-109.61700,01.2,08,038,3,2022-09-04
039972,22,247,08,00,30,+28,+37.87118,-109.61122,00.7,11,041,3,2022-09-04
039972,22,247,10,00,08,+32,+37.87133,-109.61138,01.1,09,039,3,2022-09-04
039972,22,247,12,00,22,+37,+37.87098,-109.61182,01.1,06,038,3,2022-09-04
039972,22,247,14,00,04,+37,+37.87106,-109.61176,00.8,08,038,3,2022-09-04
039972,22,247,16,00,12,+37,+37.87099,-109.61212,01.0,07,037,3,2022-09-04
039972,22,247,18,00,50,+33,+37.86609,-109.61389,01.7,06,040,3,2022-09-04
039972,22,247,20,00,84,+28,+37.84313,-109.62446,01.2,05,038,3,2022-09-04
039972,22,247,22,00,22,+25,+37.84734,-109.62252,01.3,06,040,3,2022-09-04
039972,22,248,04,00,08,+25,+37.84667,-109.62284,01.0,08,038,3,2022-09-05
039972,22,248,06,00,40,+25,+37.84599,-109.62480,01.2,08,038,3,2022-09-05
039972,22,248,10,00,34,+33,+37.84970,-109.61853,01.1,09,038,3,2022-09-05
039972,22,248,12,00,08,+36,+37.85046,-109.61856,01.0,07,038,3,2022-09-05
039972,22,248,16,00,16,+37,+37.85161,-109.61888,01.1,06,038,3,2022-09-05
039972,22,248,20,00,70,+28,+37.85018,-109.62032,01.2,05,038,3,2022-09-05
039972,22,248,22,00,80,+29,+37.86690,-109.61403,01.5,06,042,3,2022-09-05
039972,22,249,00,00,14,+29,+37.86845,-109.61447,01.0,08,039,3,2022-09-06
039972,22,249,02,00,22,+29,+37.86864,-109.61441,00.8,09,038,3,2022-09-06
039972,22,249,04,00,06,+27,+37.86856,-109.61433,00.8,10,040,3,2022-09-06
039972,22,249,06,00,32,+25,+37.86605,-109.61418,01.0,09,038,3,2022-09-06
039972,22,249,08,00,48,+35,+37.86500,-109.61166,00.9,10,038,3,2022-09-06
039972,22,249,10,00,08,+36,+37.86517,-109.61193,01.1,08,038,3,2022-09-06
039972,22,249,12,00,10,+37,+37.86535,-109.61229,01.0,07,038,3,2022-09-06
039972,22,249,14,00,02,+36,+37.86520,-109.61205,01.1,06,038,3,2022-09-06
039972,22,249,16,00,06,+39,+37.86496,-109.61190,01.1,07,038,3,2022-09-06
039972,22,249,20,00,74,+30,+37.83666,-109.62479,01.0,06,038,3,2022-09-06
039972,22,249,22,00,36,+29,+37.83903,-109.62547,01.4,06,038,3,2022-09-06
039972,22,250,00,00,80,+29,+37.84379,-109.61841,01.2,08,039,3,2022-09-07
039972,22,250,02,00,12,+28,+37.84403,-109.61820,00.8,09,040,3,2022-09-07
039972,22,250,04,00,06,+29,+37.84395,-109.61828,00.9,08,038,3,2022-09-07
039972,22,250,06,00,48,+25,+37.85183,-109.61911,01.0,10,038,3,2022-09-07
039972,22,250,08,00,72,+29,+37.84580,-109.61626,00.9,11,038,3,2022-09-07
039972,22,250,10,00,22,+32,+37.84656,-109.61595,01.0,09,040,3,2022-09-07
039972,22,250,12,00,10,+34,+37.84651,-109.61605,01.1,06,038,3,2022-09-07
039972,22,250,16,00,16,+35,+37.85179,-109.61895,01.1,07,038,3,2022-09-07
039972,22,250,20,00,52,+29,+37.84136,-109.62541,01.0,06,038,3,2022-09-07
039972,22,250,22,00,16,+26,+37.84241,-109.62532,01.5,06,038,3,2022-09-07
039972,22,251,00,00,64,+25,+37.85330,-109.61777,00.9,09,038,3,2022-09-08
039972,22,251,02,00,64,+27,+37.86571,-109.61485,00.8,09,040,3,2022-09-08
039972,22,251,04,00,08,+26,+37.86580,-109.61479,00.8,10,040,3,2022-09-08
039972,22,251,06,00,38,+26,+37.86645,-109.61492,01.0,09,038,3,2022-09-08
039972,22,251,08,00,56,+34,+37.87636,-109.61396,00.9,09,038,3,2022-09-08
039972,22,251,12,00,06,+36,+37.87687,-109.61420,01.3,05,038,3,2022-09-08
039972,22,251,14,00,04,+36,+37.87632,-109.61399,01.8,05,041,3,2022-09-08
039972,22,251,16,00,10,+39,+37.87665,-109.61407,01.6,06,040,3,2022-09-08
039972,22,252,00,01,44,+26,+37.87291,-109.61678,01.1,05,056,3,2022-09-09
039972,22,252,02,00,24,+26,+37.87030,-109.61941,01.3,07,040,3,2022-09-09
039972,22,252,04,00,10,+25,+37.87039,-109.61918,02.1,06,038,3,2022-09-09
039972,22,252,08,00,72,+23,+37.86706,-109.61889,01.1,07,038,3,2022-09-09
039972,22,252,14,00,66,+33,+37.86903,-109.62108,01.3,06,038,3,2022-09-09
039972,22,252,16,00,44,+33,+37.86875,-109.61985,01.6,06,038,3,2022-09-09
039972,22,253,02,01,54,+24,+37.86772,-109.62009,00.9,08,046,3,2022-09-10
039972,22,253,08,00,72,+29,+37.86877,-109.62000,01.2,09,038,3,2022-09-10
039972,22,253,12,00,36,+32,+37.86750,-109.61917,01.2,06,041,3,2022-09-10
039972,22,253,16,00,68,+30,+37.86789,-109.61994,01.6,06,038,3,2022-09-10
039972,22,253,22,00,30,+25,+37.87096,-109.62038,01.0,06,050,3,2022-09-10
039972,22,254,00,00,60,+19,+37.87123,-109.61935,00.9,09,038,3,2022-09-11
039972,22,254,02,00,36,+20,+37.87105,-109.62028,00.9,08,037,3,2022-09-11
039972,22,254,04,00,28,+22,+37.87111,-109.61958,01.3,07,040,3,2022-09-11
039972,22,254,06,00,24,+18,+37.87101,-109.61987,01.3,07,039,3,2022-09-11
039972,22,254,08,00,84,+25,+37.87270,-109.61967,01.1,09,040,3,2022-09-11
039972,22,255,00,01,74,+23,+37.86936,-109.62023,01.2,07,038,3,2022-09-12
039972,22,255,02,00,54,+25,+37.86904,-109.62015,01.3,06,037,3,2022-09-12
039972,22,255,04,00,26,+24,+37.86886,-109.61967,00.8,09,040,3,2022-09-12
039972,22,255,08,00,92,+25,+37.87085,-109.61894,01.1,07,038,3,2022-09-12
039972,22,255,10,00,46,+30,+37.87083,-109.61880,01.2,06,058,3,2022-09-12
039972,22,255,12,00,32,+35,+37.87130,-109.61941,01.2,06,038,3,2022-09-12
039972,22,255,16,00,50,+25,+37.86717,-109.61912,01.5,06,038,3,2022-09-12
039972,22,255,22,00,32,+24,+37.86899,-109.62029,01.1,06,050,3,2022-09-12
039972,22,256,12,01,40,+28,+37.86802,-109.61904,01.1,06,038,3,2022-09-13
039972,22,256,20,00,80,+20,+37.87235,-109.61983,01.1,06,045,3,2022-09-13
039972,22,257,00,00,34,+25,+37.87220,-109.61981,01.3,09,053,3,2022-09-14
039972,22,257,02,00,34,+20,+37.87224,-109.61986,00.8,09,040,3,2022-09-14
039972,22,257,04,00,30,+22,+37.87236,-109.61987,01.6,06,040,3,2022-09-14
039972,22,257,20,01,84,+23,+37.87149,-109.62011,01.0,07,058,3,2022-09-14
039972,22,258,00,00,38,+21,+37.87139,-109.61985,01.2,07,038,3,2022-09-15
039972,22,258,02,00,76,+22,+37.87136,-109.61967,00.8,09,039,3,2022-09-15
039972,22,258,04,00,44,+21,+37.87162,-109.61978,01.5,07,041,3,2022-09-15
039972,22,258,06,00,30,+23,+37.87160,-109.61959,01.4,07,039,3,2022-09-15
039972,22,258,08,00,90,+23,+37.87174,-109.61965,01.0,07,038,3,2022-09-15
039972,22,258,10,00,32,+29,+37.87219,-109.61967,01.1,06,040,3,2022-09-15
039972,22,258,12,00,22,+28,+37.87186,-109.61979,01.1,06,038,3,2022-09-15
039972,22,258,16,00,94,+29,+37.86819,-109.62002,01.1,06,053,3,2022-09-15
039972,22,258,22,00,52,+19,+37.87252,-109.61937,01.3,06,038,3,2022-09-15
039972,22,259,00,00,40,+19,+37.87217,-109.61978,01.1,08,037,3,2022-09-16
039972,22,259,02,00,76,+20,+37.87220,-109.61986,00.9,08,040,3,2022-09-16
039972,22,259,04,00,46,+17,+37.87216,-109.61975,01.2,07,040,3,2022-09-16
039972,22,259,06,00,44,+18,+37.87216,-109.61963,01.4,07,038,3,2022-09-16
039972,22,259,08,00,74,+24,+37.87459,-109.61872,01.1,07,038,3,2022-09-16
039972,22,259,10,00,32,+27,+37.87450,-109.61912,01.1,07,041,3,2022-09-16
039972,22,259,12,00,56,+30,+37.87010,-109.62011,01.3,05,038,3,2022-09-16
039972,22,259,20,01,74,+21,+37.87223,-109.61972,01.2,06,051,3,2022-09-16
039972,22,259,22,00,38,+16,+37.87216,-109.61981,01.3,06,039,3,2022-09-16
039972,22,260,00,00,34,+18,+37.87223,-109.61952,00.9,09,038,3,2022-09-17
039972,22,260,04,00,26,+18,+37.87195,-109.61965,01.2,07,053,3,2022-09-17
039972,22,260,06,00,26,+18,+37.87163,-109.61973,01.1,08,040,3,2022-09-17
039972,22,260,08,00,94,+21,+37.86916,-109.61994,00.9,08,038,3,2022-09-17
039972,22,260,12,00,42,+31,+37.86662,-109.61899,01.0,05,047,3,2022-09-17
039972,22,260,20,01,66,+22,+37.87220,-109.61986,01.4,05,057,3,2022-09-17
039972,22,260,22,00,40,+19,+37.87212,-109.61979,02.6,05,057,3,2022-09-17
039972,22,261,00,00,36,+21,+37.87211,-109.61994,01.1,08,040,3,2022-09-18
039972,22,261,02,00,74,+23,+37.87238,-109.61985,01.0,07,038,3,2022-09-18
039972,22,261,04,00,22,+27,+37.87226,-109.61986,01.2,07,039,3,2022-09-18
039972,22,261,06,00,26,+21,+37.87221,-109.61971,02.0,05,038,3,2022-09-18
039972,22,261,12,00,18,+37,+37.87211,-109.61979,01.1,06,038,3,2022-09-18
039972,22,261,16,00,94,+30,+37.86751,-109.61916,01.3,06,038,3,2022-09-18
039972,22,262,00,00,32,+24,+37.87224,-109.61985,01.0,09,038,3,2022-09-19
039972,22,262,02,00,70,+16,+37.87200,-109.61988,01.0,07,040,3,2022-09-19
039972,22,262,06,00,32,+18,+37.87204,-109.61979,01.1,08,038,3,2022-09-19
039972,22,262,10,00,56,+30,+37.87198,-109.61965,01.1,06,055,3,2022-09-19
039972,22,262,12,00,26,+35,+37.86996,-109.61988,01.1,06,038,3,2022-09-19
039972,22,262,16,00,76,+39,+37.86814,-109.61948,01.3,06,053,3,2022-09-19
039972,22,262,18,00,92,+30,+37.86943,-109.61846,01.5,05,038,3,2022-09-19
039972,22,262,22,00,30,+28,+37.86959,-109.61975,01.7,06,038,3,2022-09-19
039972,22,263,00,00,42,+25,+37.86903,-109.61872,01.0,08,038,3,2022-09-20
039972,22,263,02,00,78,+26,+37.86932,-109.61883,01.1,07,038,3,2022-09-20
039972,22,263,04,00,28,+29,+37.86890,-109.61866,01.1,07,038,3,2022-09-20
039972,22,263,06,00,38,+23,+37.86927,-109.61851,01.0,09,040,3,2022-09-20
039972,22,263,08,00,82,+23,+37.86813,-109.61819,00.9,08,038,3,2022-09-20
039972,22,263,10,00,50,+25,+37.86854,-109.61785,01.0,06,039,3,2022-09-20
039972,22,263,14,00,70,+26,+37.86764,-109.61836,03.3,05,038,3,2022-09-20
039972,22,263,16,00,90,+25,+37.87186,-109.61531,00.9,08,038,3,2022-09-20
039972,22,263,20,00,80,+25,+37.87195,-109.61433,01.1,07,038,3,2022-09-20
039972,22,263,22,00,36,+23,+37.87179,-109.61447,00.8,09,039,3,2022-09-20
039972,22,264,00,00,30,+25,+37.87177,-109.61425,01.0,08,038,3,2022-09-21
039972,22,264,02,00,32,+25,+37.87179,-109.61434,00.9,08,040,3,2022-09-21
039972,22,264,04,00,28,+25,+37.87162,-109.61405,00.9,09,038,3,2022-09-21
039972,22,264,06,00,14,+25,+37.87254,-109.61411,01.0,09,038,3,2022-09-21
039972,22,264,08,00,96,+21,+37.87566,-109.61557,00.8,10,038,3,2022-09-21
039972,22,264,12,00,78,+26,+37.87420,-109.61664,01.1,06,038,3,2022-09-21
039972,22,264,14,00,32,+26,+37.87396,-109.61627,01.3,07,038,3,2022-09-21
039972,22,264,16,00,70,+27,+37.87347,-109.61630,01.0,07,038,3,2022-09-21
039972,22,264,20,00,88,+22,+37.86916,-109.61875,01.1,07,038,3,2022-09-21
039972,22,264,22,00,40,+25,+37.86914,-109.61901,00.9,08,039,3,2022-09-21
039972,22,265,00,00,32,+25,+37.86917,-109.61895,00.9,09,038,3,2022-09-22
039972,22,265,02,00,28,+23,+37.86921,-109.61880,01.1,06,040,3,2022-09-22
039972,22,265,04,00,26,+24,+37.86914,-109.61889,01.0,08,039,3,2022-09-22
039972,22,265,06,00,18,+22,+37.86968,-109.61901,01.2,07,038,3,2022-09-22
039972,22,265,08,00,90,+23,+37.87433,-109.61786,00.8,09,038,3,2022-09-22
039972,22,265,12,00,20,+40,+37.87356,-109.61734,01.1,06,038,3,2022-09-22
039972,22,265,14,00,32,+33,+37.87425,-109.61649,01.6,05,038,3,2022-09-22
039972,22,265,16,00,96,+34,+37.87460,-109.61814,02.0,06,038,3,2022-09-22
039972,22,265,18,00,88,+27,+37.87221,-109.61791,01.3,06,038,3,2022-09-22
039972,22,265,20,00,66,+25,+37.87466,-109.61746,00.9,08,038,3,2022-09-22
039972,22,265,22,00,22,+25,+37.87445,-109.61734,01.0,07,039,3,2022-09-22
039972,22,266,00,00,56,+24,+37.87389,-109.61727,01.0,08,038,3,2022-09-23
039972,22,266,04,00,22,+21,+37.87334,-109.61743,01.1,08,038,3,2022-09-23
039972,22,266,08,00,72,+23,+37.87126,-109.61786,00.8,09,038,3,2022-09-23
039972,22,266,10,00,64,+25,+37.86827,-109.61861,01.0,06,038,3,2022-09-23
039972,22,266,12,00,22,+29,+37.86806,-109.61842,01.4,05,040,3,2022-09-23
039972,22,266,14,00,48,+31,+37.86693,-109.61823,05.2,05,056,3,2022-09-23
039972,22,266,16,00,36,+30,+37.86781,-109.61971,01.0,07,038,3,2022-09-23
039972,22,266,20,00,80,+17,+37.87151,-109.61962,01.0,07,038,3,2022-09-23
039972,22,266,22,00,38,+15,+37.87145,-109.61979,01.0,07,038,3,2022-09-23
039972,22,267,00,00,78,+15,+37.87179,-109.61973,00.9,08,038,3,2022-09-24
039972,22,267,02,00,48,+14,+37.87155,-109.62001,01.1,07,039,3,2022-09-24
039972,22,267,04,00,24,+20,+37.87166,-109.61959,01.0,07,040,3,2022-09-24
039972,22,267,06,00,16,+16,+37.87170,-109.61975,01.2,07,038,3,2022-09-24
039972,22,267,10,00,78,+28,+37.87630,-109.61874,01.4,04,053,3,2022-09-24
039972,22,267,16,00,62,+29,+37.87223,-109.61931,01.0,07,038,3,2022-09-24
039972,22,267,22,00,50,+18,+37.86968,-109.62011,01.9,06,038,3,2022-09-24
039972,22,268,00,00,40,+19,+37.86907,-109.62025,01.1,08,039,3,2022-09-25
039972,22,268,02,00,62,+19,+37.86917,-109.62034,01.2,07,040,3,2022-09-25
039972,22,268,04,00,28,+16,+37.86905,-109.61996,00.9,09,040,3,2022-09-25
039972,22,268,06,00,20,+17,+37.86920,-109.62004,01.2,07,038,3,2022-09-25
039972,22,268,08,00,76,+32,+37.86957,-109.62253,00.8,10,038,3,2022-09-25
039972,22,268,12,00,30,+29,+37.87013,-109.62338,01.1,06,038,3,2022-09-25
039972,22,268,14,00,28,+30,+37.87187,-109.62400,02.7,06,042,3,2022-09-25
039972,22,268,16,00,76,+31,+37.87410,-109.62505,01.1,06,038,3,2022-09-25
039972,22,268,20,00,62,+24,+37.87461,-109.62427,00.9,08,038,3,2022-09-25
039972,22,268,22,00,32,+24,+37.87463,-109.62412,01.0,07,038,3,2022-09-25
039972,22,269,00,00,40,+18,+37.87466,-109.62380,00.8,10,039,3,2022-09-26
039972,22,269,02,00,26,+18,+37.87467,-109.62375,01.0,07,040,3,2022-09-26
039972,22,269,04,00,24,+25,+37.87479,-109.62383,01.0,09,040,3,2022-09-26
039972,22,269,06,00,28,+24,+37.87441,-109.62345,01.3,06,038,3,2022-09-26
039972,22,269,08,00,64,+23,+37.86573,-109.61954,01.3,08,038,3,2022-09-26
039972,22,269,12,00,22,+33,+37.86640,-109.61933,01.3,06,053,3,2022-09-26
039972,22,269,14,00,82,+39,+37.87559,-109.62509,01.9,07,038,3,2022-09-26
039972,22,269,16,00,72,+31,+37.87481,-109.62501,01.0,08,041,3,2022-09-26
039972,22,269,18,00,84,+27,+37.87396,-109.62338,01.2,06,038,3,2022-09-26
039972,22,269,20,00,62,+24,+37.87465,-109.62397,00.9,07,038,3,2022-09-26
039972,22,269,22,00,26,+22,+37.87463,-109.62406,01.0,08,038,3,2022-09-26
039972,22,270,00,00,86,+20,+37.87419,-109.62494,00.8,10,038,3,2022-09-27
039972,22,270,02,00,34,+24,+37.87469,-109.62383,00.9,08,040,3,2022-09-27
039972,22,270,04,00,16,+25,+37.87469,-109.62383,00.9,10,038,3,2022-09-27
039972,22,270,06,00,22,+25,+37.87515,-109.62368,01.1,08,038,3,2022-09-27
039972,22,270,08,00,82,+30,+37.87112,-109.62463,01.4,07,038,3,2022-09-27
039972,22,270,10,00,22,+30,+37.87062,-109.62436,00.7,09,040,3,2022-09-27
039972,22,270,12,00,18,+34,+37.86574,-109.62328,00.9,07,038,3,2022-09-27
039972,22,270,14,00,92,+31,+37.85803,-109.62368,02.2,06,038,3,2022-09-27
039972,22,270,16,00,74,+30,+37.85987,-109.62474,01.3,06,038,3,2022-09-27
039972,22,270,18,00,98,+25,+37.86327,-109.62399,01.2,06,039,3,2022-09-27
039972,22,270,22,00,38,+21,+37.86478,-109.62394,01.0,07,038,3,2022-09-27
039972,22,271,00,00,40,+20,+37.86342,-109.62421,01.4,07,038,3,2022-09-28
039972,22,271,02,00,76,+23,+37.86334,-109.62394,01.2,06,040,3,2022-09-28
039972,22,271,04,00,24,+23,+37.86329,-109.62417,01.0,08,040,3,2022-09-28
039972,22,271,06,00,20,+26,+37.86302,-109.62361,01.1,08,038,3,2022-09-28
039972,22,271,12,00,22,+31,+37.86287,-109.62911,00.9,07,038,3,2022-09-28
039972,22,271,18,00,96,+24,+37.85477,-109.62423,01.5,05,038,3,2022-09-28
039972,22,271,22,00,40,+21,+37.85443,-109.62467,01.2,06,038,3,2022-09-28
039972,22,272,04,01,20,+23,+37.85461,-109.62471,01.2,07,055,3,2022-09-29
039972,22,272,06,00,30,+20,+37.85452,-109.62458,01.3,07,038,3,2022-09-29
039972,22,272,10,00,62,+28,+37.86507,-109.62873,00.9,07,038,3,2022-09-29
039972,22,272,12,00,28,+32,+37.86499,-109.62741,01.0,06,038,3,2022-09-29
039972,22,272,14,00,26,+31,+37.86524,-109.62745,02.1,06,041,3,2022-09-29
039972,22,272,16,00,56,+28,+37.86133,-109.62566,01.2,06,038,3,2022-09-29
039972,22,272,18,00,96,+26,+37.86593,-109.62822,01.2,06,038,3,2022-09-29
039972,22,272,20,00,64,+25,+37.87036,-109.63203,01.0,07,038,3,2022-09-29
039972,22,272,22,00,54,+24,+37.87029,-109.63154,01.0,08,040,3,2022-09-29
039972,22,273,00,00,24,+25,+37.87034,-109.63114,00.9,09,038,3,2022-09-30
039972,22,273,02,00,54,+25,+37.87083,-109.63146,00.9,08,038,3,2022-09-30
039972,22,273,04,00,12,+24,+37.87050,-109.63139,00.8,10,038,3,2022-09-30
039972,22,273,06,00,26,+24,+37.87041,-109.63131,01.1,09,038,3,2022-09-30
039972,22,273,08,00,52,+25,+37.87171,-109.63288,01.3,08,040,3,2022-09-30
039972,22,273,10,00,82,+31,+37.87051,-109.63135,00.9,07,038,3,2022-09-30
039972,22,273,14,00,84,+28,+37.86357,-109.63020,04.4,05,046,3,2022-09-30
039972,22,273,16,00,56,+22,+37.86545,-109.62965,01.2,06,038,3,2022-09-30
039972,22,273,18,00,98,+19,+37.86499,-109.62944,01.1,06,055,3,2022-09-30
039972,22,274,02,00,22,+20,+37.86570,-109.63013,01.0,08,045,3,2022-10-01
039972,22,274,04,00,16,+25,+37.86561,-109.63024,01.0,08,040,3,2022-10-01
039972,22,274,06,00,20,+19,+37.86583,-109.63037,01.8,06,038,3,2022-10-01
039972,22,274,12,00,30,+25,+37.86842,-109.62828,01.4,06,042,3,2022-10-01
039972,22,274,14,00,88,+32,+37.87106,-109.62745,02.0,05,038,3,2022-10-01
039972,22,275,00,01,26,+21,+37.87258,-109.62728,01.4,06,052,3,2022-10-02
039972,22,275,02,00,24,+22,+37.87258,-109.62736,01.2,06,044,3,2022-10-02
039972,22,275,04,00,22,+23,+37.87252,-109.62754,01.2,07,039,3,2022-10-02
039972,22,275,06,00,20,+23,+37.87250,-109.62734,01.6,06,040,3,2022-10-02
039972,22,275,08,00,52,+23,+37.87613,-109.62787,01.6,06,058,3,2022-10-02
039972,22,275,14,00,60,+35,+37.86339,-109.62444,02.0,05,050,3,2022-10-02
039972,22,275,16,00,64,+26,+37.86323,-109.62448,01.2,06,040,3,2022-10-02
039972,22,275,20,00,44,+20,+37.86612,-109.62591,01.1,06,038,3,2022-10-02
039972,22,275,22,00,72,+20,+37.86672,-109.62493,01.1,07,039,3,2022-10-02
039972,22,276,00,00,46,+21,+37.86640,-109.62516,01.2,06,040,3,2022-10-03
039972,22,276,02,00,20,+25,+37.86642,-109.62484,01.2,06,040,3,2022-10-03
039972,22,276,04,00,14,+21,+37.86627,-109.62473,01.4,06,039,3,2022-10-03
039972,22,276,08,00,90,+18,+37.86506,-109.62444,01.4,06,038,3,2022-10-03
039972,22,276,14,00,82,+30,+37.86928,-109.62479,01.3,06,038,3,2022-10-03
039972,22,276,18,00,96,+24,+37.87563,-109.62372,01.0,07,039,3,2022-10-03
039972,22,276,20,00,58,+20,+37.87472,-109.62385,00.9,08,039,3,2022-10-03
039972,22,276,22,00,18,+20,+37.87475,-109.62394,01.4,08,038,3,2022-10-03
039972,22,277,02,00,78,+19,+37.87478,-109.62377,00.9,08,038,3,2022-10-04
039972,22,277,04,00,18,+21,+37.87473,-109.62377,00.8,10,038,3,2022-10-04
039972,22,277,06,00,16,+22,+37.87477,-109.62371,00.8,10,038,3,2022-10-04
039972,22,277,10,00,48,+28,+37.87685,-109.62332,00.9,06,038,3,2022-10-04
039972,22,277,12,00,16,+36,+37.87681,-109.62338,01.2,07,038,3,2022-10-04
039972,22,277,14,00,66,+26,+37.86610,-109.61946,01.8,06,039,3,2022-10-04
039972,22,277,16,00,66,+25,+37.87080,-109.61998,01.3,06,038,3,2022-10-04
039972,22,277,18,00,94,+25,+37.87387,-109.62385,01.0,07,038,3,2022-10-04
039972,22,277,22,00,38,+25,+37.87477,-109.62445,00.8,10,038,3,2022-10-04
039972,22,278,00,00,66,+19,+37.87564,-109.62440,00.8,09,038,3,2022-10-05
039972,22,278,02,00,68,+21,+37.87474,-109.62374,01.0,08,039,3,2022-10-05
039972,22,278,04,00,26,+20,+37.87476,-109.62374,01.0,09,038,3,2022-10-05
039972,22,278,06,00,26,+20,+37.87476,-109.62381,00.7,11,038,3,2022-10-05
039972,22,278,08,00,72,+24,+37.87303,-109.62353,01.1,08,038,3,2022-10-05
039972,22,278,10,00,52,+40,+37.87476,-109.62284,01.0,06,038,3,2022-10-05
039972,22,278,12,00,14,+28,+37.87464,-109.62303,01.2,07,038,3,2022-10-05
039972,22,278,14,00,30,+30,+37.87676,-109.62187,01.0,07,038,3,2022-10-05
039972,22,278,16,00,26,+29,+37.87577,-109.62364,01.0,07,040,3,2022-10-05
039972,22,278,18,00,96,+23,+37.87657,-109.62450,01.0,07,038,3,2022-10-05
039972,22,278,20,00,90,+20,+37.87448,-109.62455,00.9,07,038,3,2022-10-05
039972,22,278,22,00,60,+20,+37.87367,-109.62456,00.8,10,038,3,2022-10-05
039972,22,279,02,00,24,+20,+37.87471,-109.62383,00.9,08,038,3,2022-10-06
039972,22,279,04,00,18,+19,+37.87469,-109.62380,00.8,10,038,3,2022-10-06
039972,22,279,06,00,16,+19,+37.87469,-109.62380,00.7,11,038,3,2022-10-06
039972,22,279,08,00,84,+21,+37.86340,-109.62469,01.7,06,038,3,2022-10-06
039972,22,279,10,00,96,+28,+37.86052,-109.62399,00.9,07,038,3,2022-10-06
039972,22,279,12,00,28,+29,+37.86055,-109.62517,01.5,06,058,3,2022-10-06
039972,22,279,20,00,72,+23,+37.86046,-109.62414,01.1,06,038,3,2022-10-06
039972,22,280,00,00,92,+19,+37.86003,-109.62500,01.1,06,038,3,2022-10-07
039972,22,280,02,00,44,+22,+37.86051,-109.62479,01.3,06,057,3,2022-10-07
039972,22,280,04,00,32,+24,+37.86024,-109.62450,01.2,07,038,3,2022-10-07
039972,22,280,06,00,28,+18,+37.86058,-109.62467,00.9,10,039,3,2022-10-07
039972,22,280,08,00,60,+22,+37.87021,-109.62492,01.0,09,040,3,2022-10-07
039972,22,280,10,00,28,+27,+37.87286,-109.62303,01.7,06,038,3,2022-10-07
039972,22,280,12,00,54,+27,+37.87354,-109.62286,01.3,06,041,3,2022-10-07
039972,22,280,16,00,72,+34,+37.87584,-109.62539,01.1,06,038,3,2022-10-07
039972,22,280,20,00,70,+24,+37.87473,-109.62387,01.0,07,038,3,2022-10-07
039972,22,280,22,00,28,+20,+37.87472,-109.62398,00.8,10,040,3,2022-10-07
039972,22,281,00,00,30,+23,+37.87446,-109.62412,00.8,09,038,3,2022-10-08
039972,22,281,02,00,90,+21,+37.87606,-109.62452,00.9,08,040,3,2022-10-08
039972,22,281,04,00,22,+21,+37.87597,-109.62454,00.9,09,038,3,2022-10-08
039972,22,281,06,00,14,+21,+37.87596,-109.62446,00.7,11,038,3,2022-10-08
039972,22,281,08,00,74,+21,+37.87769,-109.62326,01.0,09,038,3,2022-10-08
039972,22,281,10,00,58,+26,+37.87676,-109.62192,00.9,07,038,3,2022-10-08
039972,22,281,20,01,86,+22,+37.87460,-109.62478,01.1,06,053,3,2022-10-08
039972,22,281,22,00,30,+23,+37.87467,-109.62458,01.7,05,041,3,2022-10-08
039972,22,282,02,00,88,+20,+37.87443,-109.62539,01.3,04,038,3,2022-10-09
039972,22,282,04,00,34,+19,+37.87429,-109.62526,02.0,06,040,3,2022-10-09
039972,22,282,06,00,26,+19,+37.87441,-109.62505,00.9,09,038,3,2022-10-09
039972,22,282,08,00,68,+25,+37.87527,-109.62554,01.2,07,038,3,2022-10-09
039972,22,282,10,00,64,+26,+37.87639,-109.62464,00.9,08,038,3,2022-10-09
039972,22,282,12,00,20,+30,+37.87633,-109.62467,00.9,09,038,3,2022-10-09
039972,22,282,14,00,52,+25,+37.87588,-109.62538,01.0,07,038,3,2022-10-09
039972,22,282,16,00,68,+25,+37.87578,-109.62511,01.0,06,058,3,2022-10-09
039972,22,282,18,00,76,+25,+37.87383,-109.62387,01.0,08,039,3,2022-10-09
039972,22,282,20,00,50,+21,+37.87476,-109.62387,01.0,07,040,3,2022-10-09
039972,22,282,22,00,18,+20,+37.87477,-109.62393,01.3,09,038,3,2022-10-09
039972,22,283,00,00,16,+25,+37.87468,-109.62393,00.9,06,039,3,2022-10-10
039972,22,283,04,00,44,+25,+37.87433,-109.62463,01.3,08,038,3,2022-10-10
039972,22,283,06,00,26,+19,+37.87437,-109.62454,00.7,12,038,3,2022-10-10
039972,22,283,08,00,64,+20,+37.86054,-109.62320,01.0,10,038,3,2022-10-10
039972,22,283,10,00,94,+30,+37.86069,-109.62593,01.1,07,038,3,2022-10-10
039972,22,283,14,00,22,+26,+37.86026,-109.62658,00.9,09,038,3,2022-10-10
039972,22,283,16,00,78,+26,+37.85827,-109.62374,01.4,06,038,3,2022-10-10
039972,22,283,20,00,56,+17,+37.86177,-109.62442,00.9,07,038,3,2022-10-10
039972,22,283,22,00,24,+22,+37.86180,-109.62437,01.2,08,038,3,2022-10-10
039972,22,284,02,00,56,+14,+37.86019,-109.62511,01.1,06,038,3,2022-10-11
039972,22,284,04,00,36,+26,+37.86051,-109.62509,01.5,06,039,3,2022-10-11
039972,22,284,06,00,24,+21,+37.86066,-109.62506,01.5,06,044,3,2022-10-11
039972,22,284,08,00,40,+25,+37.86657,-109.62812,00.8,11,038,3,2022-10-11
039972,22,284,10,00,46,+29,+37.87026,-109.63176,00.9,08,038,3,2022-10-11
039972,22,284,12,00,38,+28,+37.87063,-109.63135,00.9,09,040,3,2022-10-11
039972,22,284,14,00,38,+33,+37.87235,-109.63022,01.0,08,038,3,2022-10-11
039972,22,284,22,01,18,+19,+37.86676,-109.62985,01.3,07,056,3,2022-10-11
039972,22,285,04,00,72,+15,+37.86600,-109.62467,01.0,08,047,3,2022-10-12
039972,22,285,12,01,22,+34,+37.86930,-109.62311,01.7,06,052,3,2022-10-12
039972,22,285,14,00,30,+34,+37.86854,-109.62368,01.3,06,038,3,2022-10-12
039972,22,285,16,00,86,+30,+37.86898,-109.62433,01.5,06,040,3,2022-10-12
039972,22,285,18,00,62,+24,+37.86867,-109.62406,01.2,07,038,3,2022-10-12
039972,22,285,20,00,42,+21,+37.86947,-109.62347,00.9,06,038,3,2022-10-12
039972,22,285,22,00,20,+26,+37.86934,-109.62345,00.9,08,041,3,2022-10-12
039972,22,286,00,00,22,+21,+37.86946,-109.62349,00.8,09,038,3,2022-10-13
039972,22,286,02,00,84,+16,+37.86879,-109.62360,01.4,06,038,3,2022-10-13
039972,22,286,04,00,28,+26,+37.86890,-109.62345,01.5,06,044,3,2022-10-13
039972,22,286,06,00,14,+23,+37.86942,-109.62357,01.0,08,038,3,2022-10-13
039972,22,286,08,00,62,+22,+37.86886,-109.62269,01.2,08,038,3,2022-10-13
039972,22,286,10,00,64,+25,+37.86677,-109.61956,01.2,06,051,3,2022-10-13
039972,22,286,14,00,52,+35,+37.87208,-109.62248,01.3,06,038,3,2022-10-13
039972,22,286,20,00,52,+20,+37.87439,-109.62461,00.9,09,038,3,2022-10-13
039972,22,286,22,00,30,+18,+37.87445,-109.62448,00.9,09,040,3,2022-10-13
039972,22,287,00,00,60,+14,+37.87467,-109.62422,00.7,11,037,3,2022-10-14
039972,22,287,02,00,68,+18,+37.87521,-109.62278,00.8,09,038,3,2022-10-14
039972,22,287,04,00,36,+25,+37.87449,-109.62271,01.1,08,040,3,2022-10-14
039972,22,287,06,00,16,+21,+37.87453,-109.62261,00.9,10,038,3,2022-10-14
039972,22,287,08,00,48,+24,+37.87616,-109.62280,00.7,12,038,3,2022-10-14
039972,22,287,10,00,26,+28,+37.87914,-109.62212,01.2,07,038,3,2022-10-14
039972,22,287,12,00,12,+40,+37.87923,-109.62227,00.9,09,038,3,2022-10-14
039972,22,287,14,00,36,+33,+37.87484,-109.62259,01.0,07,040,3,2022-10-14
039972,22,287,16,00,74,+31,+37.87192,-109.62297,01.0,07,038,3,2022-10-14
039972,22,287,22,00,30,+21,+37.86328,-109.62448,01.1,08,049,3,2022-10-14
039972,22,288,00,00,26,+16,+37.86327,-109.62458,00.9,09,038,3,2022-10-15
039972,22,288,02,00,94,+14,+37.86327,-109.62444,01.0,07,040,3,2022-10-15
039972,22,288,04,00,24,+18,+37.86329,-109.62445,01.1,08,038,3,2022-10-15
039972,22,288,06,00,22,+16,+37.86340,-109.62445,01.2,07,038,3,2022-10-15
039972,22,288,08,00,58,+22,+37.87042,-109.62509,00.8,11,038,3,2022-10-15
039972,22,288,10,00,64,+29,+37.87502,-109.62585,00.9,08,038,3,2022-10-15
039972,22,288,12,00,14,+34,+37.87511,-109.62581,01.4,07,038,3,2022-10-15
039972,22,288,16,00,70,+31,+37.87622,-109.62444,01.2,07,038,3,2022-10-15
039972,22,288,18,00,88,+21,+37.87463,-109.62334,00.9,07,040,3,2022-10-15
039972,22,288,20,00,46,+29,+37.87460,-109.62234,00.7,11,038,3,2022-10-15
039972,22,288,22,00,18,+25,+37.87459,-109.62248,01.1,08,038,3,2022-10-15
039972,22,289,00,00,16,+23,+37.87463,-109.62261,00.7,10,040,3,2022-10-16
039972,22,289,02,00,70,+19,+37.87421,-109.62364,00.8,09,038,3,2022-10-16
039972,22,289,04,00,30,+24,+37.87474,-109.62387,01.0,09,039,3,2022-10-16
039972,22,289,06,00,10,+15,+37.87467,-109.62385,00.8,09,038,3,2022-10-16
039972,22,289,08,00,84,+21,+37.87765,-109.62319,00.9,09,038,3,2022-10-16
039972,22,289,10,00,54,+28,+37.87245,-109.62273,01.2,06,038,3,2022-10-16
039972,22,289,12,00,36,+28,+37.87025,-109.62175,01.4,07,038,3,2022-10-16
039972,22,289,20,00,62,+19,+37.85919,-109.62715,02.2,06,045,3,2022-10-16
039972,22,289,22,00,24,+20,+37.85993,-109.62740,00.9,09,039,3,2022-10-16
039972,22,290,04,00,56,+17,+37.86166,-109.62578,01.2,08,049,3,2022-10-17
039972,22,290,06,00,18,+14,+37.86172,-109.62586,00.9,09,040,3,2022-10-17
039972,22,290,08,00,34,+23,+37.86316,-109.62853,00.7,12,038,3,2022-10-17
039972,22,290,10,00,28,+24,+37.86547,-109.62799,01.0,07,038,3,2022-10-17
039972,22,290,14,00,18,+27,+37.86581,-109.62765,00.9,08,038,3,2022-10-17
039972,22,290,16,00,56,+26,+37.86697,-109.63120,01.2,07,038,3,2022-10-17
039972,22,290,20,00,54,+17,+37.87004,-109.63176,00.7,10,038,3,2022-10-17
039972,22,290,22,00,14,+19,+37.87014,-109.63171,00.9,09,038,3,2022-10-17
039972,22,291,00,00,30,+17,+37.86985,-109.63163,00.7,10,038,3,2022-10-18
039972,22,291,02,00,30,+16,+37.86873,-109.63059,00.9,07,038,3,2022-10-18
039972,22,291,04,00,66,+20,+37.86950,-109.63188,01.1,08,040,3,2022-10-18
039972,22,291,10,00,92,+25,+37.88174,-109.64071,01.0,07,038,3,2022-10-18
039972,22,291,12,00,64,+25,+37.88354,-109.63917,01.0,08,040,3,2022-10-18
039972,22,291,14,00,16,+30,+37.88342,-109.63912,00.8,09,038,3,2022-10-18
039972,22,291,16,00,54,+30,+37.88269,-109.63604,01.1,08,038,3,2022-10-18
039972,22,291,18,00,94,+21,+37.88378,-109.63537,01.0,07,038,3,2022-10-18
039972,22,291,20,00,36,+19,+37.88363,-109.63598,00.9,08,040,3,2022-10-18
039972,22,291,22,00,18,+18,+37.88366,-109.63612,01.1,08,038,3,2022-10-18
039972,22,292,00,00,14,+21,+37.88366,-109.63613,00.9,09,038,3,2022-10-19
039972,22,292,02,00,66,+17,+37.88364,-109.63602,00.9,08,040,3,2022-10-19
039972,22,292,04,00,24,+17,+37.88341,-109.63687,01.0,09,038,3,2022-10-19
039972,22,292,06,00,14,+16,+37.88338,-109.63680,01.0,08,038,3,2022-10-19
039972,22,292,08,00,36,+23,+37.88303,-109.63627,00.7,12,038,3,2022-10-19
039972,22,292,10,00,16,+25,+37.88296,-109.63630,00.9,08,038,3,2022-10-19
039972,22,292,12,00,34,+28,+37.87720,-109.63806,01.8,06,038,3,2022-10-19
039972,22,292,14,00,34,+28,+37.87921,-109.63665,00.9,08,038,3,2022-10-19
039972,22,292,20,00,96,+15,+37.88148,-109.63673,00.7,11,038,3,2022-10-19
039972,22,292,22,00,70,+20,+37.88356,-109.63610,01.1,08,039,3,2022-10-19
039972,22,293,00,00,14,+26,+37.88364,-109.63600,01.1,07,042,3,2022-10-20
039972,22,293,02,00,78,+13,+37.88788,-109.63581,00.9,09,040,3,2022-10-20
039972,22,293,04,00,34,+12,+37.88767,-109.63568,01.0,09,038,3,2022-10-20
039972,22,293,06,00,14,+13,+37.88775,-109.63546,01.0,08,040,3,2022-10-20
039972,22,293,08,00,66,+17,+37.88824,-109.63485,00.8,10,038,3,2022-10-20
039972,22,293,10,00,28,+27,+37.88860,-109.63551,00.9,08,039,3,2022-10-20
039972,22,293,12,00,12,+29,+37.88846,-109.63539,02.7,06,038,3,2022-10-20
039972,22,293,14,00,46,+30,+37.88497,-109.63462,00.9,08,040,3,2022-10-20
039972,22,293,16,00,44,+29,+37.88269,-109.63536,00.9,09,038,3,2022-10-20
039972,22,293,18,00,98,+22,+37.88130,-109.63696,01.2,08,038,3,2022-10-20
039972,22,293,20,00,34,+22,+37.88289,-109.63634,00.7,11,038,3,2022-10-20
039972,22,293,22,00,14,+20,+37.88291,-109.63635,01.2,08,038,3,2022-10-20
039972,22,294,02,00,34,+19,+37.88286,-109.63816,00.8,09,039,3,2022-10-21
039972,22,294,04,00,54,+21,+37.88339,-109.63684,01.1,08,039,3,2022-10-21
039972,22,294,06,00,08,+19,+37.88333,-109.63686,00.9,09,038,3,2022-10-21
039972,22,294,08,00,70,+22,+37.88746,-109.63459,00.8,10,038,3,2022-10-21
039972,22,294,10,00,24,+27,+37.88826,-109.63500,01.5,06,038,3,2022-10-21
039972,22,294,12,00,10,+30,+37.88832,-109.63500,01.9,05,038,3,2022-10-21
039972,22,294,14,00,52,+28,+37.87797,-109.63796,01.1,06,038,3,2022-10-21
039972,22,294,16,00,90,+23,+37.86376,-109.63612,01.2,06,038,3,2022-10-21
039972,22,294,18,00,94,+21,+37.88196,-109.63672,01.0,08,038,3,2022-10-21
039972,22,294,20,00,98,+21,+37.88523,-109.63307,00.8,10,038,3,2022-10-21
039972,22,294,22,00,44,+20,+37.88497,-109.63367,01.1,07,038,3,2022-10-21
039972,22,295,00,00,28,+18,+37.88396,-109.63340,01.0,08,058,3,2022-10-22
039972,22,295,02,00,22,+20,+37.88446,-109.63311,00.9,09,057,3,2022-10-22
039972,22,295,04,00,12,+23,+37.88450,-109.63299,00.9,10,040,3,2022-10-22
039972,22,295,06,00,10,+20,+37.88455,-109.63314,00.8,11,038,3,2022-10-22
039972,22,295,08,00,86,+20,+37.88583,-109.63537,00.8,10,038,3,2022-10-22
039972,22,295,10,00,48,+23,+37.88616,-109.63659,00.9,08,041,3,2022-10-22
039972,22,295,12,00,12,+26,+37.88616,-109.63652,01.1,09,040,3,2022-10-22
039972,22,295,14,00,46,+27,+37.88732,-109.63425,01.0,07,038,3,2022-10-22
039972,22,295,16,00,58,+25,+37.88696,-109.63228,00.9,08,038,3,2022-10-22
039972,22,295,18,00,92,+23,+37.88727,-109.63382,00.9,09,038,3,2022-10-22
039972,22,295,20,00,96,+21,+37.88406,-109.63381,00.8,09,038,3,2022-10-22
039972,22,296,00,00,18,+16,+37.88373,-109.63304,01.0,07,038,3,2022-10-23
039972,22,296,02,00,52,+16,+37.88460,-109.63312,01.1,08,038,3,2022-10-23
039972,22,296,04,00,18,+15,+37.88436,-109.63291,01.2,06,040,3,2022-10-23
039972,22,296,06,00,14,+17,+37.88453,-109.63304,00.8,10,039,3,2022-10-23
039972,22,296,08,00,52,+10,+37.88049,-109.63733,01.0,09,038,3,2022-10-23
039972,22,296,10,00,74,+14,+37.88096,-109.64145,00.9,08,038,3,2022-10-23
039972,22,296,12,00,90,+16,+37.88337,-109.63981,01.6,07,038,3,2022-10-23
039972,22,296,16,00,20,+13,+37.88336,-109.63838,01.0,06,038,3,2022-10-23
039972,22,296,18,00,76,+09,+37.88486,-109.63604,01.1,07,038,3,2022-10-23
039972,22,296,20,00,62,+11,+37.88818,-109.63455,00.9,08,041,3,2022-10-23
039972,22,296,22,00,26,+10,+37.88830,-109.63472,00.9,09,038,3,2022-10-23
039972,22,297,00,00,10,+13,+37.88826,-109.63466,00.9,08,040,3,2022-10-24
039972,22,297,02,00,16,+15,+37.88819,-109.63475,00.8,10,039,3,2022-10-24
039972,22,297,18,01,98,+12,+37.88209,-109.63606,01.3,04,039,3,2022-10-24
039972,22,297,20,00,36,+16,+37.88183,-109.63461,01.5,06,040,3,2022-10-24
039972,22,298,00,00,28,+13,+37.88182,-109.63476,01.1,05,038,3,2022-10-25
039972,22,298,02,00,20,+13,+37.88174,-109.63467,01.2,07,039,3,2022-10-25
039972,22,298,04,00,76,+10,+37.88173,-109.63468,01.3,06,038,3,2022-10-25
039972,22,298,06,00,14,+13,+37.88172,-109.63466,01.2,08,038,3,2022-10-25
039972,22,298,08,00,64,+24,+37.88148,-109.63703,01.0,07,038,3,2022-10-25
039972,22,298,12,00,42,+25,+37.88206,-109.63674,01.3,06,038,3,2022-10-25
039972,22,298,14,00,48,+25,+37.88015,-109.63592,01.5,06,038,3,2022-10-25
039972,22,298,16,00,90,+23,+37.88000,-109.63780,01.3,05,038,3,2022-10-25
039972,22,298,20,00,38,+18,+37.88334,-109.63842,00.9,08,038,3,2022-10-25
039972,22,299,00,00,16,+20,+37.88323,-109.63840,01.2,05,038,3,2022-10-26
039972,22,299,02,00,16,+16,+37.88332,-109.63833,01.0,08,040,3,2022-10-26
039972,22,299,04,00,10,+16,+37.88343,-109.63822,01.0,09,040,3,2022-10-26
039972,22,299,06,00,12,+17,+37.88324,-109.63827,00.8,09,039,3,2022-10-26
039972,22,299,08,00,76,+17,+37.88160,-109.63791,00.8,09,038,3,2022-10-26
039972,22,299,12,00,66,+26,+37.87836,-109.63848,01.3,07,038,3,2022-10-26
039972,22,299,14,00,64,+26,+37.88287,-109.63653,01.0,09,038,3,2022-10-26
039972,22,299,16,00,74,+20,+37.88047,-109.63755,01.0,07,038,3,2022-10-26
039972,22,299,20,00,42,+17,+37.87924,-109.63909,00.9,09,038,3,2022-10-26
039972,22,299,22,00,12,+17,+37.87931,-109.63906,00.8,10,038,3,2022-10-26
039972,22,300,00,00,16,+12,+37.87912,-109.63894,01.0,07,039,3,2022-10-27
039972,22,300,02,00,70,+13,+37.87910,-109.63874,00.8,10,038,3,2022-10-27
039972,22,300,04,00,28,+11,+37.87930,-109.63874,01.0,09,038,3,2022-10-27
039972,22,300,06,00,18,+11,+37.87996,-109.63878,00.9,09,038,3,2022-10-27
039972,22,300,08,00,32,+08,+37.88130,-109.63961,00.9,08,038,3,2022-10-27
039972,22,300,14,00,62,+13,+37.87306,-109.64414,00.9,08,038,3,2022-10-27
039972,22,300,18,00,98,+11,+37.86846,-109.64360,00.9,08,038,3,2022-10-27
039972,22,300,20,00,80,+09,+37.86830,-109.64487,00.9,09,038,3,2022-10-27
039972,22,300,22,00,24,+10,+37.86833,-109.64497,00.7,11,038,3,2022-10-27
039972,22,301,02,00,26,+07,+37.86820,-109.64479,01.3,07,038,3,2022-10-28
039972,22,301,04,00,16,+17,+37.86830,-109.64492,00.9,09,039,3,2022-10-28
039972,22,301,06,00,08,+22,+37.86830,-109.64495,01.1,09,038,3,2022-10-28
039972,22,301,08,00,56,+07,+37.86809,-109.64436,00.8,10,038,3,2022-10-28
039972,22,301,10,00,98,+23,+37.86735,-109.64455,01.3,07,038,3,2022-10-28
039972,22,301,14,00,22,+31,+37.86781,-109.64878,00.9,09,038,3,2022-10-28
039972,22,301,16,00,80,+21,+37.86650,-109.64385,01.0,07,038,3,2022-10-28
039972,22,301,18,00,96,+13,+37.86745,-109.64325,01.0,08,038,3,2022-10-28
039972,22,301,20,00,50,+11,+37.86828,-109.64502,00.9,09,039,3,2022-10-28
039972,22,302,16,01,50,+20,+37.86931,-109.64348,00.9,08,038,3,2022-10-29
039972,22,302,18,00,96,+16,+37.87891,-109.64131,01.3,07,038,3,2022-10-29
039972,22,302,20,00,36,+18,+37.87893,-109.64111,00.8,10,040,3,2022-10-29
039972,22,302,22,00,14,+17,+37.87914,-109.64125,00.8,09,038,3,2022-10-29
039972,22,303,00,00,22,+14,+37.87875,-109.64094,00.9,08,038,3,2022-10-30
039972,22,303,02,00,96,+14,+37.87851,-109.64141,00.9,09,040,3,2022-10-30
039972,22,303,04,00,12,+25,+37.87863,-109.64146,00.8,10,039,3,2022-10-30
039972,22,303,06,00,16,+16,+37.87852,-109.64140,00.9,10,038,3,2022-10-30
039972,22,303,08,00,68,+17,+37.87563,-109.64079,00.9,09,038,3,2022-10-30
039972,22,303,10,00,94,+21,+37.87174,-109.63659,01.2,08,038,3,2022-10-30
039972,22,303,14,00,44,+24,+37.87566,-109.63518,02.6,06,038,3,2022-10-30
039972,22,303,20,00,46,+17,+37.88336,-109.63678,00.9,09,038,3,2022-10-30
